1751012726350 0.8487486398258978 0
1751012726957 0.9555223068552775 1
1751012727584 0.9683079434167573 2
1751012728206 0.97810119695321 3
1751012728834 0.9812295973884657 4
1751012729467 0.9846300326441785 5
1751012730103 0.9854461371055495 6
1751012730741 0.9857181719260065 7
1751012731379 0.9851741022850925 8
1751012732014 0.9866702937976061 9
1751012732648 0.9891186071817193 10
1751012733279 0.9903427638737758 11
1751012733904 0.9897986942328618 12
1751012734537 0.9897986942328618 13
1751012735169 0.9923830250272034 14
1751012735803 0.9923830250272034 15
1751012736438 0.9918389553862894 16
1751012737076 0.9910228509249184 17
1751012737712 0.9914309031556039 18
1751012738350 0.9931991294885746 19
1751012738987 0.9936071817192601 20
1751012739623 0.9944232861806311 21
1751012740259 0.9952393906420022 22
1751012740896 0.9964635473340587 23
1751012741536 0.9948313384113167 24
1751012742176 0.9945593035908596 25
1751012742814 0.9959194776931447 26
1751012743452 0.9944232861806311 27
1751012744095 0.9953754080522307 28
1751012744747 0.9955114254624592 29
1751012745385 0.9965995647442872 30
1751012746024 0.9975516866158868 31
1751012746662 0.9965995647442872 32
1751012747302 0.9937431991294886 33
1751012747937 0.9952393906420022 34
1751012748574 0.9974156692056583 35
1751012749211 0.9979597388465724 36
1751012749851 0.9978237214363439 37
1751012750489 0.9945593035908596 38
1751012751130 0.9974156692056583 39
1751012751768 0.9964635473340587 40
1751012752411 0.9963275299238302 41
1751012753051 0.9979597388465724 42
1751012753688 0.9975516866158868 43
1751012754327 0.9976877040261154 44
1751012754965 0.9980957562568009 45
1751012755607 0.9971436343852013 46
1751012756247 0.9975516866158868 47
1751012756887 0.9974156692056583 48
1751012757529 0.9979597388465724 49
1751012758170 0.9919749727965179 50
1751012758814 0.9940152339499456 51
1751012759455 0.9982317736670294 52
1751012760098 0.9979597388465724 53
1751012760739 0.9955114254624592 54
1751012761383 0.9985038084874864 55
1751012762029 0.9975516866158868 56
1751012762678 0.9976877040261154 57
1751012763322 0.9963275299238302 58
1751012763589 0.9963275299238302 0
1751012726350 0.8487486398258978 0
1751012763589 0.9963275299238302 0
