1751012726393 0.8487486398258978 0
1751012727010 0.9555223068552775 1
1751012727637 0.9683079434167573 2
1751012728259 0.97810119695321 3
1751012728887 0.9812295973884657 4
1751012729521 0.9846300326441785 5
1751012730155 0.9854461371055495 6
1751012730795 0.9857181719260065 7
1751012731432 0.9851741022850925 8
1751012732067 0.9866702937976061 9
1751012732702 0.9891186071817193 10
1751012733331 0.9903427638737758 11
1751012733958 0.9897986942328618 12
1751012734590 0.9897986942328618 13
1751012735223 0.9923830250272034 14
1751012735858 0.9923830250272034 15
1751012736492 0.9918389553862894 16
1751012737131 0.9910228509249184 17
1751012737766 0.9914309031556039 18
1751012738404 0.9931991294885746 19
1751012739042 0.9936071817192601 20
1751012739677 0.9944232861806311 21
1751012740313 0.9952393906420022 22
1751012740952 0.9964635473340587 23
1751012741592 0.9948313384113167 24
1751012742231 0.9945593035908596 25
1751012742868 0.9959194776931447 26
1751012743508 0.9944232861806311 27
1751012744150 0.9953754080522307 28
1751012744801 0.9955114254624592 29
1751012745439 0.9965995647442872 30
1751012746078 0.9975516866158868 31
1751012746716 0.9965995647442872 32
1751012747356 0.9937431991294886 33
1751012747992 0.9952393906420022 34
1751012748628 0.9974156692056583 35
1751012749266 0.9979597388465724 36
1751012749906 0.9978237214363439 37
1751012750545 0.9945593035908596 38
1751012751185 0.9974156692056583 39
1751012751822 0.9964635473340587 40
1751012752465 0.9963275299238302 41
1751012753105 0.9979597388465724 42
1751012753743 0.9975516866158868 43
1751012754381 0.9976877040261154 44
1751012755021 0.9980957562568009 45
1751012755663 0.9971436343852013 46
1751012756302 0.9975516866158868 47
1751012756943 0.9974156692056583 48
1751012757585 0.9979597388465724 49
1751012758226 0.9919749727965179 50
1751012758869 0.9940152339499456 51
1751012759511 0.9982317736670294 52
1751012760153 0.9979597388465724 53
1751012760794 0.9955114254624592 54
1751012761439 0.9985038084874864 55
1751012762087 0.9975516866158868 56
1751012762734 0.9976877040261154 57
1751012763379 0.9963275299238302 58
1751012763589 0.9963275299238302 0
1751012726393 0.8487486398258978 0
1751012763589 0.9963275299238302 0
