1751012726371 0.8471734729754911 0
1751012726983 0.9555695182474242 1
1751012727611 0.96825692263883 2
1751012728233 0.9780731706227918 3
1751012728861 0.9812384134591121 4
1751012729494 0.9846541131623782 5
1751012730129 0.9854467165177155 6
1751012730768 0.9857628696155403 7
1751012731405 0.9851792839355517 8
1751012732041 0.9866718940007257 9
1751012732675 0.9891269301110012 10
1751012733305 0.9903491940177345 11
1751012733931 0.9897990448505314 12
1751012734564 0.9898052041004783 13
1751012735196 0.9923837965798854 14
1751012735831 0.9923838356207375 15
1751012736465 0.9918672156111964 16
1751012737103 0.99101989680411 17
1751012737739 0.9914304318869418 18
1751012738377 0.9931991526763048 19
1751012739014 0.9936088167874816 20
1751012739650 0.9944235502463905 21
1751012740286 0.9952395014956372 22
1751012740925 0.9964655052828598 23
1751012741564 0.9948312811338265 24
1751012742203 0.9945596814757878 25
1751012742841 0.9959262686490511 26
1751012743479 0.9944245956189068 27
1751012744123 0.9953796893019851 28
1751012744774 0.9955114135302633 29
1751012745412 0.9966009386575219 30
1751012746051 0.9975516866158868 31
1751012746689 0.9966007227116568 32
1751012747329 0.9937459579503979 33
1751012747964 0.9952387084343517 34
1751012748602 0.9974153620613886 35
1751012749239 0.9979650528593187 36
1751012749878 0.997824234368015 37
1751012750517 0.9945594298476927 38
1751012751157 0.9974185132608355 39
1751012751795 0.9964635750489733 40
1751012752438 0.9963290044561578 41
1751012753078 0.9979630210999427 42
1751012753715 0.9975516866158868 43
1751012754354 0.9976892734354624 44
1751012754993 0.9980960666638444 45
1751012755635 0.9971447544848443 46
1751012756275 0.9975516866158868 47
1751012756914 0.9974185132608355 48
1751012757557 0.9979606465200469 49
1751012758198 0.9919795219035107 50
1751012758842 0.9940174135533281 51
1751012759483 0.9982319190713714 52
1751012760125 0.9979598908706993 53
1751012760767 0.9955132544274711 54
1751012761411 0.998504833917813 55
1751012762058 0.9975522124786086 56
1751012762706 0.9976887862580319 57
1751012763350 0.9963275387767497 58
1751012763589 0.9963275387767497 0
1751012726371 0.8471734729754911 0
1751012763589 0.9963275387767497 0
