1751012726329 0.647642733352877 0
1751012726927 0.19068430529520225 1
1751012727557 0.11449890592266218 2
1751012728180 0.08014291283087774 3
1751012728808 0.0664705632657818 4
1751012729441 0.05552677924504607 5
1751012730077 0.05008182492435497 6
1751012730714 0.0478625535819035 7
1751012731352 0.04567953961028822 8
1751012731988 0.04086374800542818 9
1751012732621 0.036399229783341855 10
1751012733252 0.03108817661815486 11
1751012733877 0.03245620802652913 12
1751012734510 0.031014723839061953 13
1751012735142 0.026197598216461344 14
1751012735776 0.02536369223143577 15
1751012736411 0.02603753696583917 16
1751012737049 0.025615702385247012 17
1751012737685 0.029893773535957662 18
1751012738323 0.026056920925116772 19
1751012738960 0.024391915454094474 20
1751012739595 0.019509392808737706 21
1751012740231 0.01692715814941126 22
1751012740869 0.015677173699985003 23
1751012741509 0.017295918051433122 24
1751012742148 0.01852858448208546 25
1751012742786 0.01657728991654658 26
1751012743424 0.01721377454579517 27
1751012744067 0.01579515363917695 28
1751012744720 0.01293258660273288 29
1751012745358 0.012494603247443564 30
1751012745996 0.010869708432845357 31
1751012746635 0.0122898817771764 32
1751012747275 0.023194183931930217 33
1751012747909 0.018926912394501227 34
1751012748547 0.012698190592298278 35
1751012749184 0.010541360804018634 36
1751012749823 0.00930021848401381 37
1751012750462 0.016738813149289787 38
1751012751101 0.010039309359189038 39
1751012751740 0.012817947618598453 40
1751012752383 0.013270015049760227 41
1751012753023 0.009640926096418121 42
1751012753660 0.011364188760856493 43
1751012754299 0.010306864786995483 44
1751012754937 0.009140850444513316 45
1751012755578 0.009899940003485899 46
1751012756219 0.010186256421273888 47
1751012756859 0.010183714949895787 48
1751012757501 0.008842308698749014 49
1751012758142 0.02747148859048094 50
1751012758786 0.01846599352563264 51
1751012759427 0.008824195902565569 52
1751012760070 0.008508542751471823 53
1751012760711 0.014600726286348632 54
1751012761354 0.007308494820035548 55
1751012762001 0.009454909497993604 56
1751012762650 0.009523750829177993 57
1751012763294 0.013622454127146822 58
1751012763589 0.013622454127146822 0
1751012726329 0.647642733352877 0
1751012763589 0.013622454127146822 0
