1751012726416 0.8462795196981261 0
1751012727036 0.95537501335942 1
1751012727663 0.9682768924445792 2
1751012728285 0.9780851104769579 3
1751012728914 0.9812234614837931 4
1751012729547 0.9846300794356115 5
1751012730181 0.9854451973721263 6
1751012730822 0.9857207796988234 7
1751012731459 0.9851722988722066 8
1751012732094 0.9866689825364104 9
1751012732728 0.9891195923131916 10
1751012733357 0.9903435384702781 11
1751012733985 0.9897988198001665 12
1751012734617 0.9897995124686035 13
1751012735250 0.9923832103811767 14
1751012735885 0.9923826283959811 15
1751012736519 0.9918402850850505 16
1751012737157 0.9910207117344277 17
1751012737793 0.9914295574967013 18
1751012738432 0.993199028646891 19
1751012739069 0.9936070949229815 20
1751012739704 0.9944231543355588 21
1751012740341 0.9952393838620385 22
1751012740980 0.9964637154377158 23
1751012741619 0.9948311078504997 24
1751012742258 0.9945593760089521 25
1751012742896 0.9959197965535781 26
1751012743535 0.9944234873671872 27
1751012744178 0.9953757299279062 28
1751012744829 0.9955113689399242 29
1751012745466 0.9966002013596392 30
1751012746105 0.9975516866158868 31
1751012746743 0.9965996874190166 32
1751012747383 0.9937430774071362 33
1751012748020 0.9952389934389296 34
1751012748656 0.9974152276487247 35
1751012749293 0.9979599024937207 36
1751012749934 0.9978237743946219 37
1751012750573 0.9945591650234237 38
1751012751212 0.9974158209302485 39
1751012751852 0.9964633583434725 40
1751012752493 0.9963278110654453 41
1751012753133 0.997960306035992 42
1751012753771 0.9975516866158868 43
1751012754409 0.9976877932419657 44
1751012755049 0.9980957077581983 45
1751012755690 0.9971437374319739 46
1751012756330 0.9975516866158868 47
1751012756970 0.9974158209302485 48
1751012757613 0.997959544930912 49
1751012758254 0.9919734606234462 50
1751012758896 0.9940155184330575 51
1751012759539 0.9982317954320288 52
1751012760181 0.9979597639600333 53
1751012760822 0.9955118846989167 54
1751012761467 0.9985038624643674 55
1751012762116 0.9975517461939497 56
1751012762762 0.9976877874449313 57
1751012763407 0.9963274836781197 58
1751012763589 0.9963274836781197 0
1751012726416 0.8462795196981261 0
1751012763589 0.9963274836781197 0
