1750855977415 1.0713225706228104 0
1750855977876 0.5283077500914594 1
1750855978344 0.3144051097292895 2
1750855978809 0.21366940900861764 3
1750855979275 0.1569395441809209 4
1750855979746 0.12407935698546056 5
1750855980217 0.10549908518888486 6
1750855980686 0.09113163356714851 7
1750855981157 0.07782068668628543 8
1750855981627 0.07076613078049918 9
1750855982100 0.060349562263138534 10
1750855982570 0.054936924667560755 11
1750855983033 0.04943189444071061 12
1750855983494 0.044671852793240506 13
1750855983956 0.04376931137773203 14
1750855984418 0.038947150853013576 15
1750855984879 0.037275243421836114 16
1750855985344 0.03213989203724852 17
1750855985811 0.03359610652013948 18
1750855986277 0.02721661274038636 19
1750855986742 0.027529147204307595 20
1750855987213 0.027790823835834973 21
1750855987675 0.025053046755968988 22
1750855988141 0.02460826965407656 23
1750855988606 0.02197157535793197 24
1750855989070 0.020204689280739027 25
1750855989536 0.020057294878022294 26
1750855990003 0.016903445068888683 27
1750855990467 0.01581004187079619 28
1750855990930 0.01370255754053617 29
1750855991395 0.014199202740919636 30
1750855991860 0.014497860704707762 31
1750855992325 0.01285208126715505 32
1750855992791 0.010917222093369192 33
1750855993256 0.01484413636631461 34
1750855993722 0.009907284240523137 35
1750855994187 0.008772852382788859 36
1750855994653 0.00998608846563473 37
1750855995120 0.013495664687886008 38
1750855995588 0.01178486611779224 39
1750855996054 0.007003399585140616 40
1750855996521 0.007019527777950903 41
1750855996993 0.008900865570792038 42
1750855997466 0.007734061781873357 43
1750855997935 0.007674045296805435 44
1750855998403 0.007954085632913945 45
1750855998870 0.007755486401921833 46
1750855999338 0.007359555420336304 47
1750855999804 0.006787346324402539 48
1750856000273 0.008078616834967675 49
1750856000742 0.009523018528033408 50
1750856001212 0.005717659132860163 51
1750856001680 0.004436307933315294 52
1750856002150 0.0050415271253176075 53
1750856002621 0.004541989576192603 54
1750856003092 0.005278509458508221 55
1750856003562 0.005111483455662463 56
1750856004032 0.004896305291748771 57
1750856004503 0.005455878806775877 58
1750856004974 0.005778758769770791 59
1750856005443 0.007198515547081216 60
1750856005912 0.005959361924272247 61
1750856006381 0.0034693500726755864 62
1750856006853 0.005021601731900857 63
1750856007325 0.004336547038954418 64
1750856007797 0.004769774569452855 65
1750856008271 0.0027275253455592897 66
1750855977415 1.0713225706228104 0
