1750854860725 1.3109763114833728 0
1750854861196 0.8820215033628735 1
1750854861674 0.6660396830950002 2
1750854862151 0.5282211867004016 3
1750854862627 0.42803992134832064 4
1750854863101 0.3530540102454342 5
1750854863574 0.29849410935895876 6
1750854864049 0.2528510129685241 7
1750854864525 0.21953631807787505 8
1750854865001 0.1898795339857533 9
1750854865477 0.16771488058683792 10
1750854865952 0.14849848216713707 11
1750854866428 0.1330313242331423 12
1750854866909 0.12121992943336188 13
1750854867388 0.11199708909639466 14
1750854867863 0.10294685120389303 15
1750854868339 0.09483146930966725 16
1750854868815 0.08738486340697105 17
1750854869292 0.08256120217702594 18
1750854869769 0.07659503843501551 19
1750854870246 0.0719179902246001 20
1750854870723 0.0683375748930351 21
1750854871200 0.06297780240767345 22
1750854871682 0.058209860756166354 23
1750854872158 0.05752979080122819 24
1750854872635 0.05411647826076462 25
1750854873113 0.04993438149748676 26
1750854873594 0.04828755852236322 27
1750854874073 0.04712677518386187 28
1750854874550 0.042781617500544634 29
1750854875028 0.04337306771735469 30
1750854875505 0.04196260118769873 31
1750854875986 0.03911715480007466 32
1750854876464 0.03681927416939795 33
1750854876941 0.037230656168122614 34
1750854877418 0.03595724637681969 35
1750854877897 0.03226890581152255 36
1750854878376 0.03251257221902578 37
1750854878855 0.0299047987241302 38
1750854879337 0.029800245945744208 39
1750854879817 0.027035424546100466 40
1750854880299 0.025977579341194025 41
1750854880777 0.025657590805482973 42
1750854881257 0.024845948949521073 43
1750854881734 0.02566676547748804 44
1750854882212 0.025065162413174913 45
1750854882694 0.022242000927972294 46
1750854883171 0.021857678926964337 47
1750854883652 0.021767942070194862 48
1750854884132 0.02031142555807552 49
1750854884611 0.019914932333143738 50
1750854885089 0.019989427529230826 51
1750854885570 0.018806383498641333 52
1750854886051 0.018346294513432324 53
1750854886530 0.018027510615096096 54
1750854887010 0.01741484090811507 55
1750854887490 0.016584871174165648 56
1750854887974 0.015109133671805003 57
1750854888454 0.016512142290625725 58
1750854888939 0.015968873847065183 59
1750854889419 0.01582505259160216 60
1750854889900 0.013401055719928412 61
1750854890382 0.014284297736499446 62
1750854890863 0.013924379290362275 63
1750854891345 0.013864474078200522 64
1750854891828 0.0127391065610218 65
1750854892314 0.011408363432462314 66
1750854892798 0.011956824123772252 67
1750854893281 0.012160192413880845 68
1750854893767 0.012549953892299048 69
1750854894248 0.010139472211936085 70
1750854894730 0.01091816280593526 71
1750854895213 0.010697568697860958 72
1750854895700 0.011137761217562261 73
1750854896182 0.009447328131369764 74
1750854896665 0.009558957690318339 75
1750854897153 0.008694507611963099 76
1750854897635 0.0077987952801116195 77
1750854898118 0.0075610959213287835 78
1750854898605 0.008338327216079725 79
1750854899091 0.008037901183333014 80
1750854899585 0.007776166215742674 81
1750854900074 0.00864971693514231 82
1750854900559 0.007061681301019867 83
1750854901044 0.006519351801437237 84
1750854901529 0.0072979315729904005 85
1750854902017 0.006966000613007822 86
1750854902503 0.007099408716514025 87
1750854902990 0.006518344785024993 88
1750854903481 0.007094598699266585 89
1750854903967 0.006567011470811429 90
1750854904452 0.006142495222111264 91
1750854904938 0.005733182728618649 92
1750854905428 0.00638339434604954 93
1750854905918 0.005524853263298603 94
1750854906402 0.005372275148330396 95
1750854906886 0.005654987831688937 96
1750854907373 0.005045468806490805 97
1750854907860 0.005194411320868734 98
