1750949163782 0.8687431991294886 0
1750949164390 0.9619151251360174 1
1750949165013 0.9713003264417845 2
1750949165637 0.9759249183895539 3
1750949166261 0.9804134929270947 4
1750949166891 0.98449401523395 5
1750949167525 0.983949945593036 6
1750949168159 0.9870783460282916 7
1750949168794 0.9859902067464635 8
1750949169426 0.985310119695321 9
1750949170056 0.9866702937976061 10
1750949170690 0.9880304678998912 11
1750949171321 0.9884385201305768 12
1750949171969 0.9908868335146899 13
1750949172615 0.9883025027203483 14
1750949173262 0.9888465723612623 15
1750949173909 0.9904787812840044 16
1750949174559 0.9902067464635473 17
1750949175209 0.9910228509249184 18
1750949175861 0.9892546245919478 19
1750949176512 0.9938792165397171 20
1750949177147 0.9917029379760609 21
1750949177782 0.9900707290533188 22
1750949178415 0.9907508161044614 23
1750949179048 0.9930631120783461 24
1750949179684 0.9930631120783461 25
1750949180319 0.9941512513601741 26
1750949180956 0.9931991294885746 27
1750949181591 0.9936071817192601 28
1750949182228 0.9951033732317737 29
1750949182865 0.9930631120783461 30
1750949183504 0.9931991294885746 31
1750949184141 0.9911588683351469 32
1750949184778 0.9912948857453754 33
1750949185418 0.9941512513601741 34
1750949186058 0.9948313384113167 35
1750949186698 0.9941512513601741 36
1750949187343 0.9951033732317737 37
1750949187984 0.9965995647442872 38
1750949188625 0.9933351468988031 39
1750949189266 0.9921109902067464 40
1750949189906 0.9921109902067464 41
1750949190552 0.9953754080522307 42
1750949191198 0.9963275299238302 43
1750949191841 0.9963275299238302 44
1750949192484 0.9963275299238302 45
1750949192688 0.9963275299238302 0
1750949163782 0.8687431991294886 0
1750949192688 0.9963275299238302 0
