1750949163760 0.8700229987168756 0
1750949164365 0.9619055338792514 1
1750949164987 0.9712851869653741 2
1750949165611 0.9759142695467895 3
1750949166236 0.980430219045684 4
1750949166865 0.9844982239224618 5
1750949167499 0.9839611976306434 6
1750949168133 0.987082330630018 7
1750949168768 0.9859908238877939 8
1750949169400 0.9853144221922709 9
1750949170030 0.9866658295967208 10
1750949170663 0.9880331893255833 11
1750949171295 0.9884366056875956 12
1750949171943 0.990886913430239 13
1750949172589 0.9883043665125422 14
1750949173236 0.9888589511225294 15
1750949173883 0.9904833055793786 16
1750949174533 0.9902039829241436 17
1750949175183 0.9910306873822158 18
1750949175835 0.9892544533072005 19
1750949176485 0.9938878837845256 20
1750949177121 0.9917064123332784 21
1750949177755 0.9900789122334158 22
1750949178389 0.9907532056067612 23
1750949179022 0.9930664363636492 24
1750949179658 0.9930634199757211 25
1750949180292 0.9941512047861192 26
1750949180929 0.9931991294885746 27
1750949181564 0.993607439659943 28
1750949182202 0.995105046755322 29
1750949182839 0.9930616581975845 30
1750949183478 0.9932058405120524 31
1750949184114 0.9911644387709179 32
1750949184752 0.9913011866454171 33
1750949185391 0.9941526153891933 34
1750949186031 0.9948295009556466 35
1750949186671 0.99415170613967 36
1750949187316 0.9951054543220088 37
1750949187957 0.9966007227116568 38
1750949188598 0.9933355925792985 39
1750949189238 0.9921086340397608 40
1750949189879 0.9921082455657385 41
1750949190524 0.9953754779344359 42
1750949191170 0.9963275387767497 43
1750949191814 0.9963275387767497 44
1750949192457 0.9963263975312603 45
1750949192688 0.9963263975312603 0
1750949163760 0.8700229987168756 0
1750949192688 0.9963263975312603 0
