1750949163804 0.8663193779611309 0
1750949164416 0.9618415940567596 1
1750949165039 0.9712876085892156 2
1750949165662 0.975913192623721 3
1750949166287 0.9804129373424618 4
1750949166917 0.9844948342326134 5
1750949167551 0.9839515500743732 6
1750949168185 0.9870791046512426 7
1750949168819 0.9859892849127248 8
1750949169452 0.9853109769083324 9
1750949170083 0.9866672170301586 10
1750949170716 0.9880310368661148 11
1750949171348 0.9884370831796223 12
1750949171995 0.990886607642424 13
1750949172641 0.9883029265367917 14
1750949173288 0.98884780295096 15
1750949173936 0.9904781275993232 16
1750949174585 0.9902051587774451 17
1750949175236 0.9910252154885035 18
1750949175887 0.9892544892804246 19
1750949176538 0.9938789832645583 20
1750949177173 0.9917034250918505 21
1750949177809 0.9900720253805306 22
1750949178441 0.9907512093286562 23
1750949179075 0.9930635193390882 24
1750949179710 0.9930610865711037 25
1750949180345 0.9941511777095983 26
1750949180982 0.9931991294885746 27
1750949181618 0.9936072604081043 28
1750949182255 0.9951031565032272 29
1750949182892 0.9930613228992143 30
1750949183531 0.9931996077002861 31
1750949184167 0.991158753281831 32
1750949184805 0.9912955213294149 33
1750949185445 0.9941512680765824 34
1750949186085 0.9948302667774175 35
1750949186725 0.9941510254317308 36
1750949187370 0.9951036059906833 37
1750949188011 0.9965996874190166 38
1750949188652 0.9933350549539028 39
1750949189293 0.9921089825123914 40
1750949189934 0.9921089652187678 41
1750949190580 0.9953743030789148 42
1750949191225 0.9963274836781197 43
1750949191868 0.9963274836781197 44
1750949192511 0.9963269030875619 45
1750949192688 0.9963269030875619 0
1750949163804 0.8663193779611309 0
1750949192688 0.9963269030875619 0
