1750949163719 0.5795101802938003 0
1750949164314 0.1620864844652981 1
1750949164935 0.10163485059378845 2
1750949165559 0.07872739133867916 3
1750949166185 0.06451372016359108 4
1750949166812 0.05441111691855502 5
1750949167447 0.053303583852452215 6
1750949168081 0.04646512468966683 7
1750949168715 0.044921774216507025 8
1750949169347 0.04725402344212795 9
1750949169977 0.04195421177719571 10
1750949170611 0.03811415432120336 11
1750949171242 0.03979749010391412 12
1750949171891 0.03291921711387974 13
1750949172536 0.032243002500989035 14
1750949173184 0.03179431798380432 15
1750949173830 0.03419246366480619 16
1750949174480 0.031472265233424564 17
1750949175130 0.028043409704582377 18
1750949175781 0.03008752119432531 19
1750949176432 0.02153448692408428 20
1750949177067 0.025579117168089673 21
1750949177702 0.034898717796492826 22
1750949178336 0.03202505484000416 23
1750949178968 0.022465580615282903 24
1750949179604 0.020875907591235 25
1750949180239 0.020586225370368774 26
1750949180876 0.021322506765446853 27
1750949181511 0.021554943645358798 28
1750949182148 0.017986124146312184 29
1750949182785 0.021283017091911136 30
1750949183424 0.024554745664554564 31
1750949184061 0.033330290780987454 32
1750949184698 0.031055840579498967 33
1750949185336 0.0223883108769962 34
1750949185976 0.01845448330891956 35
1750949186617 0.018814877996583986 36
1750949187261 0.016377560766991452 37
1750949187902 0.014500471705928551 38
1750949188544 0.02125618116392007 39
1750949189184 0.027612732938197933 40
1750949189824 0.02623166259929489 41
1750949190470 0.0182907918642424 42
1750949191115 0.014361674135162721 43
1750949191759 0.014249135132562835 44
1750949192402 0.01468534665425451 45
1750949192688 0.01468534665425451 0
1750949163719 0.5795101802938003 0
1750949192688 0.01468534665425451 0
