1750949163740 0.8687431991294886 0
1750949164339 0.9619151251360174 1
1750949164961 0.9713003264417845 2
1750949165585 0.9759249183895539 3
1750949166210 0.9804134929270947 4
1750949166839 0.98449401523395 5
1750949167474 0.983949945593036 6
1750949168108 0.9870783460282916 7
1750949168742 0.9859902067464635 8
1750949169373 0.985310119695321 9
1750949170004 0.9866702937976061 10
1750949170638 0.9880304678998912 11
1750949171269 0.9884385201305768 12
1750949171917 0.9908868335146899 13
1750949172563 0.9883025027203483 14
1750949173210 0.9888465723612623 15
1750949173857 0.9904787812840044 16
1750949174506 0.9902067464635473 17
1750949175157 0.9910228509249184 18
1750949175808 0.9892546245919478 19
1750949176458 0.9938792165397171 20
1750949177094 0.9917029379760609 21
1750949177729 0.9900707290533188 22
1750949178362 0.9907508161044614 23
1750949178995 0.9930631120783461 24
1750949179631 0.9930631120783461 25
1750949180265 0.9941512513601741 26
1750949180902 0.9931991294885746 27
1750949181538 0.9936071817192601 28
1750949182175 0.9951033732317737 29
1750949182812 0.9930631120783461 30
1750949183450 0.9931991294885746 31
1750949184088 0.9911588683351469 32
1750949184725 0.9912948857453754 33
1750949185363 0.9941512513601741 34
1750949186004 0.9948313384113167 35
1750949186644 0.9941512513601741 36
1750949187289 0.9951033732317737 37
1750949187930 0.9965995647442872 38
1750949188571 0.9933351468988031 39
1750949189211 0.9921109902067464 40
1750949189851 0.9921109902067464 41
1750949190497 0.9953754080522307 42
1750949191142 0.9963275299238302 43
1750949191786 0.9963275299238302 44
1750949192429 0.9963275299238302 45
1750949192688 0.9963275299238302 0
1750949163740 0.8687431991294886 0
1750949192688 0.9963275299238302 0
