1750930771285 0.640233949945593 0
1750930771908 0.8551414581066377 1
1750930772541 0.9209738846572362 2
1750930773171 0.9455930359085963 3
1750930773801 0.9593307943416758 4
1750930774434 0.9619151251360174 5
1750930775073 0.9704842219804135 6
1750930775711 0.9756528835690969 7
1750930776347 0.9767410228509249 8
1750930776986 0.9774211099020674 9
1750930777625 0.9791893362350381 10
1750930778261 0.9812295973884657 11
1750930778899 0.9813656147986942 12
1750930779534 0.9819096844396082 13
1750930780173 0.985310119695321 14
1750930780808 0.9849020674646355 15
1750930781448 0.986126224156692 16
1750930782086 0.985310119695321 17
1750930782727 0.9862622415669206 18
1750930783365 0.9885745375408053 19
1750930784004 0.9885745375408053 20
1750930784643 0.9895266594124048 21
1750930785285 0.9884385201305768 22
1750930785925 0.9893906420021763 23
1750930786571 0.9885745375408053 24
1750930787213 0.9893906420021763 25
1750930787855 0.9907508161044614 26
1750930788500 0.9926550598476604 27
1750930789143 0.9904787812840044 28
1750930789789 0.9904787812840044 29
1750930790434 0.9910228509249184 30
1750930791080 0.9908868335146899 31
1750930791724 0.9914309031556039 32
1750930792371 0.9931991294885746 33
1750930793015 0.9921109902067464 34
1750930793658 0.9925190424374319 35
1750930794302 0.9927910772578891 36
1750930794951 0.9938792165397171 37
1750930795598 0.9925190424374319 38
1750930796242 0.9940152339499456 39
1750930796894 0.9931991294885746 40
1750930797540 0.9929270946681176 41
1750930797746 0.9929270946681176 0
1750930771285 0.640233949945593 0
1750930797746 0.9929270946681176 0
