1750930771221 1.1423060289534444 0
1750930771830 0.7199928427157646 1
1750930772463 0.5058966087698288 2
1750930773093 0.36656359642322484 3
1750930773724 0.27414050026998427 4
1750930774356 0.22278491158739658 5
1750930774993 0.1803215342341751 6
1750930775633 0.15437844673716852 7
1750930776269 0.13243997000538874 8
1750930776907 0.11824947801926321 9
1750930777546 0.10656862311932674 10
1750930778183 0.09410848111011517 11
1750930778820 0.08866505010278491 12
1750930779456 0.07720959319918537 13
1750930780094 0.07348649633462592 14
1750930780729 0.06878959928295687 15
1750930781368 0.06481174223927601 16
1750930782007 0.06250994091486646 17
1750930782646 0.059746883825781034 18
1750930783287 0.05343897222370007 19
1750930783923 0.04875233282169917 20
1750930784563 0.04756159448065877 21
1750930785204 0.048151550137552394 22
1750930785844 0.042817084343700594 23
1750930786491 0.04244171263157543 24
1750930787131 0.041073317930377995 25
1750930787774 0.038049941521717624 26
1750930788419 0.03534948398988447 27
1750930789063 0.036476356563106646 28
1750930789708 0.03427198641326469 29
1750930790352 0.031473564358997654 30
1750930790998 0.03282421608014646 31
1750930791643 0.03370795773303742 32
1750930792289 0.02979112242402203 33
1750930792933 0.02823959116168296 34
1750930793578 0.029739200590549277 35
1750930794221 0.029575643014624894 36
1750930794868 0.02566658244980043 37
1750930795515 0.025395007237287336 38
1750930796161 0.02549489419420895 39
1750930796810 0.02511298982527865 40
1750930797459 0.028782460182880876 41
1750930797746 0.028782460182880876 0
1750930771221 1.1423060289534444 0
1750930797746 0.028782460182880876 0
