1750930771263 0.6852178753877569 0
1750930771883 0.8669707979604789 1
1750930772515 0.921765902007814 2
1750930773145 0.9455265540775303 3
1750930773776 0.9592806734456514 4
1750930774408 0.9618728306905002 5
1750930775047 0.9704642503540667 6
1750930775685 0.975658488590935 7
1750930776322 0.9767539576978443 8
1750930776960 0.9774131599410888 9
1750930777599 0.9791820396777658 10
1750930778236 0.981244466139122 11
1750930778872 0.9813907542205818 12
1750930779508 0.9819198932746975 13
1750930780147 0.9853150443026139 14
1750930780782 0.9849142716372326 15
1750930781422 0.9861292969159534 16
1750930782060 0.9853134971776473 17
1750930782700 0.9862763505824721 18
1750930783339 0.9885659652206866 19
1750930783977 0.9885770775341055 20
1750930784617 0.9895299366222707 21
1750930785258 0.9884514419135166 22
1750930785898 0.9893929113593322 23
1750930786545 0.9885695474264515 24
1750930787185 0.9894019313073744 25
1750930787828 0.9907787638004965 26
1750930788473 0.992659876338499 27
1750930789117 0.9904865869702382 28
1750930789762 0.9904907640136729 29
1750930790407 0.9910203994483766 30
1750930791053 0.9909027734816278 31
1750930791697 0.991445692947954 32
1750930792344 0.9932048360060008 33
1750930792988 0.992131449911115 34
1750930793631 0.9925504188723713 35
1750930794275 0.9928176856304126 36
1750930794923 0.9938769844402482 37
1750930795570 0.9925251437531694 38
1750930796215 0.9940266325608769 39
1750930796866 0.9932160497708636 40
1750930797513 0.9929394651298639 41
1750930797746 0.9929394651298639 0
1750930771263 0.6852178753877569 0
1750930797746 0.9929394651298639 0
