1750930771307 0.6187305479585576 0
1750930771934 0.8465700842980283 1
1750930772566 0.9201516141584956 2
1750930773197 0.9453591575713687 3
1750930773827 0.9592693015065661 4
1750930774460 0.9618663220549819 5
1750930775099 0.970458844885742 6
1750930775736 0.9756385258667303 7
1750930776373 0.9767399793296624 8
1750930777011 0.9774160332182235 9
1750930777651 0.9791807900654487 10
1750930778288 0.981226323741961 11
1750930778925 0.9813615560654307 12
1750930779560 0.9819061283951005 13
1750930780199 0.9853085443166684 14
1750930780835 0.9849017571619663 15
1750930781475 0.9861260801134295 16
1750930782112 0.985309246541073 17
1750930782754 0.9862605519369088 18
1750930783391 0.9885690461739458 19
1750930784031 0.9885737098007094 20
1750930784670 0.9895243892604997 21
1750930785311 0.9884381346403027 22
1750930785952 0.9893880004082594 23
1750930786598 0.9885684547286061 24
1750930787239 0.9893889380773537 25
1750930787882 0.990752989733382 26
1750930788527 0.9926557636367893 27
1750930789170 0.9904784898641126 28
1750930789815 0.9904806634143676 29
1750930790461 0.9910214162562049 30
1750930791107 0.9908912431822428 31
1750930791750 0.9914335330256634 32
1750930792398 0.9932007017735259 33
1750930793042 0.9921164508228216 34
1750930793685 0.9925225638326363 35
1750930794330 0.9927915749022397 36
1750930794978 0.9938780503483838 37
1750930795625 0.9925198221819231 38
1750930796269 0.9940189908732499 39
1750930796921 0.9932000853453699 40
1750930797568 0.9929278034106706 41
1750930797746 0.9929278034106706 0
1750930771307 0.6187305479585576 0
1750930797746 0.9929278034106706 0
