1750930771242 0.640233949945593 0
1750930771856 0.8551414581066377 1
1750930772489 0.9209738846572362 2
1750930773119 0.9455930359085963 3
1750930773749 0.9593307943416758 4
1750930774382 0.9619151251360174 5
1750930775020 0.9704842219804135 6
1750930775659 0.9756528835690969 7
1750930776296 0.9767410228509249 8
1750930776933 0.9774211099020674 9
1750930777573 0.9791893362350381 10
1750930778209 0.9812295973884657 11
1750930778846 0.9813656147986942 12
1750930779482 0.9819096844396082 13
1750930780121 0.985310119695321 14
1750930780756 0.9849020674646355 15
1750930781394 0.986126224156692 16
1750930782033 0.985310119695321 17
1750930782673 0.9862622415669206 18
1750930783313 0.9885745375408053 19
1750930783950 0.9885745375408053 20
1750930784590 0.9895266594124048 21
1750930785231 0.9884385201305768 22
1750930785871 0.9893906420021763 23
1750930786518 0.9885745375408053 24
1750930787158 0.9893906420021763 25
1750930787802 0.9907508161044614 26
1750930788446 0.9926550598476604 27
1750930789090 0.9904787812840044 28
1750930789735 0.9904787812840044 29
1750930790379 0.9910228509249184 30
1750930791026 0.9908868335146899 31
1750930791670 0.9914309031556039 32
1750930792318 0.9931991294885746 33
1750930792961 0.9921109902067464 34
1750930793604 0.9925190424374319 35
1750930794248 0.9927910772578891 36
1750930794896 0.9938792165397171 37
1750930795543 0.9925190424374319 38
1750930796188 0.9940152339499456 39
1750930796839 0.9931991294885746 40
1750930797485 0.9929270946681176 41
1750930797746 0.9929270946681176 0
1750930771242 0.640233949945593 0
1750930797746 0.9929270946681176 0
