1750949106449 0.8667029379760609 0
1750949107049 0.9585146898803046 1
1750949107669 0.971164309031556 2
1750949108291 0.9753808487486398 3
1750949108919 0.9793253536452666 4
1750949109548 0.984221980413493 5
1750949110181 0.985582154515778 6
1750949110813 0.985854189336235 7
1750949111443 0.9873503808487486 8
1750949112070 0.9891186071817193 9
1750949112698 0.9897986942328618 10
1750949114126 0.9877584330794341 11
1750949114780 0.9908868335146899 12
1750949115428 0.9922470076169749 13
1750949116075 0.9911588683351469 14
1750949116723 0.9938792165397171 15
1750949117372 0.9952393906420022 16
1750949118021 0.9936071817192601 17
1750949118669 0.9953754080522307 18
1750949119323 0.9940152339499456 19
1750949119972 0.9953754080522307 20
1750949120623 0.9938792165397171 21
1750949121271 0.9948313384113167 22
1750949121919 0.9971436343852013 23
1750949122570 0.9971436343852013 24
1750949123220 0.9968715995647442 25
1750949123870 0.9960554951033732 26
1750949124519 0.9975516866158868 27
1750949125169 0.9976877040261154 28
1750949125820 0.9967355821545157 29
1750949126473 0.998911860718172 30
1750949127127 0.9971436343852013 31
1750949127782 0.9968715995647442 32
1750949128434 0.9971436343852013 33
1750949129087 0.9976877040261154 34
1750949129742 0.999183895538629 35
1750949130399 0.9978237214363439 36
1750949131056 0.9978237214363439 37
1750949131710 0.9990478781284005 38
1750949132364 0.9978237214363439 39
1750949133019 0.9971436343852013 40
1750949133674 0.9993199129488575 41
1750949134331 0.9982317736670294 42
1750949134990 0.9998639825897715 43
1750949135648 0.9990478781284005 44
1750949136304 0.9978237214363439 45
1750949136962 0.9990478781284005 46
1750949137624 0.9963275299238302 47
1750949138282 0.9976877040261154 48
1750949138942 0.9982317736670294 49
1750949139602 0.999183895538629 50
1750949140264 0.9985038084874864 51
1750949140926 0.9976877040261154 52
1750949141586 0.9978237214363439 53
1750949142248 0.999455930359086 54
1750949142910 0.9986398258977149 55
1750949143574 0.9998639825897715 56
1750949144237 0.9986398258977149 57
1750949144900 0.9990478781284005 58
1750949145566 0.9990478781284005 59
1750949146232 0.9987758433079434 60
1750949146898 0.9980957562568009 61
1750949147565 0.9983677910772579 62
1750949148230 0.9986398258977149 63
1750949148896 0.9985038084874864 64
1750949149561 0.999727965179543 65
1750949150228 0.9998639825897715 66
1750949150896 0.9995919477693145 67
1750949151166 0.9995919477693145 0
1750949106449 0.8667029379760609 0
1750949151166 0.9995919477693145 0
