1750949106491 0.8667029379760609 0
1750949107100 0.9585146898803046 1
1750949107720 0.971164309031556 2
1750949108343 0.9753808487486398 3
1750949108971 0.9793253536452666 4
1750949109600 0.984221980413493 5
1750949110233 0.985582154515778 6
1750949110865 0.985854189336235 7
1750949111496 0.9873503808487486 8
1750949112122 0.9891186071817193 9
1750949112751 0.9897986942328618 10
1750949114180 0.9877584330794341 11
1750949114832 0.9908868335146899 12
1750949115480 0.9922470076169749 13
1750949116128 0.9911588683351469 14
1750949116777 0.9938792165397171 15
1750949117425 0.9952393906420022 16
1750949118074 0.9936071817192601 17
1750949118721 0.9953754080522307 18
1750949119375 0.9940152339499456 19
1750949120025 0.9953754080522307 20
1750949120676 0.9938792165397171 21
1750949121324 0.9948313384113167 22
1750949121972 0.9971436343852013 23
1750949122623 0.9971436343852013 24
1750949123273 0.9968715995647442 25
1750949123923 0.9960554951033732 26
1750949124573 0.9975516866158868 27
1750949125222 0.9976877040261154 28
1750949125873 0.9967355821545157 29
1750949126527 0.998911860718172 30
1750949127182 0.9971436343852013 31
1750949127835 0.9968715995647442 32
1750949128487 0.9971436343852013 33
1750949129142 0.9976877040261154 34
1750949129796 0.999183895538629 35
1750949130453 0.9978237214363439 36
1750949131110 0.9978237214363439 37
1750949131764 0.9990478781284005 38
1750949132418 0.9978237214363439 39
1750949133073 0.9971436343852013 40
1750949133728 0.9993199129488575 41
1750949134388 0.9982317736670294 42
1750949135043 0.9998639825897715 43
1750949135702 0.9990478781284005 44
1750949136359 0.9978237214363439 45
1750949137018 0.9990478781284005 46
1750949137679 0.9963275299238302 47
1750949138337 0.9976877040261154 48
1750949138997 0.9982317736670294 49
1750949139657 0.999183895538629 50
1750949140319 0.9985038084874864 51
1750949140981 0.9976877040261154 52
1750949141641 0.9978237214363439 53
1750949142303 0.999455930359086 54
1750949142966 0.9986398258977149 55
1750949143630 0.9998639825897715 56
1750949144292 0.9986398258977149 57
1750949144955 0.9990478781284005 58
1750949145623 0.9990478781284005 59
1750949146289 0.9987758433079434 60
1750949146954 0.9980957562568009 61
1750949147621 0.9983677910772579 62
1750949148287 0.9986398258977149 63
1750949148952 0.9985038084874864 64
1750949149617 0.999727965179543 65
1750949150284 0.9998639825897715 66
1750949150953 0.9995919477693145 67
1750949151166 0.9995919477693145 0
1750949106491 0.8667029379760609 0
1750949151166 0.9995919477693145 0
