1750949106428 0.5934251986435889 0
1750949107023 0.16824955219186039 1
1750949107643 0.10377912911646255 2
1750949108265 0.07981917788036436 3
1750949108893 0.0642122084009375 4
1750949109523 0.054027329795913806 5
1750949110154 0.047017253615099924 6
1750949110786 0.04436728198758212 7
1750949111417 0.036754144805608166 8
1750949112044 0.03835061276929455 9
1750949112671 0.033025293883596984 10
1750949114099 0.03328753310388463 11
1750949114753 0.028828665497079412 12
1750949115401 0.024464152090583845 13
1750949116049 0.026710437643174507 14
1750949116697 0.01972518380279364 15
1750949117346 0.018075444538225304 16
1750949117995 0.019317522802835045 17
1750949118643 0.01665479338310367 18
1750949119295 0.0186027067985033 19
1750949119945 0.017092789217254087 20
1750949120596 0.02050189934878674 21
1750949121245 0.017628537521872902 22
1750949121892 0.01273728868573442 23
1750949122543 0.011549499115660397 24
1750949123193 0.01076873569099194 25
1750949123843 0.011858373858408051 26
1750949124492 0.009933234578539679 27
1750949125142 0.008510933533793274 28
1750949125793 0.010892236014025973 29
1750949126446 0.005562496786938131 30
1750949127100 0.00926351987674956 31
1750949127754 0.010577399383420788 32
1750949128406 0.008889033291787841 33
1750949129060 0.008100237347483554 34
1750949129715 0.0049665726253329484 35
1750949130372 0.0070342144424575094 36
1750949131029 0.008689781979498604 37
1750949131683 0.0042045166052766935 38
1750949132337 0.008294989241343356 39
1750949132991 0.008964622648597783 40
1750949133646 0.003341779551495138 41
1750949134303 0.005490577695502366 42
1750949134962 0.0021940140398252162 43
1750949135620 0.00437136199081155 44
1750949136277 0.008874801340271233 45
1750949136934 0.005775553751706477 46
1750949137596 0.011364829013014154 47
1750949138255 0.008189454275691097 48
1750949138915 0.006887049157128358 49
1750949139575 0.003860844191348345 50
1750949140236 0.005111989469173181 51
1750949140898 0.008657060064603038 52
1750949141558 0.007878972928172613 53
1750949142220 0.0033534727696580427 54
1750949142882 0.004409966448684739 55
1750949143546 0.001836540125456035 56
1750949144209 0.004591789456781469 57
1750949144872 0.004380572492117924 58
1750949145538 0.004442946422985482 59
1750949146204 0.004909179427965531 60
1750949146869 0.006151585912824424 61
1750949147537 0.005567076730171864 62
1750949148202 0.003891693220710837 63
1750949148867 0.004292440489812066 64
1750949149533 0.0020582406876842574 65
1750949150200 0.001725245213477754 66
1750949150868 0.0028131725249632886 67
1750949151166 0.0028131725249632886 0
1750949106428 0.5934251986435889 0
1750949151166 0.0028131725249632886 0
