1750949106513 0.8648183943648067 0
1750949107126 0.9584380471007267 1
1750949107746 0.971146318433034 2
1750949108368 0.975372099633185 3
1750949108997 0.979322864587422 4
1750949109626 0.9842169159882386 5
1750949110258 0.9855825053643703 6
1750949110891 0.9858555625242257 7
1750949111522 0.9873513954610684 8
1750949112148 0.9891183300468473 9
1750949112777 0.989798565772555 10
1750949114207 0.9877581213027032 11
1750949114858 0.9908877130593837 12
1750949115507 0.9922471030481265 13
1750949116154 0.9911593873929555 14
1750949116804 0.9938797074811622 15
1750949117451 0.9952397724853483 16
1750949118100 0.9936071012174678 17
1750949118748 0.9953752902699101 18
1750949119402 0.9940149223111281 19
1750949120052 0.9953757137580463 20
1750949120702 0.9938789432821292 21
1750949121351 0.9948310251668423 22
1750949121998 0.9971437704180703 23
1750949122649 0.9971436371492047 24
1750949123299 0.996871478719298 25
1750949123949 0.9960557266830109 26
1750949124599 0.9975518029953416 27
1750949125249 0.9976876749084458 28
1750949125900 0.9967354990140542 29
1750949126554 0.9989118330046848 30
1750949127209 0.9971437374319739 31
1750949127862 0.9968715601702502 32
1750949128514 0.9971436695440467 33
1750949129168 0.9976877324880378 34
1750949129823 0.999183895538629 35
1750949130480 0.9978230539943231 36
1750949131137 0.9978231245786775 37
1750949131791 0.9990478898480155 38
1750949132445 0.9978236081131375 39
1750949133100 0.9971435984163153 40
1750949133755 0.9993199374838034 41
1750949134415 0.9982317514005762 42
1750949135071 0.9998639842640021 43
1750949135730 0.9990478898480155 44
1750949136386 0.997823564136675 45
1750949137046 0.9990478712081422 46
1750949137707 0.9963275259864324 47
1750949138364 0.9976877609132188 48
1750949139024 0.9982318374578886 49
1750949139685 0.999183906673786 50
1750949140347 0.998503750691838 51
1750949141009 0.9976877597483967 52
1750949141669 0.9978237743946219 53
1750949142330 0.999455930359086 54
1750949142994 0.9986398589966387 55
1750949143658 0.9998639808769674 56
1750949144320 0.9986398258977149 57
1750949144983 0.9990478898480155 58
1750949145651 0.9990478661387717 59
1750949146316 0.9987758658060989 60
1750949146983 0.9980954585693963 61
1750949147649 0.9983678307959666 62
1750949148315 0.9986398589966387 63
1750949148980 0.9985037896466413 64
1750949149646 0.999727965179543 65
1750949150313 0.9998639842640021 66
1750949150981 0.9995919527920066 67
1750949151166 0.9995919527920066 0
1750949106513 0.8648183943648067 0
1750949151166 0.9995919527920066 0
