1750949106469 0.8666266154690278 0
1750949107075 0.958439913658067 1
1750949107695 0.9711395621808997 2
1750949108317 0.9753764387970372 3
1750949108945 0.9793230842187163 4
1750949109574 0.9842210946947318 5
1750949110207 0.9855832493447234 6
1750949110839 0.9858650421175067 7
1750949111470 0.9873572494728263 8
1750949112096 0.9891184501305365 9
1750949112724 0.9897985368048582 10
1750949114153 0.9877582052012475 11
1750949114806 0.9908916651958339 12
1750949115454 0.9922472986565817 13
1750949116101 0.9911624027211301 14
1750949116751 0.9938851284798985 15
1750949117398 0.9952451032730385 16
1750949118048 0.9936071212884616 17
1750949118695 0.9953755768052662 18
1750949119349 0.9940162219378093 19
1750949119999 0.9953797920187003 20
1750949120649 0.9938792454323591 21
1750949121298 0.9948332383442333 22
1750949121945 0.9971456562580683 23
1750949122596 0.9971437721941276 24
1750949123246 0.9968722714558329 25
1750949123896 0.9960584892304648 26
1750949124546 0.9975535460515407 27
1750949125196 0.9976877475208938 28
1750949125847 0.9967358217345553 29
1750949126500 0.9989122136214179 30
1750949127154 0.9971447544848443 31
1750949127809 0.9968716222744074 32
1750949128461 0.9971438062686824 33
1750949129114 0.9976878626700268 34
1750949129769 0.999183895538629 35
1750949130426 0.9978255618723284 36
1750949131083 0.9978229179185455 37
1750949131737 0.9990480036733882 38
1750949132391 0.9978251233443101 39
1750949133046 0.9971436640232362 40
1750949133701 0.9993208815775944 41
1750949134360 0.9982318310185515 42
1750949135017 0.999864088275405 43
1750949135675 0.9990480036733882 44
1750949136331 0.9978236410116595 45
1750949136990 0.9990480852591762 46
1750949137652 0.9963280176155845 47
1750949138310 0.9976883436034201 48
1750949138970 0.9982328180312193 49
1750949139630 0.999184152272758 50
1750949140292 0.9985046106455305 51
1750949140954 0.9976883547667129 52
1750949141613 0.997824234368015 53
1750949142275 0.999455930359086 54
1750949142939 0.9986403000362345 55
1750949143602 0.9998640815115244 56
1750949144265 0.9986398258977149 57
1750949144927 0.9990480036733882 58
1750949145595 0.999047956265038 59
1750949146261 0.9987764153690476 60
1750949146926 0.9980952584649833 61
1750949147593 0.998368278146828 62
1750949148259 0.9986403000362345 63
1750949148924 0.9985038727673803 64
1750949149589 0.999727965179543 65
1750949150256 0.999864088275405 66
1750949150924 0.9995920600747327 67
1750949151166 0.9995920600747327 0
1750949106469 0.8666266154690278 0
1750949151166 0.9995920600747327 0
