1750855728690 1.307435568191022 0
1750855729146 0.9274131815244117 1
1750855729611 0.711159462054484 2
1750855730074 0.5688669859260418 3
1750855730538 0.45644238396619685 4
1750855731002 0.380520439965162 5
1750855731468 0.32313250350614886 6
1750855731935 0.2753576770732919 7
1750855732398 0.24513057811475553 8
1750855732863 0.21404827913924063 9
1750855733326 0.19109625036101605 10
1750855733793 0.1714200475886545 11
1750855734259 0.1529263842190181 12
1750855734728 0.14045381879229282 13
1750855735195 0.128451888932886 14
1750855735665 0.11702260644184233 15
1750855736132 0.10720733761527981 16
1750855736598 0.10173899595249723 17
1750855737062 0.09444782113954343 18
1750855737528 0.08799269223855291 19
1750855737996 0.08475706706044464 20
1750855738463 0.08151152332731897 21
1750855738928 0.07496977203461758 22
1750855739395 0.07350060822071267 23
1750855739860 0.06673814957886448 24
1750855740328 0.06424675730864747 25
1750855740796 0.06199411072963859 26
1750855741266 0.06065986779953178 27
1750855741733 0.0597415058078068 28
1750855742199 0.05373535042586083 29
1750855742667 0.05281590454085802 30
1750855743132 0.05331591756911026 31
1750855743597 0.04897498715591898 32
1750855744063 0.04804276747140583 33
1750855744530 0.047210123503461106 34
1750855744998 0.04552325614048036 35
1750855745467 0.043540992530851225 36
1750855745934 0.042393674722328474 37
1750855728690 1.307435568191022 0
