1750855608154 1.4382719089468623 0
1750855608401 1.0689924437151381 1
1750855608656 0.8709144499537994 2
1750855608911 0.7361194296811947 3
1750855609165 0.6296598860047458 4
1750855609421 0.5426158097545263 5
1750855609678 0.47801683669640266 6
1750855609934 0.4310689218609844 7
1750855610189 0.3824518560001199 8
1750855610445 0.3530465423152807 9
1750855610701 0.31834010171812427 10
1750855610958 0.29053260381125784 11
1750855611214 0.26771548568748416 12
1750855611471 0.24388341856988652 13
1750855611728 0.22047027094255203 14
1750855611987 0.2138597997993847 15
1750855612245 0.1925135836313287 16
1750855612501 0.18155015970988683 17
1750855612759 0.17336919859975933 18
1750855613018 0.1649372554399373 19
1750855613275 0.15218433084308908 20
1750855613532 0.143091256863015 21
1750855613790 0.13625455723915317 22
1750855614051 0.12443396270729123 23
1750855614312 0.1228682717087479 24
1750855614573 0.11956753572844317 25
1750855614835 0.1128850753405927 26
1750855615097 0.10945728299602202 27
1750855615358 0.1001726523187656 28
1750855615619 0.09832327319988099 29
1750855615881 0.09308373602157838 30
1750855616143 0.0916123601594804 31
1750855616404 0.09012786658142286 32
1750855616665 0.08496076190465163 33
1750855616931 0.08062724163502423 34
1750855617194 0.08007427697374979 35
1750855617457 0.07883425317177704 36
1750855617718 0.07549182094544399 37
1750855617981 0.071879980143188 38
1750855618243 0.06863350143921648 39
1750855618507 0.0691075179729939 40
1750855618768 0.06580746194126816 41
1750855619030 0.06325528422072611 42
1750855619294 0.06359688260301671 43
1750855619557 0.06147955447613739 44
1750855619818 0.06067529839784783 45
1750855620078 0.055079873606676114 46
1750855620340 0.05714826258274365 47
1750855620602 0.057019546323975746 48
1750855620863 0.0550746395413777 49
1750855621128 0.053684413473611296 50
1750855621392 0.05175604147510248 51
1750855621655 0.05365847530283269 52
1750855621919 0.05238213301337323 53
1750855622184 0.0485776271934543 54
1750855622449 0.04852744955589774 55
1750855622714 0.04799334843510253 56
1750855622980 0.04628682283885266 57
1750855623247 0.04387887785772634 58
1750855623512 0.042913346659793426 59
1750855623778 0.042832192155138324 60
1750855624044 0.04240094299577136 61
1750855624308 0.04143321684179615 62
1750855608154 1.4382719089468623 0
