1750949549994 0.8578192120810664 0
1750949557074 0.9586199859052843 1
1750949557701 0.968127227080745 2
1750949558322 0.9773986370327008 3
1750949558953 0.9819073222214066 4
1750949559581 0.9822061124813767 5
1750949560212 0.9823392204114629 6
1750949560846 0.985312191760011 7
1750949561482 0.986536286098517 8
1750949562110 0.9855951611406203 9
1750949562739 0.9872146418490653 10
1750949563367 0.9887074281060623 11
1750949563995 0.9880458723111283 12
1750949564626 0.9891253234186274 13
1750949565257 0.9896657443605362 14
1750949565888 0.9907628286119765 15
1750949566521 0.990758873093991 16
1750949567152 0.9919784171393526 17
1750949567784 0.9900721798364742 18
1750949568418 0.9904786743371096 19
1750949569051 0.9892597206088408 20
1750949569683 0.9903451915020971 21
1750949570316 0.9936106987082728 22
1750949570952 0.9919764526395631 23
1750949571587 0.9919784171393526 24
1750949572221 0.9933355365448211 25
1750949572856 0.9929321625661801 26
1750949573492 0.993877181283534 27
1750949574128 0.9930605924708621 28
1750949574766 0.9938885967721659 29
1750949575404 0.9944250729260549 30
1750949576040 0.9902081165349652 31
1750949576677 0.9934727977908621 32
1750949577321 0.9941525159606361 33
1750949577957 0.9942873302327522 34
1750949578596 0.9938808420390677 35
1750949579236 0.9941498001156946 36
1750949579875 0.9956494747063493 37
1750949580517 0.9938794678606153 38
1750949581156 0.9960566909384693 39
1750949581796 0.9942882863239879 40
1750949582437 0.9938853372806309 41
1750949583079 0.994156509079687 42
1750949583720 0.9945580708943963 43
1750949584365 0.9951145485878554 44
1750949585008 0.9944232465349481 45
1750949585652 0.9957850430309625 46
1750949586292 0.9944235242619598 47
1750949586939 0.9946962065519038 48
1750949587172 0.9946962065519038 0
1750949549994 0.8578192120810664 0
1750949587172 0.9946962065519038 0
