1750949549953 0.600190346142413 0
1750949557020 0.17044343401285716 1
1750949557650 0.10834240977438542 2
1750949558270 0.08070421549648663 3
1750949558897 0.06513194177174075 4
1750949559529 0.05707547631645747 5
1750949560160 0.054555377784115185 6
1750949560794 0.047541486741863474 7
1750949561431 0.04346430917818735 8
1750949562059 0.04365862069106271 9
1750949562687 0.04003544730439344 10
1750949563314 0.039349826277761644 11
1750949563942 0.03829963748688861 12
1750949564573 0.0371078204984804 13
1750949565204 0.032878996747605686 14
1750949565835 0.027823449233070553 15
1750949566468 0.027743626986878545 16
1750949567099 0.02754530974413482 17
1750949567731 0.028849889663624718 18
1750949568364 0.031066185088424868 19
1750949568999 0.03572962460157758 20
1750949569630 0.029401947504012836 21
1750949570263 0.024257799026772168 22
1750949570899 0.025381561894662945 23
1750949571535 0.02409684440725046 24
1750949572167 0.02024470931233208 25
1750949572802 0.022894388934246734 26
1750949573439 0.020499429366043622 27
1750949574074 0.021683605858028518 28
1750949574712 0.018996485888246564 29
1750949575350 0.01867201870436029 30
1750949575987 0.03307655485452308 31
1750949576623 0.025309542016662308 32
1750949577267 0.01957723470273001 33
1750949577903 0.01978267771997555 34
1750949578542 0.02085946178797458 35
1750949579182 0.01811661610483183 36
1750949579822 0.014775242923755883 37
1750949580463 0.01785025605095816 38
1750949581102 0.014271710229626125 39
1750949581742 0.018303976112001772 40
1750949582383 0.019974627878904035 41
1750949583024 0.020515336663694293 42
1750949583665 0.023692570063280464 43
1750949584310 0.016358375316739115 44
1750949584952 0.017356903187350912 45
1750949585597 0.014708695205848693 46
1750949586238 0.016877018223831815 47
1750949586883 0.01967199274994457 48
1750949587172 0.01967199274994457 0
1750949549953 0.600190346142413 0
1750949587172 0.01967199274994457 0
