1750949549973 0.8535092491838956 0
1750949557047 0.9586507072905331 1
1750949557676 0.9681719260065288 2
1750949558296 0.9774211099020674 3
1750949558923 0.9819096844396082 4
1750949559555 0.9821817192600653 5
1750949560186 0.9823177366702938 6
1750949560820 0.985310119695321 7
1750949561456 0.9865342763873776 8
1750949562084 0.985582154515778 9
1750949562713 0.9872143634385201 10
1750949563341 0.9887105549510338 11
1750949563969 0.9880304678998912 12
1750949564600 0.9891186071817193 13
1750949565230 0.9896626768226333 14
1750949565862 0.9907508161044614 15
1750949566495 0.9907508161044614 16
1750949567126 0.9919749727965179 17
1750949567757 0.9900707290533188 18
1750949568391 0.9904787812840044 19
1750949569025 0.9892546245919478 20
1750949569657 0.9903427638737758 21
1750949570290 0.9936071817192601 22
1750949570926 0.9919749727965179 23
1750949571561 0.9919749727965179 24
1750949572194 0.9933351468988031 25
1750949572829 0.9929270946681176 26
1750949573465 0.9938792165397171 27
1750949574101 0.9930631120783461 28
1750949574739 0.9938792165397171 29
1750949575377 0.9944232861806311 30
1750949576014 0.9902067464635473 31
1750949576650 0.9934711643090316 32
1750949577294 0.9941512513601741 33
1750949577930 0.9942872687704026 34
1750949578569 0.9938792165397171 35
1750949579209 0.9941512513601741 36
1750949579848 0.9956474428726877 37
1750949580490 0.9938792165397171 38
1750949581129 0.9960554951033732 39
1750949581769 0.9942872687704026 40
1750949582410 0.9938792165397171 41
1750949583051 0.9941512513601741 42
1750949583693 0.9945593035908596 43
1750949584337 0.9951033732317737 44
1750949584980 0.9944232861806311 45
1750949585624 0.9957834602829162 46
1750949586265 0.9944232861806311 47
1750949586911 0.9946953210010882 48
1750949587172 0.9946953210010882 0
1750949549973 0.8535092491838956 0
1750949587172 0.9946953210010882 0
