1750949550037 0.8523860924697284 0
1750949557126 0.9585698862370152 1
1750949557752 0.9681465970009886 2
1750949558374 0.9774092346896535 3
1750949559004 0.9819038587324749 4
1750949559633 0.9821843170013149 5
1750949560264 0.9823201794310589 6
1750949560899 0.985310647507166 7
1750949561534 0.9865330398650877 8
1750949562162 0.9855837452780702 9
1750949562791 0.9872137118300836 10
1750949563419 0.9887087833049311 11
1750949564047 0.9880302130343207 12
1750949564678 0.9891194662281855 13
1750949565309 0.9896617128478288 14
1750949565942 0.9907518365934792 15
1750949566574 0.9907516534662127 16
1750949567205 0.991975443941298 17
1750949567837 0.9900710575921546 18
1750949568471 0.9904782636330878 19
1750949569103 0.9892537086946559 20
1750949569736 0.9903431131035576 21
1750949570369 0.9936074845458313 22
1750949571007 0.9919752623088793 23
1750949571640 0.991975443941298 24
1750949572274 0.9933348894454609 25
1750949572909 0.9929289718280476 26
1750949573546 0.9938778431453742 27
1750949574181 0.9930617946903391 28
1750949574819 0.9938798321368372 29
1750949575457 0.994422919237104 30
1750949576094 0.9902069834943683 31
1750949576731 0.9934699682635341 32
1750949577375 0.9941506961739102 33
1750949578011 0.9942871869394185 34
1750949578650 0.9938781489897623 35
1750949579290 0.9941503779013587 36
1750949579930 0.9956476497694962 37
1750949580571 0.9938792918800998 38
1750949581210 0.9960556374060593 39
1750949581851 0.9942869712969858 40
1750949582491 0.9938796209740297 41
1750949583133 0.9941505926533785 42
1750949583775 0.9945586311384884 43
1750949584420 0.9951039134906654 44
1750949585063 0.9944232159556634 45
1750949585706 0.9957842030288072 46
1750949586348 0.994423354824091 47
1750949586994 0.9946953245983313 48
1750949587172 0.9946953245983313 0
1750949550037 0.8523860924697284 0
1750949587172 0.9946953245983313 0
