1750949550015 0.8535092491838956 0
1750949557100 0.9586507072905331 1
1750949557727 0.9681719260065288 2
1750949558348 0.9774211099020674 3
1750949558978 0.9819096844396082 4
1750949559607 0.9821817192600653 5
1750949560238 0.9823177366702938 6
1750949560873 0.985310119695321 7
1750949561508 0.9865342763873776 8
1750949562136 0.985582154515778 9
1750949562765 0.9872143634385201 10
1750949563393 0.9887105549510338 11
1750949564021 0.9880304678998912 12
1750949564652 0.9891186071817193 13
1750949565283 0.9896626768226333 14
1750949565915 0.9907508161044614 15
1750949566547 0.9907508161044614 16
1750949567178 0.9919749727965179 17
1750949567810 0.9900707290533188 18
1750949568444 0.9904787812840044 19
1750949569077 0.9892546245919478 20
1750949569710 0.9903427638737758 21
1750949570343 0.9936071817192601 22
1750949570980 0.9919749727965179 23
1750949571614 0.9919749727965179 24
1750949572248 0.9933351468988031 25
1750949572883 0.9929270946681176 26
1750949573519 0.9938792165397171 27
1750949574155 0.9930631120783461 28
1750949574793 0.9938792165397171 29
1750949575430 0.9944232861806311 30
1750949576067 0.9902067464635473 31
1750949576704 0.9934711643090316 32
1750949577348 0.9941512513601741 33
1750949577984 0.9942872687704026 34
1750949578623 0.9938792165397171 35
1750949579263 0.9941512513601741 36
1750949579902 0.9956474428726877 37
1750949580544 0.9938792165397171 38
1750949581183 0.9960554951033732 39
1750949581823 0.9942872687704026 40
1750949582464 0.9938792165397171 41
1750949583106 0.9941512513601741 42
1750949583748 0.9945593035908596 43
1750949584392 0.9951033732317737 44
1750949585035 0.9944232861806311 45
1750949585679 0.9957834602829162 46
1750949586321 0.9944232861806311 47
1750949586966 0.9946953210010882 48
1750949587172 0.9946953210010882 0
1750949550015 0.8535092491838956 0
1750949587172 0.9946953210010882 0
