1750948941811 0.8465014688835979 0
1750948942425 0.9552678143621929 1
1750948943045 0.9693656291745248 2
1750948943666 0.9746851009693853 3
1750948944293 0.9790527147780219 4
1750948944921 0.9823174418991834 5
1750948945552 0.9839505236395947 6
1750948946184 0.9843583790802781 7
1750948946816 0.9878948872116993 8
1750948947445 0.9877592851032814 9
1750948948071 0.9891191244237407 10
1750948948698 0.9889832365973753 11
1750948949325 0.9908871622829646 12
1750948949951 0.9911589771601442 13
1750948950580 0.9926555710619689 14
1750948951207 0.9912950975784877 15
1750948951835 0.9927911659921176 16
1750948952463 0.9914317649915717 17
1750948953092 0.9945594359865548 18
1750948953721 0.9933355381885357 19
1750948954351 0.9955114807120732 20
1750948954981 0.9951031182545593 21
1750948955613 0.996871478719298 22
1750948956244 0.9948313384113167 23
1750948956879 0.9968717124254953 24
1750948957511 0.998639755070711 25
1750948958145 0.99795981245141 26
1750948958777 0.9959194776931447 27
1750948959408 0.9972797811059352 28
1750948960041 0.99795981245141 29
1750948960675 0.9978236660093694 30
1750948961309 0.9971441134833822 31
1750948961944 0.9989118521541515 32
1750948962580 0.998911860718172 33
1750948963219 0.9967360291529131 34
1750948963855 0.9987757960205947 35
1750948964490 0.9982317514005762 36
1750948964667 0.9982317514005762 0
1750948941811 0.8465014688835979 0
1750948964667 0.9982317514005762 0
