1750948941768 0.854166586854063 0
1750948942374 0.9554471304136399 1
1750948942994 0.969350574958147 2
1750948943615 0.9746746539526976 3
1750948944242 0.9790633099966259 4
1750948944869 0.9823176224020606 5
1750948945501 0.9839521011637493 6
1750948946132 0.9843592710225022 7
1750948946762 0.9878962143406569 8
1750948947394 0.9877636969110993 9
1750948948019 0.9891212300942641 10
1750948948645 0.988986364272537 11
1750948949274 0.9908883890931881 12
1750948949899 0.9911591858538927 13
1750948950528 0.9926596920195259 14
1750948951155 0.9912957090222595 15
1750948951783 0.9927913550579262 16
1750948952410 0.991440719677934 17
1750948953039 0.9945599716951372 18
1750948953669 0.9933384411697233 19
1750948954298 0.9955116370646488 20
1750948954929 0.9951044794825239 21
1750948955561 0.9968722714558329 22
1750948956191 0.9948313384113167 23
1750948956825 0.9968727385982505 24
1750948957459 0.9986413165028459 25
1750948958091 0.9979608021446256 26
1750948958724 0.9959194776931447 27
1750948959355 0.9972815358593705 28
1750948959988 0.9979608021446256 29
1750948960622 0.9978240176779866 30
1750948961257 0.9971452215394178 31
1750948961890 0.9989119457831812 32
1750948962526 0.998911860718172 33
1750948963166 0.9967365735531075 34
1750948963802 0.9987766671771469 35
1750948964437 0.9982318310185515 36
1750948964667 0.9982318310185515 0
1750948941768 0.854166586854063 0
1750948964667 0.9982318310185515 0
