1750948941747 0.8491566920565833 0
1750948942348 0.955386289445049 1
1750948942968 0.9693960826985855 2
1750948943589 0.9747007616974973 3
1750948944216 0.9790533188248096 4
1750948944844 0.9823177366702938 5
1750948945475 0.983949945593036 6
1750948946107 0.9843579978237215 7
1750948946734 0.9878944504896626 8
1750948947368 0.9877584330794341 9
1750948947992 0.9891186071817193 10
1750948948619 0.9889825897714908 11
1750948949248 0.9908868335146899 12
1750948949874 0.9911588683351469 13
1750948950501 0.9926550598476604 14
1750948951129 0.9912948857453754 15
1750948951757 0.9927910772578891 16
1750948952384 0.9914309031556039 17
1750948953013 0.9945593035908596 18
1750948953643 0.9933351468988031 19
1750948954271 0.9955114254624592 20
1750948954902 0.9951033732317737 21
1750948955534 0.9968715995647442 22
1750948956164 0.9948313384113167 23
1750948956797 0.9968715995647442 24
1750948957433 0.9986398258977149 25
1750948958065 0.9979597388465724 26
1750948958698 0.9959194776931447 27
1750948959328 0.9972796517954298 28
1750948959961 0.9979597388465724 29
1750948960595 0.9978237214363439 30
1750948961230 0.9971436343852013 31
1750948961864 0.998911860718172 32
1750948962499 0.998911860718172 33
1750948963138 0.9967355821545157 34
1750948963775 0.9987758433079434 35
1750948964410 0.9982317736670294 36
1750948964667 0.9982317736670294 0
1750948941747 0.8491566920565833 0
1750948964667 0.9982317736670294 0
