1750948941726 0.6630385252479889 0
1750948942322 0.19393470460169981 1
1750948942942 0.11681955022346208 2
1750948943563 0.08384869029589395 3
1750948944190 0.06813447128361146 4
1750948944818 0.057614112866716104 5
1750948945448 0.04957708336364263 6
1750948946081 0.04671952183945135 7
1750948946708 0.03874145497712869 8
1750948947342 0.03511697939324463 9
1750948947967 0.033900034939211524 10
1750948948593 0.030584341915824955 11
1750948949222 0.028348691840032855 12
1750948949848 0.02711163132863932 13
1750948950475 0.023074750601029242 14
1750948951103 0.022727893290218366 15
1750948951731 0.021030623846564754 16
1750948952358 0.02393036637043781 17
1750948952987 0.017803165928376545 18
1750948953616 0.017562798043749456 19
1750948954245 0.014245820445058233 20
1750948954876 0.01374724355079862 21
1750948955508 0.01323119159514273 22
1750948956138 0.014959951596673056 23
1750948956769 0.01057172763266249 24
1750948957405 0.007237157892330395 25
1750948958038 0.008313560995559074 26
1750948958671 0.012247083254256797 27
1750948959302 0.00814947568782594 28
1750948959935 0.00717524114254633 29
1750948960568 0.007864859459315698 30
1750948961203 0.012503278795976833 31
1750948961837 0.007579090858083036 32
1750948962471 0.006464511233291227 33
1750948963111 0.009795435810065398 34
1750948963748 0.005166611273041333 35
1750948964383 0.007402111393548001 36
1750948964667 0.007402111393548001 0
1750948941726 0.6630385252479889 0
1750948964667 0.007402111393548001 0
