1750948941789 0.8491566920565833 0
1750948942400 0.955386289445049 1
1750948943019 0.9693960826985855 2
1750948943640 0.9747007616974973 3
1750948944267 0.9790533188248096 4
1750948944895 0.9823177366702938 5
1750948945526 0.983949945593036 6
1750948946158 0.9843579978237215 7
1750948946789 0.9878944504896626 8
1750948947420 0.9877584330794341 9
1750948948045 0.9891186071817193 10
1750948948672 0.9889825897714908 11
1750948949299 0.9908868335146899 12
1750948949925 0.9911588683351469 13
1750948950554 0.9926550598476604 14
1750948951181 0.9912948857453754 15
1750948951809 0.9927910772578891 16
1750948952437 0.9914309031556039 17
1750948953066 0.9945593035908596 18
1750948953695 0.9933351468988031 19
1750948954324 0.9955114254624592 20
1750948954955 0.9951033732317737 21
1750948955587 0.9968715995647442 22
1750948956217 0.9948313384113167 23
1750948956853 0.9968715995647442 24
1750948957485 0.9986398258977149 25
1750948958118 0.9979597388465724 26
1750948958750 0.9959194776931447 27
1750948959381 0.9972796517954298 28
1750948960015 0.9979597388465724 29
1750948960648 0.9978237214363439 30
1750948961283 0.9971436343852013 31
1750948961917 0.998911860718172 32
1750948962553 0.998911860718172 33
1750948963192 0.9967355821545157 34
1750948963828 0.9987758433079434 35
1750948964464 0.9982317736670294 36
1750948964667 0.9982317736670294 0
1750948941789 0.8491566920565833 0
1750948964667 0.9982317736670294 0
