1751012284402 0.8480685527747551 0
1751012285012 0.9537540805223068 1
1751012285635 0.969532100108814 2
1751012286256 0.9747007616974973 3
1751012286884 0.9801414581066377 4
1751012287513 0.9806855277475517 5
1751012288143 0.9819096844396082 6
1751012288777 0.986126224156692 7
1751012289414 0.985582154515778 8
1751012290047 0.9866702937976061 9
1751012290676 0.9880304678998912 10
1751012291305 0.9885745375408053 11
1751012291932 0.9892546245919478 12
1751012292568 0.9877584330794341 13
1751012293197 0.9908868335146899 14
1751012293827 0.9878944504896626 15
1751012294462 0.9892546245919478 16
1751012295095 0.9915669205658324 17
1751012295731 0.9907508161044614 18
1751012296365 0.9915669205658324 19
1751012297001 0.9917029379760609 20
1751012297635 0.9908868335146899 21
1751012298270 0.9908868335146899 22
1751012298905 0.9914309031556039 23
1751012299538 0.9914309031556039 24
1751012300177 0.9919749727965179 25
1751012300814 0.9940152339499456 26
1751012301453 0.9934711643090316 27
1751012302088 0.9918389553862894 28
1751012302728 0.9917029379760609 29
1751012303369 0.9937431991294886 30
1751012304009 0.9887105549510338 31
1751012304648 0.9914309031556039 32
1751012305284 0.9948313384113167 33
1751012305923 0.9944232861806311 34
1751012306563 0.9956474428726877 35
1751012307204 0.9946953210010882 36
1751012307845 0.9937431991294886 37
1751012308486 0.9927910772578891 38
1751012309127 0.9944232861806311 39
1751012309768 0.9949673558215452 40
1751012310412 0.9949673558215452 41
1751012311056 0.9953754080522307 42
1751012311696 0.9952393906420022 43
1751012312342 0.9930631120783461 44
1751012312985 0.9961915125136017 45
1751012313631 0.9956474428726877 46
1751012314274 0.9952393906420022 47
1751012314920 0.9964635473340587 48
1751012315565 0.9940152339499456 49
1751012316212 0.9936071817192601 50
1751012316863 0.9915669205658324 51
1751012317508 0.9964635473340587 52
1751012318156 0.9970076169749728 53
1751012318804 0.9957834602829162 54
1751012319453 0.9949673558215452 55
1751012320100 0.9953754080522307 56
1751012320751 0.9942872687704026 57
1751012321400 0.9952393906420022 58
1751012322053 0.9931991294885746 59
1751012322270 0.9931991294885746 0
1751012284402 0.8480685527747551 0
1751012322270 0.9931991294885746 0
