1751012284381 0.8559052292370788 0
1751012284987 0.9537173606142859 1
1751012285609 0.9694978437913728 2
1751012286229 0.9746949428323599 3
1751012286858 0.9801514021538564 4
1751012287486 0.9806784923117046 5
1751012288117 0.9819034684083522 6
1751012288751 0.9861317900950463 7
1751012289387 0.9855770407883794 8
1751012290021 0.9866966990923095 9
1751012290649 0.9880269741291506 10
1751012291278 0.9885796960958371 11
1751012291906 0.9892612141832224 12
1751012292541 0.9877611791334131 13
1751012293170 0.9908870277602744 14
1751012293800 0.9879014617702567 15
1751012294435 0.9892561026522715 16
1751012295069 0.9915669205658324 17
1751012295704 0.9907609567212975 18
1751012296338 0.9915889787738985 19
1751012296974 0.9917031973551232 20
1751012297608 0.9908859854907505 21
1751012298243 0.9908845869663344 22
1751012298878 0.9914279051341233 23
1751012299512 0.9914338355098394 24
1751012300150 0.9919734767458038 25
1751012300787 0.994019920023104 26
1751012301426 0.9934720931654522 27
1751012302062 0.991841256224275 28
1751012302701 0.9917170238231016 29
1751012303342 0.9937439060269179 30
1751012303982 0.9887018327161765 31
1751012304621 0.9914328260446942 32
1751012305257 0.9948321184624196 33
1751012305896 0.9944235242619598 34
1751012306536 0.9956480592527632 35
1751012307176 0.9946971097271617 36
1751012307817 0.9937474928617912 37
1751012308459 0.9927888740582252 38
1751012309100 0.9944291183971545 39
1751012309740 0.9949673300326056 40
1751012310385 0.9949674666751802 41
1751012311028 0.9953789505676628 42
1751012311669 0.9952424147834766 43
1751012312314 0.9930640151268735 44
1751012312957 0.9961926407782998 45
1751012313603 0.9956487684952822 46
1751012314247 0.9952446253392235 47
1751012314891 0.9964641249209827 48
1751012315537 0.9940172407425487 49
1751012316184 0.9936071212884616 50
1751012316831 0.9915697461003161 51
1751012317480 0.9964655938352126 52
1751012318127 0.9970081686997956 53
1751012318775 0.9957865919533175 54
1751012319424 0.9949674936304714 55
1751012320072 0.995377472359945 56
1751012320723 0.9942891168741534 57
1751012321372 0.995238246807979 58
1751012322024 0.9932017494154793 59
1751012322270 0.9932017494154793 0
1751012284381 0.8559052292370788 0
1751012322270 0.9932017494154793 0
