1751012284424 0.8434800583707671 0
1751012285037 0.9536690710593392 1
1751012285661 0.96950813629041 2
1751012286282 0.9746945550198002 3
1751012286910 0.980140983087866 4
1751012287539 0.9806816652347419 5
1751012288169 0.9819064693023601 6
1751012288803 0.9861271680213404 7
1751012289440 0.9855785535610129 8
1751012290073 0.98667233991882 9
1751012290703 0.9880275364750299 10
1751012291331 0.9885753327630625 11
1751012291959 0.9892554864669291 12
1751012292593 0.9877590149767083 13
1751012293223 0.9908864814866506 14
1751012293853 0.987897249045619 15
1751012294489 0.989255046764045 16
1751012295122 0.9915669205658324 17
1751012295757 0.9907517770036914 18
1751012296392 0.9915681562825319 19
1751012297028 0.9917026174729208 20
1751012297662 0.9908844816895434 21
1751012298297 0.9908853654275949 22
1751012298931 0.9914290504393536 23
1751012299566 0.9914305160464899 24
1751012300205 0.9919736323311715 25
1751012300841 0.9940155866723023 26
1751012301481 0.9934708243394124 27
1751012302117 0.9918383040515113 28
1751012302755 0.9917039320267791 29
1751012303396 0.9937433513845381 30
1751012304037 0.9887049738602894 31
1751012304675 0.9914306753295918 32
1751012305311 0.9948314603314458 33
1751012305950 0.994423354824091 34
1751012306591 0.995647548789244 35
1751012307231 0.9946950957869963 36
1751012307872 0.9937446880271493 37
1751012308514 0.9927898045426917 38
1751012309154 0.9944237334828366 39
1751012309796 0.9949672924477938 40
1751012310440 0.9949673490415815 41
1751012311083 0.995375617868432 42
1751012311724 0.9952396381926494 43
1751012312370 0.9930627528884964 44
1751012313013 0.9961916253451094 45
1751012313659 0.9956475882093885 46
1751012314302 0.9952391317841713 47
1751012314948 0.9964636333912607 48
1751012315593 0.9940133518530151 49
1751012316241 0.9936071012174678 50
1751012316891 0.9915670154783116 51
1751012317536 0.9964636998687332 52
1751012318184 0.9970076897926052 53
1751012318832 0.9957831413378908 54
1751012319481 0.9949673585855485 55
1751012320129 0.9953751202070208 56
1751012320779 0.9942875396387874 57
1751012321432 0.9952385993598917 58
1751012322081 0.9932000931118273 59
1751012322270 0.9932000931118273 0
1751012284424 0.8434800583707671 0
1751012322270 0.9932000931118273 0
