1751012284359 0.8480685527747551 0
1751012284962 0.9537540805223068 1
1751012285583 0.969532100108814 2
1751012286203 0.9747007616974973 3
1751012286831 0.9801414581066377 4
1751012287460 0.9806855277475517 5
1751012288091 0.9819096844396082 6
1751012288724 0.986126224156692 7
1751012289361 0.985582154515778 8
1751012289995 0.9866702937976061 9
1751012290622 0.9880304678998912 10
1751012291252 0.9885745375408053 11
1751012291880 0.9892546245919478 12
1751012292514 0.9877584330794341 13
1751012293144 0.9908868335146899 14
1751012293774 0.9878944504896626 15
1751012294407 0.9892546245919478 16
1751012295042 0.9915669205658324 17
1751012295676 0.9907508161044614 18
1751012296312 0.9915669205658324 19
1751012296948 0.9917029379760609 20
1751012297582 0.9908868335146899 21
1751012298216 0.9908868335146899 22
1751012298851 0.9914309031556039 23
1751012299485 0.9914309031556039 24
1751012300123 0.9919749727965179 25
1751012300761 0.9940152339499456 26
1751012301399 0.9934711643090316 27
1751012302035 0.9918389553862894 28
1751012302673 0.9917029379760609 29
1751012303312 0.9937431991294886 30
1751012303954 0.9887105549510338 31
1751012304594 0.9914309031556039 32
1751012305229 0.9948313384113167 33
1751012305869 0.9944232861806311 34
1751012306509 0.9956474428726877 35
1751012307148 0.9946953210010882 36
1751012307789 0.9937431991294886 37
1751012308431 0.9927910772578891 38
1751012309072 0.9944232861806311 39
1751012309712 0.9949673558215452 40
1751012310357 0.9949673558215452 41
1751012311001 0.9953754080522307 42
1751012311641 0.9952393906420022 43
1751012312286 0.9930631120783461 44
1751012312929 0.9961915125136017 45
1751012313574 0.9956474428726877 46
1751012314219 0.9952393906420022 47
1751012314863 0.9964635473340587 48
1751012315508 0.9940152339499456 49
1751012316155 0.9936071817192601 50
1751012316803 0.9915669205658324 51
1751012317452 0.9964635473340587 52
1751012318099 0.9970076169749728 53
1751012318746 0.9957834602829162 54
1751012319396 0.9949673558215452 55
1751012320044 0.9953754080522307 56
1751012320694 0.9942872687704026 57
1751012321344 0.9952393906420022 58
1751012321995 0.9931991294885746 59
1751012322270 0.9931991294885746 0
1751012284359 0.8480685527747551 0
1751012322270 0.9931991294885746 0
