1751012284339 0.678336856414496 0
1751012284935 0.21686241677653154 1
1751012285556 0.12612186975460965 2
1751012286177 0.0937942025840477 3
1751012286804 0.07592404350006023 4
1751012287434 0.06676871173886402 5
1751012288065 0.05951063514112518 6
1751012288698 0.050683983318888716 7
1751012289334 0.04953828467799997 8
1751012289969 0.044818614742296044 9
1751012290595 0.04354045447874186 10
1751012291225 0.04016270751378806 11
1751012291854 0.038353441864803384 12
1751012292487 0.03895062235335012 13
1751012293117 0.03178585182279511 14
1751012293747 0.03964812222916848 15
1751012294380 0.03651410415241651 16
1751012295014 0.029861068799970133 17
1751012295648 0.03130944756440356 18
1751012296284 0.027041822508731463 19
1751012296922 0.026455806506447032 20
1751012297555 0.027881586075972225 21
1751012298189 0.02863676347303629 22
1751012298824 0.027317428503335496 23
1751012299458 0.028906061023198093 24
1751012300093 0.02679745617836422 25
1751012300733 0.0250706325342901 26
1751012301372 0.023369617178484847 27
1751012302007 0.02324834528254493 28
1751012302646 0.02539260668013249 29
1751012303284 0.023974407521523414 30
1751012303927 0.03333608569401003 31
1751012304566 0.029272191462606612 32
1751012305202 0.020712705844885573 33
1751012305842 0.02009113699145072 34
1751012306481 0.017292525341087734 35
1751012307121 0.0202013525293007 36
1751012307761 0.02210074782339092 37
1751012308404 0.023763435321704964 38
1751012309044 0.019606135424806194 39
1751012309685 0.017049587356034054 40
1751012310329 0.018732793308932322 41
1751012310972 0.02092092604806061 42
1751012311613 0.021115951979344343 43
1751012312258 0.027612268157562767 44
1751012312901 0.018548422803650322 45
1751012313545 0.01971222288750509 46
1751012314191 0.01747621534953666 47
1751012314836 0.014314736227957902 48
1751012315481 0.019979041845003657 49
1751012316126 0.021205875720074794 50
1751012316774 0.025200081861479626 51
1751012317424 0.02029362824766758 52
1751012318070 0.015150210139634527 53
1751012318718 0.018463469305003755 54
1751012319367 0.018962447596379477 55
1751012320016 0.01609479861183982 56
1751012320665 0.017033552463137026 57
1751012321315 0.01933723517112896 58
1751012321967 0.021747490969284865 59
1751012322270 0.021747490969284865 0
1751012284339 0.678336856414496 0
1751012322270 0.021747490969284865 0
