1750949055250 0.8132480957562568 0
1750949055705 0.941784548422198 1
1750949056181 0.9605549510337323 2
1750949056655 0.9704842219804135 3
1750949057138 0.9744287268770403 4
1750949057614 0.9795973884657236 5
1750949058091 0.9819096844396082 6
1750949058569 0.9834058759521219 7
1750949059050 0.985310119695321 8
1750949059531 0.9873503808487486 9
1750949060013 0.9872143634385201 10
1750949060498 0.9892546245919478 11
1750949060984 0.9899347116430903 12
1750949061470 0.9903427638737758 13
1750949061956 0.9929270946681176 14
1750949062440 0.9896626768226333 15
1750949062925 0.9934711643090316 16
1750949063409 0.9934711643090316 17
1750949063896 0.9946953210010882 18
1750949064380 0.9944232861806311 19
1750949064865 0.9938792165397171 20
1750949065352 0.9952393906420022 21
1750949065838 0.9953754080522307 22
1750949066327 0.9960554951033732 23
1750949066813 0.9976877040261154 24
1750949067301 0.9963275299238302 25
1750949067786 0.9971436343852013 26
1750949068275 0.9974156692056583 27
1750949068761 0.9976877040261154 28
1750949069252 0.9986398258977149 29
1750949069741 0.9990478781284005 30
1750949070230 0.9983677910772579 31
1750949070719 0.9987758433079434 32
1750949071208 0.9986398258977149 33
1750949071697 0.9995919477693145 34
1750949072188 0.9995919477693145 35
1750949072677 0.999183895538629 36
1750949073167 0.999183895538629 37
1750949073659 0.9986398258977149 38
1750949074150 0.9978237214363439 39
1750949074642 0.9978237214363439 40
1750949075134 0.999455930359086 41
1750949075627 0.999183895538629 42
1750949076119 0.9993199129488575 43
1750949076613 0.9998639825897715 44
1750949077112 0.9993199129488575 45
1750949077606 0.9990478781284005 46
1750949078099 1.0 47
1750949078594 0.999455930359086 48
1750949079088 0.9998639825897715 49
1750949079582 0.9983677910772579 50
1750949080078 0.999183895538629 51
1750949080578 0.999183895538629 52
1750949081075 0.9998639825897715 53
1750949081573 0.9998639825897715 54
1750949082070 0.999727965179543 55
1750949082569 0.9975516866158868 56
1750949083067 0.999455930359086 57
1750949083567 0.9974156692056583 58
1750949084065 0.9987758433079434 59
1750949084565 0.9987758433079434 60
1750949085066 0.9998639825897715 61
1750949085568 0.999727965179543 62
1750949086071 1.0 63
1750949086573 1.0 64
1750949087079 1.0 65
1750949087584 1.0 66
1750949088088 1.0 67
1750949088592 1.0 68
1750949089098 1.0 69
1750949089605 1.0 70
1750949090114 1.0 71
1750949090622 1.0 72
1750949091130 0.999455930359086 73
1750949091638 0.9990478781284005 74
1750949092147 0.999727965179543 75
1750949092655 0.9995919477693145 76
1750949093164 0.9971436343852013 77
1750949093673 0.9985038084874864 78
1750949094181 0.9974156692056583 79
1750949094690 0.9995919477693145 80
1750949095197 0.9998639825897715 81
1750949095705 0.9990478781284005 82
1750949096214 0.9990478781284005 83
1750949096724 0.998911860718172 84
1750949097237 0.999727965179543 85
1750949097747 0.9960554951033732 86
1750949098258 0.9993199129488575 87
1750949098769 0.9998639825897715 88
1750949099283 1.0 89
1750949099796 1.0 90
1750949100309 1.0 91
1750949100823 1.0 92
1750949101099 1.0 0
1750949055250 0.8132480957562568 0
1750949101099 1.0 0
