1750949055293 0.8132480957562568 0
1750949055756 0.941784548422198 1
1750949056232 0.9605549510337323 2
1750949056707 0.9704842219804135 3
1750949057189 0.9744287268770403 4
1750949057666 0.9795973884657236 5
1750949058143 0.9819096844396082 6
1750949058621 0.9834058759521219 7
1750949059101 0.985310119695321 8
1750949059583 0.9873503808487486 9
1750949060065 0.9872143634385201 10
1750949060551 0.9892546245919478 11
1750949061036 0.9899347116430903 12
1750949061522 0.9903427638737758 13
1750949062008 0.9929270946681176 14
1750949062493 0.9896626768226333 15
1750949062977 0.9934711643090316 16
1750949063462 0.9934711643090316 17
1750949063948 0.9946953210010882 18
1750949064433 0.9944232861806311 19
1750949064918 0.9938792165397171 20
1750949065405 0.9952393906420022 21
1750949065890 0.9953754080522307 22
1750949066380 0.9960554951033732 23
1750949066868 0.9976877040261154 24
1750949067353 0.9963275299238302 25
1750949067839 0.9971436343852013 26
1750949068329 0.9974156692056583 27
1750949068815 0.9976877040261154 28
1750949069306 0.9986398258977149 29
1750949069795 0.9990478781284005 30
1750949070283 0.9983677910772579 31
1750949070772 0.9987758433079434 32
1750949071261 0.9986398258977149 33
1750949071751 0.9995919477693145 34
1750949072241 0.9995919477693145 35
1750949072731 0.999183895538629 36
1750949073221 0.999183895538629 37
1750949073713 0.9986398258977149 38
1750949074204 0.9978237214363439 39
1750949074696 0.9978237214363439 40
1750949075189 0.999455930359086 41
1750949075682 0.999183895538629 42
1750949076173 0.9993199129488575 43
1750949076667 0.9998639825897715 44
1750949077168 0.9993199129488575 45
1750949077660 0.9990478781284005 46
1750949078154 1.0 47
1750949078649 0.999455930359086 48
1750949079143 0.9998639825897715 49
1750949079638 0.9983677910772579 50
1750949080134 0.999183895538629 51
1750949080632 0.999183895538629 52
1750949081130 0.9998639825897715 53
1750949081629 0.9998639825897715 54
1750949082125 0.999727965179543 55
1750949082625 0.9975516866158868 56
1750949083123 0.999455930359086 57
1750949083623 0.9974156692056583 58
1750949084121 0.9987758433079434 59
1750949084621 0.9987758433079434 60
1750949085122 0.9998639825897715 61
1750949085624 0.999727965179543 62
1750949086127 1.0 63
1750949086628 1.0 64
1750949087134 1.0 65
1750949087640 1.0 66
1750949088145 1.0 67
1750949088649 1.0 68
1750949089155 1.0 69
1750949089663 1.0 70
1750949090171 1.0 71
1750949090679 1.0 72
1750949091188 0.999455930359086 73
1750949091696 0.9990478781284005 74
1750949092205 0.999727965179543 75
1750949092713 0.9995919477693145 76
1750949093221 0.9971436343852013 77
1750949093730 0.9985038084874864 78
1750949094238 0.9974156692056583 79
1750949094747 0.9995919477693145 80
1750949095254 0.9998639825897715 81
1750949095763 0.9990478781284005 82
1750949096272 0.9990478781284005 83
1750949096783 0.998911860718172 84
1750949097295 0.999727965179543 85
1750949097805 0.9960554951033732 86
1750949098316 0.9993199129488575 87
1750949098828 0.9998639825897715 88
1750949099342 1.0 89
1750949099855 1.0 90
1750949100368 1.0 91
1750949100882 1.0 92
1750949101099 1.0 0
1750949055293 0.8132480957562568 0
1750949101099 1.0 0
