1750949055315 0.8113701428254868 0
1750949055781 0.9414840071759725 1
1750949056258 0.960483786557307 2
1750949056733 0.970461198588598 3
1750949057214 0.9744179300904284 4
1750949057692 0.9795934913418951 5
1750949058168 0.9819088337499289 6
1750949058646 0.983407199967944 7
1750949059127 0.9853117404719962 8
1750949059609 0.9873486530173543 9
1750949060092 0.9872151021094782 10
1750949060577 0.9892557053068917 11
1750949061062 0.9899359051735948 12
1750949061548 0.9903437351492317 13
1750949062034 0.9929274308754313 14
1750949062519 0.9896633963094377 15
1750949063003 0.9934714746542445 16
1750949063489 0.9934711643090316 17
1750949063975 0.9946956324357732 18
1750949064459 0.9944234873671872 19
1750949064945 0.9938794373542299 20
1750949065431 0.9952394492400777 21
1750949065917 0.9953754080522307 22
1750949066407 0.9960555436560643 23
1750949066895 0.9976878397796959 24
1750949067380 0.9963274836781197 25
1750949067865 0.9971435984163153 26
1750949068355 0.9974157010160423 27
1750949068842 0.9976877874449313 28
1750949069333 0.9986398258977149 29
1750949069821 0.9990478661387717 30
1750949070310 0.9983677495070271 31
1750949070799 0.9987758278927066 32
1750949071288 0.9986397912558559 33
1750949071778 0.9995919426309022 34
1750949072268 0.9995919527920066 35
1750949072757 0.999183895538629 36
1750949073248 0.9991839153979831 37
1750949073739 0.9986398258977149 38
1750949074231 0.9978238248847481 39
1750949074723 0.9978237214363439 40
1750949075216 0.9994559562211871 41
1750949075709 0.999183895538629 42
1750949076201 0.999319904384837 43
1750949076695 0.9998639842640021 44
1750949077195 0.999319904384837 45
1750949077687 0.9990479124773247 46
1750949078182 1.0 47
1750949078676 0.9994559020282844 48
1750949079171 0.9998639808769674 49
1750949079665 0.9983678307959666 50
1750949080162 0.9991839267959386 51
1750949080660 0.9991838720318831 52
1750949081157 0.9998639808769674 53
1750949081657 0.9998639842640021 54
1750949082153 0.999727965179543 55
1750949082653 0.9975516242605407 56
1750949083150 0.999455930359086 57
1750949083651 0.9974157010160423 58
1750949084149 0.998775887470846 59
1750949084649 0.9987758583760199 60
1750949085150 0.9998639842640021 61
1750949085652 0.999727965179543 62
1750949086155 1.0 63
1750949086656 1.0 64
1750949087163 1.0 65
1750949087669 1.0 66
1750949088173 1.0 67
1750949088678 1.0 68
1750949089184 1.0 69
1750949089692 1.0 70
1750949090200 1.0 71
1750949090707 1.0 72
1750949091216 0.9994559118653852 73
1750949091725 0.9990478661387717 74
1750949092234 0.9997279717993277 75
1750949092742 0.9995919426309022 76
1750949093250 0.9971436695440467 77
1750949093759 0.9985038735770654 78
1750949094267 0.9974156742732124 79
1750949094775 0.9995918759314587 80
1750949095283 0.9998639842640021 81
1750949095791 0.9990478661387717 82
1750949096301 0.9990478413493515 83
1750949096814 0.998911887197311 84
1750949097324 0.9997279717993277 85
1750949097834 0.9960555436560643 86
1750949098346 0.999319904384837 87
1750949098857 0.9998639808769674 88
1750949099371 1.0 89
1750949099884 1.0 90
1750949100397 1.0 91
1750949100911 1.0 92
1750949101099 1.0 0
1750949055315 0.8113701428254868 0
1750949101099 1.0 0
