1750949055230 0.8247754283257486 0
1750949055679 0.2867964200018799 1
1750949056155 0.16554484655016524 2
1750949056629 0.11638702199235963 3
1750949057112 0.0895985365319304 4
1750949057588 0.07421510655258633 5
1750949058065 0.06429427655837351 6
1750949058543 0.05528873019123103 7
1750949059024 0.04923728859949942 8
1750949059505 0.0445617077440445 9
1750949059986 0.04153040801788051 10
1750949060472 0.03640538446961925 11
1750949060957 0.03434763166858887 12
1750949061444 0.030409607209338198 13
1750949061930 0.027460711113338372 14
1750949062414 0.029361630042546688 15
1750949062899 0.02325670451525765 16
1750949063383 0.022042623127205653 17
1750949063869 0.01945626782202714 18
1750949064354 0.01947816047448588 19
1750949064839 0.01935563739125695 20
1750949065326 0.016371387863679667 21
1750949065811 0.014951519408922994 22
1750949066300 0.014053317441547267 23
1750949066786 0.013416812976090577 24
1750949067275 0.012642962059514826 25
1750949067759 0.01231093067874457 26
1750949068248 0.010483014862477715 27
1750949068735 0.009925085386429569 28
1750949069225 0.007600561154614101 29
1750949069713 0.006964803258589468 30
1750949070202 0.007644258420539451 31
1750949070692 0.007176916278904796 32
1750949071181 0.006491210958205966 33
1750949071670 0.005459812966097345 34
1750949072161 0.005013000613262915 35
1750949072650 0.004493525698659405 36
1750949073140 0.006002050533108373 37
1750949073632 0.006002217821039105 38
1750949074123 0.006798168882460083 39
1750949074615 0.0069810649748968615 40
1750949075107 0.003798420143605568 41
1750949075599 0.0034002842317245115 42
1750949076092 0.0032694439786401202 43
1750949076585 0.0027951003748759367 44
1750949077085 0.0034660543482325024 45
1750949077579 0.004416090483149925 46
1750949078071 0.0025234963667353006 47
1750949078566 0.003578951538926025 48
1750949079060 0.002374693106933901 49
1750949079555 0.007052204258521052 50
1750949080051 0.005225413808142067 51
1750949080549 0.003941673029951905 52
1750949081046 0.001965468826676365 53
1750949081545 0.001671370355138997 54
1750949082042 0.0022900357237693745 55
1750949082541 0.007896006847878714 56
1750949083039 0.004514657647041878 57
1750949083539 0.007943528774270426 58
1750949084038 0.005052500806550746 59
1750949084537 0.003345574055072751 60
1750949085037 0.0020321265597862187 61
1750949085539 0.0018632240063040614 62
1750949086043 0.001215137960338586 63
1750949086545 0.0009645397736999015 64
1750949087050 0.0008448954143128697 65
1750949087555 0.0009092969905219717 66
1750949088059 0.0008011036065102568 67
1750949088564 0.0006619956372804855 68
1750949089069 0.0006904246378537993 69
1750949089577 0.0006264117496025823 70
1750949090085 0.000652780781072003 71
1750949090593 0.0007953715405968586 72
1750949091101 0.0034581745831702227 73
1750949091609 0.00349180522297283 74
1750949092118 0.002122738824369866 75
1750949092626 0.002029400101168156 76
1750949093135 0.0070659798416445865 77
1750949093644 0.006052954095822148 78
1750949094151 0.010125158856784007 79
1750949094661 0.002839228559652256 80
1750949095167 0.0019828995515696777 81
1750949095676 0.0040632760835258176 82
1750949096185 0.0030394560570731837 83
1750949096694 0.003095047493435856 84
1750949097209 0.0018965669938538455 85
1750949097718 0.009412732091985676 86
1750949098229 0.0032564872005291616 87
1750949098740 0.0013449972131116248 88
1750949099254 0.0010863815313333065 89
1750949099767 0.0006992233547317958 90
1750949100280 0.0005778721316782929 91
1750949100794 0.0003681513923970892 92
1750949101099 0.0003681513923970892 0
1750949055230 0.8247754283257486 0
1750949101099 0.0003681513923970892 0
