1750949055271 0.8117965189772646 0
1750949055730 0.9419496068120861 1
1750949056206 0.960510081165295 2
1750949056681 0.9704516538293396 3
1750949057164 0.9744129459883909 4
1750949057640 0.9795900698873704 5
1750949058117 0.9819194118475619 6
1750949058595 0.9834134292874391 7
1750949059076 0.9853231786421278 8
1750949059557 0.9873481988005112 9
1750949060039 0.9872184288794987 10
1750949060525 0.9892648289275058 11
1750949061010 0.9899492592914112 12
1750949061496 0.9903527743027198 13
1750949061982 0.9929293727846471 14
1750949062467 0.9896676950088207 15
1750949062951 0.9934733931689875 16
1750949063436 0.9934711643090316 17
1750949063922 0.994698465200094 18
1750949064407 0.9944245956189068 19
1750949064892 0.9938805638457193 20
1750949065378 0.9952396088639766 21
1750949065864 0.9953754080522307 22
1750949066353 0.9960556934659933 23
1750949066841 0.9976905180669097 24
1750949067327 0.9963275387767497 25
1750949067812 0.9971436640232362 26
1750949068302 0.9974158344693546 27
1750949068788 0.9976887862580319 28
1750949069279 0.9986398258977149 29
1750949069768 0.999047956265038 30
1750949070256 0.9983681156497023 31
1750949070746 0.9987759145162091 32
1750949071235 0.99864016463556 33
1750949071724 0.9995920397626955 34
1750949072215 0.9995920600747327 35
1750949072704 0.999183895538629 36
1750949073194 0.9991843438150475 37
1750949073686 0.9986398258977149 38
1750949074177 0.9978255562437109 39
1750949074669 0.9978237214363439 40
1750949075162 0.9994576173967322 41
1750949075654 0.999183895538629 42
1750949076146 0.9993199980138667 43
1750949076640 0.999864088275405 44
1750949077140 0.9993199980138667 45
1750949077633 0.9990488656910006 46
1750949078126 1.0 47
1750949078621 0.9994575096613818 48
1750949079116 0.9998640815115244 49
1750949079610 0.998368278146828 50
1750949080106 0.9991850019762921 51
1750949080605 0.9991849006390772 52
1750949081102 0.9998640815115244 53
1750949081601 0.999864088275405 54
1750949082097 0.999727965179543 55
1750949082597 0.9975519686921288 56
1750949083095 0.999455930359086 57
1750949083595 0.9974158344693546 58
1750949084093 0.9987768498044067 59
1750949084593 0.9987759754727158 60
1750949085094 0.999864088275405 61
1750949085596 0.999727965179543 62
1750949086099 1.0 63
1750949086601 1.0 64
1750949087106 1.0 65
1750949087612 1.0 66
1750949088116 1.0 67
1750949088621 1.0 68
1750949089127 1.0 69
1750949089634 1.0 70
1750949090143 1.0 71
1750949090650 1.0 72
1750949091158 0.9994562977022374 73
1750949091667 0.999047956265038 74
1750949092176 0.9997283875938604 75
1750949092684 0.9995920397626955 76
1750949093193 0.9971438062686824 77
1750949093701 0.9985066133243843 78
1750949094209 0.9974166154629205 79
1750949094719 0.9995919363262066 80
1750949095225 0.999864088275405 81
1750949095734 0.999047956265038 82
1750949096243 0.9990487237087631 83
1750949096754 0.9989123219256411 84
1750949097266 0.9997283875938604 85
1750949097776 0.9960556934659933 86
1750949098287 0.9993199980138667 87
1750949098799 0.9998640815115244 88
1750949099312 1.0 89
1750949099826 1.0 90
1750949100339 1.0 91
1750949100852 1.0 92
1750949101099 1.0 0
1750949055271 0.8117965189772646 0
1750949101099 1.0 0
