1750857479974 1.3302790065325383 0
1750857480569 0.8921812447162915 1
1750857481188 0.6465744125181495 2
1750857481807 0.4884559787785527 3
1750857482430 0.3849211849183071 4
1750857483050 0.31270580955246974 5
1750857483671 0.26117341575477276 6
1750857484313 0.2227000030521729 7
1750857484955 0.19270546508950948 8
1750857485599 0.17116413665155072 9
1750857486239 0.15109885201847204 10
1750857486876 0.13418600550154478 11
1750857487497 0.12627118060586243 12
1750857488125 0.11663498483817128 13
1750857488745 0.1036481889566737 14
1750857489365 0.09846751730771526 15
1750857489991 0.09149189252848206 16
1750857490612 0.08727918094240932 17
1750857491236 0.08083324420536434 18
1750857491861 0.07662215208689459 19
1750857492486 0.0691119508617137 20
1750857493112 0.07215860565887182 21
1750857493737 0.06228520959956213 22
1750857494360 0.06414050432134893 23
1750857494986 0.05816850249409287 24
1750857495612 0.05654711427493376 25
1750857496237 0.05530062272954201 26
1750857496861 0.05067736279701771 27
1750857497487 0.05043070545466667 28
1750857498115 0.050105524082162435 29
1750857498739 0.04370702606330953 30
1750857499384 0.04733338936863384 31
1750857500028 0.04363942030164635 32
1750857500660 0.04304040767763203 33
1750857501290 0.04011160387607926 34
1750857501922 0.03811522529352055 35
1750857502553 0.03962164488139687 36
1750857503183 0.03708139830395595 37
1750857503815 0.03413841552359495 38
1750857504445 0.03845168104024363 39
1750857505077 0.034346005957375025 40
1750857505710 0.03135090551751547 41
1750857506343 0.03059320511869981 42
1750857506976 0.03134648660674156 43
1750857507611 0.029774255594552795 44
1750857508250 0.026877627729299407 45
1750857508885 0.026769994040576173 46
1750857509519 0.026681772823890386 47
1750857510156 0.026883145238417762 48
1750857510790 0.028215396957790177 49
1750857511425 0.023013319537424613 50
1750857512061 0.02400214797731031 51
1750857512697 0.024046438004339157 52
1750857513331 0.0224243382380118 53
1750857513967 0.022341615351685145 54
1750857514602 0.023370318845425193 55
1750857515242 0.019305093447759877 56
1750857515880 0.020881211565264273 57
1750857516516 0.0190765919978097 58
1750857517155 0.018099097125597048 59
1750857517795 0.016866445180354996 60
1750857518435 0.02017296388307262 61
1750857519076 0.018150617937801632 62
1750857519722 0.01752557535605126 63
1750857520363 0.01603225880642994 64
1750857521011 0.016614173743438067 65
1750857521651 0.0171416188130141 66
1750857522292 0.015826175351889644 67
1750857522935 0.015057286338817828 68
1750857479974 1.3302790065325383 0
