1750857480034 0.639417845484222 0
1750857480645 0.8197769314472253 1
1750857481262 0.8886017410228509 2
1750857481881 0.9255984766050055 3
1750857482506 0.9387921653971708 4
1750857483125 0.9458650707290533 5
1750857483751 0.95620239390642 6
1750857484393 0.9578346028291621 7
1750857485029 0.9616430903155604 8
1750857485683 0.9658596300326442 9
1750857486320 0.969260065288357 10
1750857486952 0.9732045701849836 11
1750857487573 0.9744287268770403 12
1750857488200 0.9747007616974973 13
1750857488820 0.9761969532100109 14
1750857489441 0.97810119695321 15
1750857490066 0.9786452665941241 16
1750857490687 0.9797334058759521 17
1750857491313 0.9802774755168662 18
1750857491936 0.9812295973884657 19
1750857492564 0.9823177366702938 20
1750857493188 0.9812295973884657 21
1750857493813 0.9846300326441785 22
1750857494435 0.9831338411316648 23
1750857495063 0.983949945593036 24
1750857495688 0.9870783460282916 25
1750857496313 0.985854189336235 26
1750857496938 0.986126224156692 27
1750857497564 0.9877584330794341 28
1750857498191 0.986126224156692 29
1750857498822 0.9885745375408053 30
1750857499465 0.9868063112078346 31
1750857500107 0.9878944504896626 32
1750857500737 0.9884385201305768 33
1750857501369 0.9895266594124048 34
1750857502000 0.9899347116430903 35
1750857502631 0.9872143634385201 36
1750857503261 0.9881664853101197 37
1750857503893 0.9902067464635473 38
1750857504524 0.9891186071817193 39
1750857505156 0.9887105549510338 40
1750857505789 0.9906147986942329 41
1750857506421 0.9914309031556039 42
1750857507055 0.9914309031556039 43
1750857507690 0.9914309031556039 44
1750857508331 0.9929270946681176 45
1750857508964 0.9923830250272034 46
1750857509599 0.9922470076169749 47
1750857510234 0.9925190424374319 48
1750857510870 0.9906147986942329 49
1750857511505 0.9938792165397171 50
1750857512142 0.9926550598476604 51
1750857512776 0.9925190424374319 52
1750857513412 0.9938792165397171 53
1750857514046 0.9937431991294886 54
1750857514683 0.9927910772578891 55
1750857515322 0.9946953210010882 56
1750857515960 0.9937431991294886 57
1750857516596 0.9946953210010882 58
1750857517236 0.9955114254624592 59
1750857517875 0.9948313384113167 60
1750857518516 0.9945593035908596 61
1750857519158 0.9936071817192601 62
1750857519803 0.9948313384113167 63
1750857520446 0.9946953210010882 64
1750857521092 0.9941512513601741 65
1750857521732 0.9951033732317737 66
1750857522374 0.9953754080522307 67
1750857523016 0.9961915125136017 68
1750857480034 0.639417845484222 0
