1750857479994 0.639417845484222 0
1750857480595 0.8197769314472253 1
1750857481213 0.8886017410228509 2
1750857481832 0.9255984766050055 3
1750857482456 0.9387921653971708 4
1750857483075 0.9458650707290533 5
1750857483696 0.95620239390642 6
1750857484339 0.9578346028291621 7
1750857484980 0.9616430903155604 8
1750857485626 0.9658596300326442 9
1750857486266 0.969260065288357 10
1750857486902 0.9732045701849836 11
1750857487522 0.9744287268770403 12
1750857488150 0.9747007616974973 13
1750857488770 0.9761969532100109 14
1750857489391 0.97810119695321 15
1750857490016 0.9786452665941241 16
1750857490637 0.9797334058759521 17
1750857491262 0.9802774755168662 18
1750857491886 0.9812295973884657 19
1750857492512 0.9823177366702938 20
1750857493137 0.9812295973884657 21
1750857493762 0.9846300326441785 22
1750857494385 0.9831338411316648 23
1750857495011 0.983949945593036 24
1750857495638 0.9870783460282916 25
1750857496262 0.985854189336235 26
1750857496887 0.986126224156692 27
1750857497513 0.9877584330794341 28
1750857498140 0.986126224156692 29
1750857498765 0.9885745375408053 30
1750857499411 0.9868063112078346 31
1750857500054 0.9878944504896626 32
1750857500686 0.9884385201305768 33
1750857501316 0.9895266594124048 34
1750857501948 0.9899347116430903 35
1750857502579 0.9872143634385201 36
1750857503209 0.9881664853101197 37
1750857503841 0.9902067464635473 38
1750857504471 0.9891186071817193 39
1750857505103 0.9887105549510338 40
1750857505736 0.9906147986942329 41
1750857506369 0.9914309031556039 42
1750857507002 0.9914309031556039 43
1750857507638 0.9914309031556039 44
1750857508277 0.9929270946681176 45
1750857508911 0.9923830250272034 46
1750857509546 0.9922470076169749 47
1750857510182 0.9925190424374319 48
1750857510817 0.9906147986942329 49
1750857511452 0.9938792165397171 50
1750857512088 0.9926550598476604 51
1750857512723 0.9925190424374319 52
1750857513358 0.9938792165397171 53
1750857513993 0.9937431991294886 54
1750857514629 0.9927910772578891 55
1750857515268 0.9946953210010882 56
1750857515907 0.9937431991294886 57
1750857516542 0.9946953210010882 58
1750857517182 0.9955114254624592 59
1750857517822 0.9948313384113167 60
1750857518462 0.9945593035908596 61
1750857519105 0.9936071817192601 62
1750857519749 0.9948313384113167 63
1750857520391 0.9946953210010882 64
1750857521038 0.9941512513601741 65
1750857521678 0.9951033732317737 66
1750857522320 0.9953754080522307 67
1750857522962 0.9961915125136017 68
1750857479994 0.639417845484222 0
