1750857480056 0.6258438590457189 0
1750857480670 0.8140862239188629 1
1750857481287 0.8868111629924282 2
1750857481906 0.9251253274426211 3
1750857482531 0.9385177720921235 4
1750857483150 0.945689700451863 5
1750857483779 0.956134316201069 6
1750857484418 0.9577537364785681 7
1750857485059 0.961609251555934 8
1750857485710 0.9658146690772872 9
1750857486348 0.9692352654478144 10
1750857486977 0.9731907683233844 11
1750857487598 0.9744054797893476 12
1750857488225 0.9746893738610825 13
1750857488845 0.9761879203123736 14
1750857489466 0.9780937676298748 15
1750857490091 0.9786413710779805 16
1750857490712 0.9797287725187248 17
1750857491338 0.9802756140201977 18
1750857491961 0.9812296886458227 19
1750857492590 0.9823102247521198 20
1750857493213 0.9812303545904528 21
1750857493838 0.9846317162136227 22
1750857494460 0.9831337208411222 23
1750857495088 0.9839447857304162 24
1750857495713 0.9870742328598024 25
1750857496338 0.9858540078574765 26
1750857496963 0.9861241714503324 27
1750857497590 0.987758635529687 28
1750857498216 0.9861205397208901 29
1750857498848 0.9885738113510805 30
1750857499492 0.9868070821059419 31
1750857500133 0.987894454418488 32
1750857500763 0.9884317144113423 33
1750857501395 0.9895298959678657 34
1750857502026 0.9899350801464186 35
1750857502657 0.9872130466798072 36
1750857503287 0.988165871595181 37
1750857503918 0.9902078648810555 38
1750857504550 0.989118896205304 39
1750857505182 0.9887099763920514 40
1750857505815 0.9906119140712042 41
1750857506447 0.9914302666699593 42
1750857507081 0.9914330454744326 43
1750857507717 0.9914303728262471 44
1750857508358 0.9929261137098456 45
1750857508991 0.9923812514396512 46
1750857509626 0.9922471968997736 47
1750857510261 0.99251673935342 48
1750857510896 0.9906126162118255 49
1750857511532 0.993878908829725 50
1750857512168 0.9926554983264493 51
1750857512802 0.992518662735614 52
1750857513438 0.9938800594496329 53
1750857514073 0.993743201893492 54
1750857514709 0.9927912361327232 55
1750857515348 0.9946934298053081 56
1750857515987 0.9937428023433268 57
1750857516622 0.9946948025153645 58
1750857517263 0.9955103520946142 59
1750857517902 0.9948312067722525 60
1750857518543 0.9945586442377292 61
1750857519185 0.9936071777382766 62
1750857519830 0.9948312722090501 63
1750857520474 0.9946949719572452 64
1750857521119 0.9941509578155827 65
1750857521759 0.9951033172124558 66
1750857522401 0.9953752902699101 67
1750857523043 0.996191258835503 68
1750857480056 0.6258438590457189 0
