1750857480013 0.6517263476796494 0
1750857480619 0.8298122054924939 1
1750857481238 0.8922133942438406 2
1750857481857 0.9262536839431939 3
1750857482481 0.9391905446209875 4
1750857483100 0.9459410429209959 5
1750857483724 0.9561829036838803 6
1750857484366 0.9577407098721802 7
1750857485005 0.9616252541756475 8
1750857485654 0.965846071046412 9
1750857486293 0.9692484369518182 10
1750857486927 0.9731893300450102 11
1750857487547 0.9743905566680386 12
1750857488176 0.9746883604976787 13
1750857488795 0.9761820497848582 14
1750857489416 0.9780993622712082 15
1750857490041 0.9786394093607206 16
1750857490662 0.9797301185073798 17
1750857491288 0.9802807403454636 18
1750857491911 0.9812322945085575 19
1750857492539 0.9823055234552225 20
1750857493163 0.9812327879233484 21
1750857493788 0.9846433340438406 22
1750857494410 0.9831345567024911 23
1750857495037 0.9839406539331496 24
1750857495663 0.9870707955692131 25
1750857496288 0.9858540570419234 26
1750857496912 0.9861229326781552 27
1750857497538 0.9877590557470791 28
1750857498166 0.9861176122466839 29
1750857498793 0.9885771355300718 30
1750857499438 0.9868111812366007 31
1750857500080 0.9878945771352962 32
1750857500712 0.9884395118359423 33
1750857501343 0.9895423314577122 34
1750857501974 0.9899364618321046 35
1750857502606 0.9872152874698397 36
1750857503235 0.9881671981550922 37
1750857503867 0.9902110577743954 38
1750857504498 0.9891209013497541 39
1750857505129 0.9887111055812661 40
1750857505763 0.990616482741203 41
1750857506395 0.9914354357837688 42
1750857507029 0.991437297243566 43
1750857507664 0.9914328187206786 44
1750857508304 0.9929351756850923 45
1750857508938 0.9923827257477496 46
1750857509573 0.9922479058152904 47
1750857510208 0.9925221764985452 48
1750857510843 0.990636113870813 49
1750857511478 0.9938803311732142 50
1750857512115 0.992658072502844 51
1750857512749 0.9925200204056139 52
1750857513385 0.9938817208682418 53
1750857514020 0.9937433369384149 54
1750857514656 0.9927917970863688 55
1750857515295 0.9947032724790341 56
1750857515934 0.9937450429711056 57
1750857516569 0.9946995868170554 58
1750857517209 0.995510729123091 59
1750857517848 0.9948314788335506 60
1750857518490 0.9945662786568832 61
1750857519132 0.9936072925728952 62
1750857519776 0.9948314392680105 63
1750857520419 0.9946971454756762 64
1750857521065 0.9941523955593928 65
1750857521705 0.9951034810168394 66
1750857522347 0.9953755768052662 67
1750857522989 0.9961917888910777 68
1750857480013 0.6517263476796494 0
