1750856211377 1.3622682024527166 0
1750856211831 0.8836570524806167 1
1750856212298 0.6295065703407595 2
1750856212759 0.46862881136926393 3
1750856213221 0.36051121850267975 4
1750856213683 0.2832660578896613 5
1750856214145 0.23117390503626523 6
1750856214609 0.19384207270869233 7
1750856215072 0.1627070444176973 8
1750856215536 0.14112392793509854 9
1750856216000 0.1265646524897597 10
1750856216463 0.11116229803569948 11
1750856216926 0.10076747575249843 12
1750856217389 0.09148869374047426 13
1750856217852 0.08463465380639454 14
1750856218319 0.07660108168282109 15
1750856218782 0.0682113521182109 16
1750856219247 0.06401596575878131 17
1750856219710 0.059268693154894615 18
1750856220173 0.05652222863851486 19
1750856220637 0.053617459471551325 20
1750856221102 0.05175073804198009 21
1750856221565 0.05018857330229778 22
1750856222030 0.04723249694030485 23
1750856222496 0.0431833614061168 24
1750856222960 0.04143197649443305 25
1750856223424 0.03857026997471271 26
1750856223888 0.036742345487721206 27
1750856224354 0.03526851405025793 28
1750856224820 0.03429384248167017 29
1750856225286 0.03066308866939036 30
1750856225752 0.029731805708920086 31
1750856226216 0.03018985424186706 32
1750856226683 0.027951637357453107 33
1750856227152 0.02618713336525499 34
1750856227619 0.02565837799448832 35
1750856228086 0.024410369203013486 36
1750856228554 0.0232900680195828 37
1750856229020 0.02244294749905271 38
1750856229488 0.019329632642568456 39
1750856229955 0.022345965497486568 40
1750856230422 0.018571314839210453 41
1750856230890 0.018479133664779324 42
1750856231355 0.0190051799185039 43
1750856231823 0.017387347081544383 44
1750856232290 0.016247405468154865 45
1750856232759 0.017061991135714428 46
1750856233227 0.016761468224565906 47
1750856233695 0.01569137015401247 48
1750856234164 0.014896860647940515 49
1750856234631 0.013882605482087399 50
1750856235099 0.014349277337171416 51
1750856235567 0.014700359170440628 52
1750856236039 0.011523836971880306 53
1750856236510 0.011246681414033824 54
1750856236982 0.010779301993400912 55
1750856237454 0.010353613318267387 56
1750856237928 0.01180456083643395 57
1750856238401 0.009997679858409695 58
1750856238882 0.008012070502326808 59
1750856239361 0.008145431360387942 60
1750856239836 0.008987428707737471 61
1750856240310 0.00844696395384691 62
1750856240783 0.008696635770819213 63
1750856241254 0.008984644425287031 64
1750856241727 0.00842947859944871 65
1750856242201 0.00640867012378104 66
1750856242676 0.006422934264007457 67
1750856243150 0.00748171415100162 68
1750856243625 0.00628162370330271 69
1750856244099 0.006136375495298007 70
1750856244575 0.006350247464353022 71
1750856245048 0.005713158916323892 72
1750856245522 0.0040981352761346275 73
1750856245995 0.005954475884763595 74
1750856246470 0.005291005537139102 75
1750856246945 0.0056068982645996945 76
1750856247419 0.004616625619158772 77
1750856247892 0.004310590563513242 78
1750856248365 0.005071314597372888 79
1750856248837 0.0047730583318415926 80
1750856249309 0.003627673699558531 81
1750856249784 0.004800476365988989 82
1750856250259 0.004330171948197218 83
1750856250733 0.0038676862913372364 84
1750856251209 0.003798694962557604 85
1750856251682 0.004150363824299108 86
1750856252156 0.005054233030753537 87
1750856252629 0.0037327526432768088 88
1750856253104 0.00240985597204493 89
1750856253578 0.0029787805107133604 90
1750856254053 0.0027267860820279046 91
1750856254529 0.004004895940708793 92
1750856255004 0.002311385014664835 93
1750856255479 0.0034031600685234327 94
1750856255955 0.0035895237046444594 95
1750856256429 0.0031489119530258695 96
1750856256906 0.0030403627886845283 97
1750856257382 0.00278882203331094 98
1750856257857 0.0036238267224396542 99
1750856211377 1.3622682024527166 0
