1750948527600 0.8394994559303591 0
1750948528213 0.9529379760609358 1
1750948528835 0.970620239390642 2
1750948529458 0.9736126224156693 3
1750948530088 0.9782372143634385 4
1750948530721 0.9820457018498367 5
1750948531355 0.9835418933623504 6
1750948531990 0.9846300326441785 7
1750948532627 0.9862622415669206 8
1750948533255 0.9884385201305768 9
1750948533884 0.9878944504896626 10
1750948534514 0.984766050054407 11
1750948535142 0.9903427638737758 12
1750948535773 0.9912948857453754 13
1750948536403 0.9930631120783461 14
1750948537037 0.9921109902067464 15
1750948537673 0.9921109902067464 16
1750948538306 0.9938792165397171 17
1750948538942 0.9933351468988031 18
1750948539577 0.9959194776931447 19
1750948540212 0.9949673558215452 20
1750948540846 0.9923830250272034 21
1750948541481 0.9963275299238302 22
1750948542116 0.9970076169749728 23
1750948542751 0.9959194776931447 24
1750948543387 0.9967355821545157 25
1750948544026 0.9955114254624592 26
1750948544663 0.9967355821545157 27
1750948545302 0.9964635473340587 28
1750948545942 0.9968715995647442 29
1750948546581 0.9982317736670294 30
1750948547221 0.9978237214363439 31
1750948547860 0.998911860718172 32
1750948548496 0.9993199129488575 33
1750948549134 0.9975516866158868 34
1750948549773 0.9979597388465724 35
1750948550414 0.9979597388465724 36
1750948551056 0.9974156692056583 37
1750948551698 0.9985038084874864 38
1750948552345 0.998911860718172 39
1750948552988 0.9985038084874864 40
1750948553628 0.9986398258977149 41
1750948554269 0.9976877040261154 42
1750948554909 0.9993199129488575 43
1750948555554 0.9995919477693145 44
1750948556198 0.999727965179543 45
1750948556849 0.9983677910772579 46
1750948557493 0.999455930359086 47
1750948558138 0.9995919477693145 48
1750948558783 0.9993199129488575 49
1750948559427 0.9985038084874864 50
1750948560073 0.999183895538629 51
1750948560720 0.9995919477693145 52
1750948561367 0.998911860718172 53
1750948562015 0.9968715995647442 54
1750948562662 0.9975516866158868 55
1750948563310 0.999183895538629 56
1750948563958 0.999455930359086 57
1750948564606 0.9995919477693145 58
1750948565253 0.9986398258977149 59
1750948565901 0.999183895538629 60
1750948566551 0.999183895538629 61
1750948567259 0.998911860718172 62
1750948567911 0.999183895538629 63
1750948568561 0.9993199129488575 64
1750948569214 0.9987758433079434 65
1750948569862 0.9998639825897715 66
1750948570513 0.999183895538629 67
1750948571165 0.9986398258977149 68
1750948571817 0.998911860718172 69
1750948572470 0.9993199129488575 70
1750948573124 0.999183895538629 71
1750948573778 0.9990478781284005 72
1750948574432 0.9995919477693145 73
1750948575091 0.999727965179543 74
1750948575745 0.9987758433079434 75
1750948576400 0.999455930359086 76
1750948577106 0.999183895538629 77
1750948577763 0.9987758433079434 78
1750948578421 0.999455930359086 79
1750948579077 0.9974156692056583 80
1750948579735 0.998911860718172 81
1750948580398 0.999183895538629 82
1750948581061 0.9974156692056583 83
1750948581725 0.9998639825897715 84
1750948582388 1.0 85
1750948583050 1.0 86
1750948583711 0.9998639825897715 87
1750948584371 0.999455930359086 88
1750948584587 0.999455930359086 0
1750948527600 0.8394994559303591 0
1750948584587 0.999455930359086 0
