1750948527579 0.8398857723640505 0
1750948528188 0.9529967068488336 1
1750948528809 0.9705791787852178 2
1750948529433 0.9736010160509118 3
1750948530062 0.978242241702227 4
1750948530695 0.9820326432637305 5
1750948531330 0.9835512294031064 6
1750948531964 0.984635820299092 7
1750948532601 0.9862623524205556 8
1750948533229 0.9884391974539843 9
1750948533858 0.9879048972084881 10
1750948534488 0.9847656663568114 11
1750948535116 0.9903491940177345 12
1750948535747 0.9912973116316259 13
1750948536376 0.993063037790804 14
1750948537011 0.992113337246298 15
1750948537647 0.9921172791268283 16
1750948538280 0.9938815069967346 17
1750948538915 0.9933367827275698 18
1750948539551 0.9959266925401258 19
1750948540185 0.9949731083144105 20
1750948540819 0.9923838356207375 21
1750948541455 0.9963287068250631 22
1750948542090 0.9970078707204133 23
1750948542725 0.9959236887584768 24
1750948543361 0.9967357895262957 25
1750948543999 0.9955155367898815 26
1750948544636 0.9967358217345553 27
1750948545274 0.9964635473340587 28
1750948545915 0.9968722714558329 29
1750948546554 0.9982328180312193 30
1750948547194 0.997824234368015 31
1750948547832 0.9989123219256411 32
1750948548470 0.9993199980138667 33
1750948549107 0.9975535460515407 34
1750948549746 0.9979597892697226 35
1750948550387 0.9979625228729838 36
1750948551029 0.9974158344693546 37
1750948551671 0.9985039193411215 38
1750948552318 0.9989135970123917 39
1750948552960 0.9985038727673803 40
1750948553601 0.9986403000362345 41
1750948554242 0.9976883547667129 42
1750948554882 0.9993199980138667 43
1750948555526 0.999592897464188 44
1750948556171 0.999727965179543 45
1750948556820 0.998368278146828 46
1750948557465 0.9994575096613818 47
1750948558111 0.999592897464188 48
1750948558755 0.9993200318740603 49
1750948559399 0.998504833917813 50
1750948560045 0.999183895538629 51
1750948560692 0.9995920586229495 52
1750948561339 0.9989135970123917 53
1750948561987 0.9968725908451018 54
1750948562634 0.9975519719054318 55
1750948563282 0.999183895538629 56
1750948563930 0.9994563657044541 57
1750948564578 0.999592897464188 58
1750948565225 0.9986400689161224 59
1750948565873 0.999183895538629 60
1750948566523 0.9991842626072757 61
1750948567231 0.9989123219256411 62
1750948567881 0.9991840649075516 63
1750948568533 0.9993200318740603 64
1750948569186 0.998778233719996 65
1750948569835 0.9998640815115244 66
1750948570485 0.9991845382097843 67
1750948571137 0.9986407875758446 68
1750948571789 0.998911860718172 69
1750948572442 0.9993199980138667 70
1750948573095 0.9991842626072757 71
1750948573749 0.9990488656910006 72
1750948574404 0.999592897464188 73
1750948575062 0.999727965179543 74
1750948575716 0.9987766671771469 75
1750948576371 0.9994569302154022 76
1750948577077 0.9991841184125645 77
1750948577735 0.9987759145162091 78
1750948578392 0.9994563115931335 79
1750948579049 0.9974160806498265 80
1750948579706 0.9989129445494341 81
1750948580368 0.9991841411094652 82
1750948581032 0.9974163483243843 83
1750948581696 0.9998640934434065 84
1750948582359 1.0 85
1750948583021 1.0 86
1750948583681 0.999864088275405 87
1750948584342 0.999455930359086 88
1750948584587 0.999455930359086 0
1750948527579 0.8398857723640505 0
1750948584587 0.999455930359086 0
