1750948527622 0.8370064981683253 0
1750948528239 0.9528360559620803 1
1750948528860 0.9705957413141167 2
1750948529484 0.9735991082831205 3
1750948530114 0.9782361889916594 4
1750948530747 0.9820387329930579 5
1750948531381 0.9835433749883841 6
1750948532018 0.9846310957045251 7
1750948532652 0.9862622347869568 8
1750948533281 0.9884384396857495 9
1750948533910 0.9878956680039666 10
1750948534540 0.9847656620655862 11
1750948535169 0.9903435384702781 12
1750948535799 0.9912952995389925 13
1750948536429 0.9930630247253374 14
1750948537064 0.9921103605831276 15
1750948537699 0.9921116148299136 16
1750948538333 0.9938794942428651 17
1750948538968 0.9933347083565389 18
1750948539604 0.9959198471174467 19
1750948540239 0.9949677594845111 20
1750948540872 0.9923826283959811 21
1750948541507 0.996327662412538 22
1750948542143 0.997007540762883 23
1750948542778 0.9959197617010939 24
1750948543414 0.9967354379051094 25
1750948544053 0.9955110030651779 26
1750948544690 0.9967354990140542 27
1750948545329 0.9964635473340587 28
1750948545969 0.996871478719298 29
1750948546608 0.9982318374578886 30
1750948547248 0.9978237743946219 31
1750948547886 0.998911887197311 32
1750948548523 0.999319904384837 33
1750948549161 0.9975518029953416 34
1750948549800 0.997959713154511 35
1750948550441 0.9979598586291436 36
1750948551083 0.9974157010160423 37
1750948551725 0.9985038017075227 38
1750948552373 0.9989119124423741 39
1750948553015 0.9985037896466413 40
1750948553656 0.9986398589966387 41
1750948554296 0.9976877637067572 42
1750948554937 0.999319904384837 43
1750948555582 0.999591962490282 44
1750948556225 0.999727965179543 45
1750948556877 0.9983678307959666 46
1750948557520 0.9994559020282844 47
1750948558167 0.999591962490282 48
1750948558810 0.9993199213200111 49
1750948559454 0.9985038624643674 50
1750948560101 0.999183895538629 51
1750948560748 0.9995919409893508 52
1750948561395 0.9989119124423741 53
1750948562043 0.9968717959583601 54
1750948562689 0.9975517190066346 55
1750948563338 0.999183895538629 56
1750948563986 0.9994559435986555 57
1750948564634 0.999591962490282 58
1750948565280 0.9986398341858277 59
1750948565929 0.999183895538629 60
1750948566634 0.9991838747535136 61
1750948567287 0.998911887197311 62
1750948567939 0.9991837758317607 63
1750948568589 0.9993199213200111 64
1750948569241 0.9987757627593643 65
1750948569890 0.9998639808769674 66
1750948570541 0.9991839171745224 67
1750948571193 0.99863978533273 68
1750948571845 0.998911860718172 69
1750948572499 0.999319904384837 70
1750948573153 0.9991838747535136 71
1750948573806 0.9990479124773247 72
1750948574460 0.999591962490282 73
1750948575120 0.999727965179543 74
1750948575774 0.9987757960205947 75
1750948576428 0.9994559078166727 76
1750948577135 0.9991838897386118 77
1750948577792 0.9987758278927066 78
1750948578450 0.9994559165023423 79
1750948579106 0.9974156052931386 80
1750948579764 0.9989118767675725 81
1750948580427 0.999183907838608 82
1750948581090 0.9974158204065802 83
1750948581755 0.9998639758098078 84
1750948582418 1.0 85
1750948583080 1.0 86
1750948583740 0.9998639842640021 87
1750948584400 0.999455930359086 88
1750948584587 0.999455930359086 0
1750948527622 0.8370064981683253 0
1750948584587 0.999455930359086 0
