1750948527557 0.8394994559303591 0
1750948528162 0.9529379760609358 1
1750948528784 0.970620239390642 2
1750948529407 0.9736126224156693 3
1750948530036 0.9782372143634385 4
1750948530669 0.9820457018498367 5
1750948531304 0.9835418933623504 6
1750948531938 0.9846300326441785 7
1750948532575 0.9862622415669206 8
1750948533203 0.9884385201305768 9
1750948533832 0.9878944504896626 10
1750948534462 0.984766050054407 11
1750948535090 0.9903427638737758 12
1750948535721 0.9912948857453754 13
1750948536350 0.9930631120783461 14
1750948536985 0.9921109902067464 15
1750948537620 0.9921109902067464 16
1750948538254 0.9938792165397171 17
1750948538888 0.9933351468988031 18
1750948539525 0.9959194776931447 19
1750948540159 0.9949673558215452 20
1750948540793 0.9923830250272034 21
1750948541428 0.9963275299238302 22
1750948542063 0.9970076169749728 23
1750948542698 0.9959194776931447 24
1750948543334 0.9967355821545157 25
1750948543971 0.9955114254624592 26
1750948544610 0.9967355821545157 27
1750948545247 0.9964635473340587 28
1750948545888 0.9968715995647442 29
1750948546526 0.9982317736670294 30
1750948547167 0.9978237214363439 31
1750948547806 0.998911860718172 32
1750948548443 0.9993199129488575 33
1750948549080 0.9975516866158868 34
1750948549719 0.9979597388465724 35
1750948550360 0.9979597388465724 36
1750948551002 0.9974156692056583 37
1750948551644 0.9985038084874864 38
1750948552291 0.998911860718172 39
1750948552933 0.9985038084874864 40
1750948553574 0.9986398258977149 41
1750948554214 0.9976877040261154 42
1750948554855 0.9993199129488575 43
1750948555499 0.9995919477693145 44
1750948556143 0.999727965179543 45
1750948556791 0.9983677910772579 46
1750948557437 0.999455930359086 47
1750948558083 0.9995919477693145 48
1750948558728 0.9993199129488575 49
1750948559372 0.9985038084874864 50
1750948560017 0.999183895538629 51
1750948560664 0.9995919477693145 52
1750948561312 0.998911860718172 53
1750948561959 0.9968715995647442 54
1750948562606 0.9975516866158868 55
1750948563254 0.999183895538629 56
1750948563902 0.999455930359086 57
1750948564550 0.9995919477693145 58
1750948565197 0.9986398258977149 59
1750948565845 0.999183895538629 60
1750948566494 0.999183895538629 61
1750948567203 0.998911860718172 62
1750948567853 0.999183895538629 63
1750948568504 0.9993199129488575 64
1750948569158 0.9987758433079434 65
1750948569807 0.9998639825897715 66
1750948570456 0.999183895538629 67
1750948571109 0.9986398258977149 68
1750948571760 0.998911860718172 69
1750948572413 0.9993199129488575 70
1750948573067 0.999183895538629 71
1750948573720 0.9990478781284005 72
1750948574375 0.9995919477693145 73
1750948575033 0.999727965179543 74
1750948575687 0.9987758433079434 75
1750948576343 0.999455930359086 76
1750948577048 0.999183895538629 77
1750948577706 0.9987758433079434 78
1750948578363 0.999455930359086 79
1750948579020 0.9974156692056583 80
1750948579678 0.998911860718172 81
1750948580339 0.999183895538629 82
1750948581003 0.9974156692056583 83
1750948581667 0.9998639825897715 84
1750948582330 1.0 85
1750948582992 1.0 86
1750948583652 0.9998639825897715 87
1750948584313 0.999455930359086 88
1750948584587 0.999455930359086 0
1750948527557 0.8394994559303591 0
1750948584587 0.999455930359086 0
