1750948527537 0.6342925070354287 0
1750948528136 0.18642194586136135 1
1750948528758 0.11006263875371095 2
1750948529381 0.08460531359431014 3
1750948530009 0.06942593303870843 4
1750948530643 0.0585799465266029 5
1750948531277 0.05083474115558755 6
1750948531912 0.045131636627415705 7
1750948532549 0.0396943341173491 8
1750948533177 0.035263902346590395 9
1750948533806 0.03674453640938356 10
1750948534436 0.042871454060766784 11
1750948535064 0.02962973840956265 12
1750948535694 0.025449469722037217 13
1750948536324 0.021804161434658725 14
1750948536958 0.022528638214002625 15
1750948537594 0.023034856575404387 16
1750948538227 0.019984226083530923 17
1750948538862 0.019026185603259017 18
1750948539498 0.015256444270944504 19
1750948540132 0.015387443873486091 20
1750948540766 0.019734578345718838 21
1750948541402 0.012932167486039368 22
1750948542037 0.011170560218038096 23
1750948542671 0.013705556473205266 24
1750948543307 0.012738673785859486 25
1750948543944 0.014733823080637348 26
1750948544582 0.011280941967705469 27
1750948545220 0.010486702804422762 28
1750948545861 0.009469613636516022 29
1750948546500 0.007946453088835202 30
1750948547140 0.008554225788913846 31
1750948547778 0.006886383833366693 32
1750948548416 0.005317525647241639 33
1750948549053 0.008292373278695366 34
1750948549691 0.006701377676295722 35
1750948550332 0.007569590374618116 36
1750948550974 0.009763791594192968 37
1750948551617 0.006059091034590067 38
1750948552263 0.005393852266686704 39
1750948552906 0.004720800447681061 40
1750948553547 0.006091827673189468 41
1750948554187 0.008963551857965766 42
1750948554828 0.004335220985339298 43
1750948555471 0.002464120949207328 44
1750948556115 0.0022326968470863847 45
1750948556762 0.005648784974851023 46
1750948557409 0.0029567050046041218 47
1750948558055 0.0034633550439791255 48
1750948558700 0.003515576441603233 49
1750948559344 0.005441987736335759 50
1750948559989 0.0041034101399125495 51
1750948560636 0.002904590877769054 52
1750948561284 0.004223698178433278 53
1750948561931 0.012098674833487266 54
1750948562578 0.007182324911860174 55
1750948563226 0.0032529398534015368 56
1750948563874 0.0026482691823448367 57
1750948564522 0.002989128560093318 58
1750948565169 0.00489439286234405 59
1750948565816 0.00431676730396239 60
1750948566466 0.0028571310748414683 61
1750948567175 0.004063882365745615 62
1750948567825 0.00447877970251082 63
1750948568476 0.002471063834731847 64
1750948569129 0.003633443537240157 65
1750948569778 0.002546376936011697 66
1750948570428 0.0033964934070262465 67
1750948571080 0.004281258360413461 68
1750948571732 0.00441549969270669 69
1750948572385 0.0022586392959459737 70
1750948573039 0.003303527461345357 71
1750948573692 0.00311659687635636 72
1750948574346 0.0024759729735057833 73
1750948575003 0.0019558651260491986 74
1750948575659 0.003721401636091353 75
1750948576314 0.0027771043085510374 76
1750948577018 0.0031688201289617134 77
1750948577676 0.004613348088679193 78
1750948578334 0.002067375344190737 79
1750948578991 0.007278434772366684 80
1750948579649 0.004371597966885724 81
1750948580310 0.0030206919174966423 82
1750948580974 0.008053914516055435 83
1750948581638 0.0022743604596055914 84
1750948582300 0.0011176430307030631 85
1750948582963 0.0008189405346340834 86
1750948583623 0.0009849256304170864 87
1750948584284 0.0019421579584067508 88
1750948584587 0.0019421579584067508 0
1750948527537 0.6342925070354287 0
1750948584587 0.0019421579584067508 0
