1750949501656 0.8533110671360052 0
1750949502260 0.9588517584155545 1
1750949502879 0.9700466944390338 2
1750949503499 0.9746909847958555 3
1750949504125 0.9790524916852521 4
1750949504753 0.982987933448277 5
1750949505386 0.9850437012811347 6
1750949506021 0.9835365545885725 7
1750949506657 0.9850511961436353 8
1750949507292 0.9870824384245614 9
1750949507920 0.9832734424698999 10
1750949508549 0.9877681944796696 11
1750949509180 0.985030478668952 12
1750949509810 0.9873477057716262 13
1750949510439 0.989665365805263 14
1750949511071 0.9906198901877773 15
1750949511702 0.9900789726227868 16
1750949512336 0.9918494398213847 17
1750949512965 0.9912957092098177 18
1750949513597 0.9908903979150561 19
1750949514229 0.9903491940177345 20
1750949514861 0.9911688052303462 21
1750949515494 0.9899381587048358 22
1750949516127 0.9910205602014728 23
1750949516764 0.9921113566719463 24
1750949517401 0.9914330019851303 25
1750949518035 0.9910284397286271 26
1750949518671 0.9938805638457193 27
1750949519306 0.9949675806633043 28
1750949519941 0.9923853524003067 29
1750949520578 0.991567730911666 30
1750949521216 0.9941550767274265 31
1750949521852 0.9952403870656306 32
1750949522489 0.9929301981025923 33
1750949523128 0.9919814336489933 34
1750949523766 0.9930678007114225 35
1750949524405 0.9952451032730385 36
1750949525045 0.9930691436040144 37
1750949525686 0.9949678757345187 38
1750949526326 0.9948333948732649 39
1750949526964 0.9919781826241444 40
1750949527604 0.9927895907180563 41
1750949528243 0.9952369843583891 42
1750949528882 0.9959194776931447 43
1750949529523 0.9945616737639413 44
1750949530165 0.9896652504786047 45
1750949530809 0.9941544555879458 46
1750949531453 0.9961934950906897 47
1750949532095 0.994421376987241 48
1750949532737 0.9923931182043512 49
1750949533381 0.9953769838242268 50
1750949534022 0.9946942779146761 51
1750949534667 0.9964645469374103 52
1750949535311 0.995650390532597 53
1750949535955 0.9951107210486307 54
1750949536600 0.9968745036486871 55
1750949537256 0.9940187485021206 56
1750949537904 0.9955139652808807 57
1750949538551 0.9964637727486975 58
1750949539198 0.9966028872736172 59
1750949539845 0.9961917815861597 60
1750949540493 0.9941513157586079 61
1750949541143 0.9946967569822616 62
1750949541792 0.9949675806633043 63
1750949542443 0.9955114135302633 64
1750949543092 0.9942872687704026 65
1750949543741 0.9970076169749728 66
1750949544391 0.9961956884867227 67
1750949544628 0.9961956884867227 0
1750949501656 0.8533110671360052 0
1750949544628 0.9961956884867227 0
