1750949501699 0.8476337561042483 0
1750949502311 0.958828243387903 1
1750949502930 0.9700599439221127 2
1750949503551 0.9746880572329801 3
1750949504177 0.9790456407712025 4
1750949504805 0.9829923400172002 5
1750949505438 0.9850404840886896 6
1750949506073 0.9835390461245389 7
1750949506708 0.9850397356659221 8
1750949507344 0.9870790914442364 9
1750949507972 0.9832638704991061 10
1750949508600 0.9877578367341991 11
1750949509232 0.9850308899583083 12
1750949509862 0.9873484334176836 13
1750949510491 0.9896631625075436 14
1750949511123 0.9906153091542498 15
1750949511753 0.9900716028298334 16
1750949512388 0.9918386569849025 17
1750949513018 0.9912927605947127 18
1750949513649 0.9908873685435079 19
1750949514281 0.9903435384702781 20
1750949514913 0.9911596102401605 21
1750949515547 0.989935259507533 22
1750949516180 0.9910214890580962 23
1750949516818 0.9921104653512015 24
1750949517454 0.9914312533629256 25
1750949518088 0.9910235080735206 26
1750949518724 0.9938794373542299 27
1750949519358 0.9949674177680822 28
1750949519995 0.9923833870966184 29
1750949520632 0.99156712577916 30
1750949521269 0.9941508807526809 31
1750949521905 0.9952389059938574 32
1750949522544 0.9929277421983146 33
1750949523182 0.9919744970357445 34
1750949523820 0.9930635893537532 35
1750949524459 0.9952397724853483 36
1750949525100 0.9930636684786505 37
1750949525740 0.994967161418001 38
1750949526380 0.9948315582391757 39
1750949527018 0.9919754830929266 40
1750949527658 0.9927899979306919 41
1750949528297 0.9952372575459244 42
1750949528937 0.9959194776931447 43
1750949529576 0.9945595043920477 44
1750949530220 0.9896631682025536 45
1750949530864 0.9941515947368782 46
1750949531507 0.9961916935483093 47
1750949532150 0.9944221684857717 48
1750949532792 0.9923853312041313 49
1750949533436 0.9953756845591175 50
1750949534077 0.9946929100524986 51
1750949534722 0.9964636176055047 52
1750949535366 0.9956470954941393 53
1750949536010 0.9951038165409362 54
1750949536655 0.9968717832313534 55
1750949537311 0.9940163795766739 56
1750949537960 0.9955118238554123 57
1750949538606 0.9964634572652253 58
1750949539253 0.9965996621116936 59
1750949539901 0.9961915369746351 60
1750949540550 0.9941510444632122 61
1750949541200 0.9946951309683512 62
1750949541849 0.9949674177680822 63
1750949542499 0.9955113689399242 64
1750949543148 0.9942872687704026 65
1750949543797 0.9970076169749728 66
1750949544447 0.9961917775876875 67
1750949544628 0.9961917775876875 0
1750949501699 0.8476337561042483 0
1750949544628 0.9961917775876875 0
