1750949501614 0.6250915934328675 0
1750949502209 0.17304820814641178 1
1750949502828 0.10713469498143233 2
1750949503447 0.08436345817344881 3
1750949504073 0.07103783420415775 4
1750949504701 0.05802920192958416 5
1750949505335 0.05338237812019017 6
1750949505970 0.05059619833055531 7
1750949506605 0.04375966131014261 8
1750949507240 0.04328720716980486 9
1750949507868 0.04576967185681384 10
1750949508497 0.04038910733959491 11
1750949509127 0.048291953866318335 12
1750949509757 0.0410702081556281 13
1750949510387 0.03554471678042762 14
1750949511018 0.033369184415929336 15
1750949511649 0.032247322665221415 16
1750949512283 0.02782209006354002 17
1750949512913 0.027759830140071932 18
1750949513544 0.027544999035567824 19
1750949514175 0.0288915027984873 20
1750949514808 0.027448495766867493 21
1750949515440 0.033865879010358445 22
1750949516074 0.026496235040037754 23
1750949516708 0.027007441653569064 24
1750949517348 0.028455138713186272 25
1750949517982 0.02679211295881715 26
1750949518617 0.0202775488418078 27
1750949519252 0.01767649729224378 28
1750949519888 0.021678600472451813 29
1750949520524 0.02252364695838311 30
1750949521162 0.02141801279060486 31
1750949521799 0.02125564926244132 32
1750949522435 0.026353221230099425 33
1750949523075 0.02540832822655973 34
1750949523713 0.02254395974775669 35
1750949524351 0.019076519482591727 36
1750949524990 0.020337164263677772 37
1750949525632 0.01734622440303922 38
1750949526271 0.016553993577540928 39
1750949526910 0.02857434898194319 40
1750949527549 0.024606592212403366 41
1750949528188 0.017474665746834612 42
1750949528828 0.01685279020553169 43
1750949529468 0.019194852481712713 44
1750949530110 0.02674527277853806 45
1750949530753 0.018719752975845945 46
1750949531398 0.014805781441817711 47
1750949532040 0.018998979715482454 48
1750949532683 0.027918496354603663 49
1750949533326 0.019221870156189466 50
1750949533967 0.020592459861566114 51
1750949534612 0.01612991083340397 52
1750949535256 0.015331777117455274 53
1750949535900 0.01610751378819168 54
1750949536544 0.013694299327694 55
1750949537200 0.021246589942185676 56
1750949537847 0.018338655280222927 57
1750949538496 0.014758045596761733 58
1750949539143 0.01525051536249307 59
1750949539789 0.016588629713896116 60
1750949540438 0.021504666884272675 61
1750949541087 0.019394737907499886 62
1750949541736 0.017225450942023244 63
1750949542387 0.01676190634469894 64
1750949543036 0.016664147902846586 65
1750949543684 0.013107041479215042 66
1750949544335 0.014118546063649966 67
1750949544628 0.014118546063649966 0
1750949501614 0.6250915934328675 0
1750949544628 0.014118546063649966 0
