1750949501635 0.8516050054406964 0
1750949502235 0.9589227421109902 1
1750949502854 0.970076169749728 2
1750949503473 0.9747007616974973 3
1750949504099 0.9790533188248096 4
1750949504727 0.9829978237214363 5
1750949505361 0.985038084874864 6
1750949505996 0.9835418933623504 7
1750949506631 0.985038084874864 8
1750949507266 0.9870783460282916 9
1750949507894 0.9832698585418934 10
1750949508523 0.9877584330794341 11
1750949509154 0.985038084874864 12
1750949509784 0.9873503808487486 13
1750949510413 0.9896626768226333 14
1750949511045 0.9906147986942329 15
1750949511676 0.9900707290533188 16
1750949512310 0.9918389553862894 17
1750949512939 0.9912948857453754 18
1750949513570 0.9908868335146899 19
1750949514202 0.9903427638737758 20
1750949514834 0.9911588683351469 21
1750949515467 0.9899347116430903 22
1750949516101 0.9910228509249184 23
1750949516735 0.9921109902067464 24
1750949517375 0.9914309031556039 25
1750949518008 0.9910228509249184 26
1750949518644 0.9938792165397171 27
1750949519279 0.9949673558215452 28
1750949519914 0.9923830250272034 29
1750949520551 0.9915669205658324 30
1750949521189 0.9941512513601741 31
1750949521826 0.9952393906420022 32
1750949522462 0.9929270946681176 33
1750949523102 0.9919749727965179 34
1750949523740 0.9930631120783461 35
1750949524378 0.9952393906420022 36
1750949525017 0.9930631120783461 37
1750949525659 0.9949673558215452 38
1750949526299 0.9948313384113167 39
1750949526937 0.9919749727965179 40
1750949527577 0.9927910772578891 41
1750949528215 0.9952393906420022 42
1750949528855 0.9959194776931447 43
1750949529495 0.9945593035908596 44
1750949530138 0.9896626768226333 45
1750949530781 0.9941512513601741 46
1750949531426 0.9961915125136017 47
1750949532067 0.9944232861806311 48
1750949532710 0.9923830250272034 49
1750949533353 0.9953754080522307 50
1750949533995 0.9946953210010882 51
1750949534640 0.9964635473340587 52
1750949535283 0.9956474428726877 53
1750949535927 0.9951033732317737 54
1750949536573 0.9968715995647442 55
1750949537227 0.9940152339499456 56
1750949537875 0.9955114254624592 57
1750949538524 0.9964635473340587 58
1750949539171 0.9965995647442872 59
1750949539817 0.9961915125136017 60
1750949540466 0.9941512513601741 61
1750949541116 0.9946953210010882 62
1750949541764 0.9949673558215452 63
1750949542415 0.9955114254624592 64
1750949543064 0.9942872687704026 65
1750949543712 0.9970076169749728 66
1750949544363 0.9961915125136017 67
1750949544628 0.9961915125136017 0
1750949501635 0.8516050054406964 0
1750949544628 0.9961915125136017 0
