1750931150412 1.1342370398545292 0
1750931151002 0.6503655765209675 1
1750931151619 0.4418618426099825 2
1750931152237 0.32921977615200787 3
1750931152855 0.2606128893460231 4
1750931153478 0.21006701497504968 5
1750931154098 0.17718476917233897 6
1750931154719 0.14922664404499128 7
1750931155340 0.13282610998935876 8
1750931155963 0.1203777301201234 9
1750931156587 0.10447683867160332 10
1750931157212 0.10035666761771898 11
1750931157832 0.08990987631876399 12
1750931158456 0.08460542801220347 13
1750931159079 0.0796099742621151 14
1750931159701 0.07374191100550036 15
1750931160325 0.06756702524339284 16
1750931160952 0.06222046736599442 17
1750931161576 0.061877768057052925 18
1750931162199 0.05666686341944794 19
1750931162825 0.05263908475969834 20
1750931163449 0.05040111198161969 21
1750931164073 0.05061514779592948 22
1750931164696 0.048681367924426795 23
1750931165324 0.0423772200958254 24
1750931165953 0.044466631535655526 25
1750931166577 0.041534642469020354 26
1750931167209 0.037954823921664625 27
1750931167839 0.03960449061173058 28
1750931168465 0.037486614141576766 29
1750931169092 0.035559008570876426 30
1750931169722 0.03327506780320367 31
1750931170352 0.03477530526878947 32
1750931170984 0.03110393285305443 33
1750931171616 0.03167378195785432 34
1750931172246 0.0314334462618737 35
1750931172875 0.02970892451784621 36
1750931173508 0.03255585859295577 37
1750931174140 0.02905238334239502 38
1750931174773 0.025385942166190802 39
1750931175407 0.024231194712320936 40
1750931176039 0.027038031118345306 41
1750931176671 0.027293730015897875 42
1750931177309 0.02711318341875297 43
1750931177943 0.02243207762994772 44
1750931178580 0.026861024015938803 45
1750931179220 0.025208788470418818 46
1750931179857 0.024223168687874674 47
1750931180495 0.02186103898933577 48
1750931181132 0.02008381032653992 49
1750931181768 0.02106068941604415 50
1750931182406 0.01899917584591088 51
1750931183044 0.02013857887983849 52
1750931183683 0.02135663142380172 53
1750931184321 0.024536817284175262 54
1750931184959 0.021378543002174212 55
1750931185596 0.01592823415482873 56
1750931186237 0.020165653712844823 57
1750931186876 0.01882285546634034 58
1750931187514 0.023705671623478905 59
1750931188155 0.018107481094348822 60
1750931188797 0.01625125091366487 61
1750931189441 0.020180072170004282 62
1750931190085 0.018534004477980637 63
1750931190727 0.015898899528906316 64
1750931191371 0.018003283443372247 65
1750931192015 0.019164648530708366 66
1750931192660 0.01686581544376914 67
1750931192960 0.01686581544376914 0
1750931150412 1.1342370398545292 0
1750931192960 0.01686581544376914 0
