1750931150496 0.6640196462612734 0
1750931151106 0.8618556531612456 1
1750931151722 0.9195889957236547 2
1750931152340 0.9434659129893073 3
1750931152960 0.9513045459910537 4
1750931153581 0.9600658658253315 5
1750931154202 0.967183230854587 6
1750931154824 0.9689553990913173 7
1750931155443 0.9720968705165471 8
1750931156068 0.9736005211469618 9
1750931156690 0.978091802284954 10
1750931157317 0.9767178427409233 11
1750931157937 0.9795795527497128 12
1750931158561 0.9806827502555796 13
1750931159184 0.9800043676410171 14
1750931159807 0.979722033040867 15
1750931160431 0.9835441716409284 16
1750931161058 0.9831217349204491 17
1750931161681 0.9843550053470715 18
1750931162306 0.9850408726959101 19
1750931162931 0.9855754269349023 20
1750931163555 0.9872117751071401 21
1750931164177 0.9851708981570906 22
1750931164802 0.9854430657027572 23
1750931165431 0.9892534850662492 24
1750931166059 0.9878978693583772 25
1750931166684 0.9877576111199845 26
1750931167316 0.9895249314175698 27
1750931167945 0.9881665549360722 28
1750931168572 0.9881640927712685 29
1750931169198 0.9897948405574611 30
1750931169829 0.9903391874920955 31
1750931170460 0.9896557778408723 32
1750931171093 0.9915643249674909 33
1750931171725 0.9911565312987805 34
1750931172355 0.9908863580888267 35
1750931172984 0.9904777001477971 36
1750931173617 0.9895215762105931 37
1750931174248 0.9921103903058757 38
1750931174882 0.9926523080607736 39
1750931175516 0.992926329641968 40
1750931176147 0.9919723693002753 41
1750931176782 0.9910224966750117 42
1750931177418 0.990882018658748 43
1750931178053 0.9925180251807217 44
1750931178690 0.9912935921133779 45
1750931179332 0.9911541112394034 46
1750931179969 0.9923844705450227 47
1750931180605 0.9937426968755082 48
1750931181243 0.994014746922531 49
1750931181880 0.9934702130312592 50
1750931182518 0.9946942881876666 51
1750931183156 0.9931968292993035 52
1750931183794 0.9927897822073557 53
1750931184432 0.9907488212828413 54
1750931185070 0.9933316288675614 55
1750931185708 0.9951026422778223 56
1750931186348 0.9945589777365754 57
1750931186986 0.9929274711725495 58
1750931187627 0.9922462613542776 59
1750931188268 0.9937437929034342 60
1750931188910 0.994149778277598 61
1750931189554 0.9933350690303105 62
1750931190197 0.99251716003653 63
1750931190841 0.9956472661362765 64
1750931191485 0.994420762110944 65
1750931192128 0.9936058905948397 66
1750931192774 0.9948310091385648 67
1750931192960 0.9948310091385648 0
1750931150496 0.6640196462612734 0
1750931192960 0.9948310091385648 0
