1750931150453 0.7040797483635655 0
1750931151055 0.8644016806650123 1
1750931151670 0.9201656260857192 2
1750931152289 0.943488370718308 3
1750931152908 0.951209425058053 4
1750931153530 0.9600047812531679 5
1750931154150 0.9671787572285306 6
1750931154771 0.9689386056192161 7
1750931155392 0.9721519994788053 8
1750931156015 0.9736001528578984 9
1750931156639 0.9780961752763494 10
1750931157265 0.9767002497686712 11
1750931157884 0.97957696547427 12
1750931158509 0.9806888099672951 13
1750931159131 0.9800140452408688 14
1750931159755 0.9797136695453218 15
1750931160378 0.983565714594436 16
1750931161005 0.9831250857798549 17
1750931161629 0.9843538826755887 18
1750931162253 0.9850448204338361 19
1750931162878 0.9855710848767193 20
1750931163503 0.9872292803046665 21
1750931164125 0.9851768205581329 22
1750931164749 0.9854440935693667 23
1750931165378 0.9892591880689084 24
1750931166006 0.9879080358836413 25
1750931166631 0.9877614019350686 26
1750931167263 0.9895239879375816 27
1750931167893 0.9881669953401729 28
1750931168518 0.988162355121604 29
1750931169145 0.9897980950120784 30
1750931169776 0.9903369638357771 31
1750931170406 0.9896518746078421 32
1750931171038 0.9915654092286785 33
1750931171671 0.991158377241136 34
1750931172300 0.9908885514702064 35
1750931172930 0.9904824185885274 36
1750931173562 0.9895421904178017 37
1750931174194 0.9921151707731882 38
1750931174827 0.9926633551967877 39
1750931175462 0.9929273552357109 40
1750931176093 0.9919706146174774 41
1750931176725 0.991023436945725 42
1750931177364 0.990882481978533 43
1750931177997 0.992528119513554 44
1750931178635 0.9913047514651029 45
1750931179276 0.9911590245190762 46
1750931179913 0.9923883065284835 47
1750931180551 0.9937444585066881 48
1750931181188 0.9940176822267786 49
1750931181824 0.9934808900918867 50
1750931182462 0.9946953050829657 51
1750931183100 0.9931957936117299 52
1750931183738 0.9928090283446558 53
1750931184376 0.9907628327475725 54
1750931185014 0.9933390406626931 55
1750931185652 0.9951142757398811 56
1750931186293 0.9945663134328798 57
1750931186932 0.992932498519381 58
1750931187570 0.9922496906921935 59
1750931188212 0.9937477272495906 60
1750931188853 0.9941558320059141 61
1750931189498 0.9933357474892709 62
1750931190142 0.9925232677639578 63
1750931190785 0.9956483545950104 64
1750931191428 0.9944221056310272 65
1750931192072 0.9936064725999262 66
1750931192718 0.9948336813976868 67
1750931192960 0.9948336813976868 0
1750931150453 0.7040797483635655 0
1750931192960 0.9948336813976868 0
