1750931150432 0.6825353645266594 0
1750931151029 0.8647986942328618 1
1750931151645 0.920157780195865 2
1750931152263 0.9436887921653971 3
1750931152881 0.9514417845484222 4
1750931153504 0.9601468988030468 5
1750931154124 0.9672198041349293 6
1750931154745 0.9689880304678999 7
1750931155366 0.9721164309031556 8
1750931155989 0.9736126224156693 9
1750931156612 0.97810119695321 10
1750931157238 0.9767410228509249 11
1750931157858 0.9795973884657236 12
1750931158483 0.9806855277475517 13
1750931159105 0.9800054406964092 14
1750931159728 0.9797334058759521 15
1750931160351 0.9835418933623504 16
1750931160979 0.9831338411316648 17
1750931161603 0.9843579978237215 18
1750931162226 0.985038084874864 19
1750931162851 0.985582154515778 20
1750931163476 0.9872143634385201 21
1750931164100 0.9851741022850925 22
1750931164723 0.9854461371055495 23
1750931165351 0.9892546245919478 24
1750931165980 0.9878944504896626 25
1750931166604 0.9877584330794341 26
1750931167236 0.9895266594124048 27
1750931167866 0.9881664853101197 28
1750931168492 0.9881664853101197 29
1750931169118 0.9897986942328618 30
1750931169749 0.9903427638737758 31
1750931170379 0.9896626768226333 32
1750931171011 0.9915669205658324 33
1750931171643 0.9911588683351469 34
1750931172273 0.9908868335146899 35
1750931172902 0.9904787812840044 36
1750931173536 0.9895266594124048 37
1750931174167 0.9921109902067464 38
1750931174799 0.9926550598476604 39
1750931175435 0.9929270946681176 40
1750931176066 0.9919749727965179 41
1750931176698 0.9910228509249184 42
1750931177336 0.9908868335146899 43
1750931177970 0.9925190424374319 44
1750931178608 0.9912948857453754 45
1750931179248 0.9911588683351469 46
1750931179885 0.9923830250272034 47
1750931180523 0.9937431991294886 48
1750931181160 0.9940152339499456 49
1750931181796 0.9934711643090316 50
1750931182434 0.9946953210010882 51
1750931183073 0.9931991294885746 52
1750931183710 0.9927910772578891 53
1750931184348 0.9907508161044614 54
1750931184986 0.9933351468988031 55
1750931185624 0.9951033732317737 56
1750931186265 0.9945593035908596 57
1750931186903 0.9929270946681176 58
1750931187542 0.9922470076169749 59
1750931188183 0.9937431991294886 60
1750931188825 0.9941512513601741 61
1750931189470 0.9933351468988031 62
1750931190114 0.9925190424374319 63
1750931190756 0.9956474428726877 64
1750931191400 0.9944232861806311 65
1750931192044 0.9936071817192601 66
1750931192689 0.9948313384113167 67
1750931192960 0.9948313384113167 0
1750931150432 0.6825353645266594 0
1750931192960 0.9948313384113167 0
