1751011575145 0.8661588683351469 0
1751011575760 0.9572905331882481 1
1751011576386 0.9732045701849836 2
1751011577017 0.9775571273122959 3
1751011577651 0.9805495103373232 4
1751011578292 0.9834058759521219 5
1751011578930 0.9874863982589771 6
1751011579567 0.9866702937976061 7
1751011580206 0.9865342763873776 8
1751011580836 0.9863982589771491 9
1751011581466 0.9884385201305768 10
1751011582097 0.9884385201305768 11
1751011582730 0.9892546245919478 12
1751011583363 0.9896626768226333 13
1751011583998 0.9904787812840044 14
1751011584628 0.9904787812840044 15
1751011585258 0.9914309031556039 16
1751011585892 0.9917029379760609 17
1751011586524 0.9919749727965179 18
1751011587153 0.9931991294885746 19
1751011587786 0.9940152339499456 20
1751011588422 0.9906147986942329 21
1751011589058 0.9895266594124048 22
1751011589697 0.9952393906420022 23
1751011590331 0.9949673558215452 24
1751011590971 0.9952393906420022 25
1751011591614 0.9948313384113167 26
1751011592251 0.9937431991294886 27
1751011592895 0.9949673558215452 28
1751011593542 0.9949673558215452 29
1751011594180 0.9955114254624592 30
1751011594822 0.9956474428726877 31
1751011595465 0.9963275299238302 32
1751011596107 0.9944232861806311 33
1751011596746 0.9951033732317737 34
1751011597389 0.9937431991294886 35
1751011598031 0.9959194776931447 36
1751011598676 0.9972796517954298 37
1751011599319 0.9972796517954298 38
1751011599970 0.9964635473340587 39
1751011600611 0.9945593035908596 40
1751011601254 0.9934711643090316 41
1751011601895 0.9968715995647442 42
1751011602536 0.9923830250272034 43
1751011603181 0.9956474428726877 44
1751011603826 0.9953754080522307 45
1751011604469 0.9982317736670294 46
1751011605119 0.9980957562568009 47
1751011605327 0.9980957562568009 0
1751011575145 0.8661588683351469 0
1751011605327 0.9980957562568009 0
