1751011575103 0.8661588683351469 0
1751011575708 0.9572905331882481 1
1751011576334 0.9732045701849836 2
1751011576963 0.9775571273122959 3
1751011577599 0.9805495103373232 4
1751011578240 0.9834058759521219 5
1751011578878 0.9874863982589771 6
1751011579515 0.9866702937976061 7
1751011580154 0.9865342763873776 8
1751011580784 0.9863982589771491 9
1751011581415 0.9884385201305768 10
1751011582045 0.9884385201305768 11
1751011582678 0.9892546245919478 12
1751011583311 0.9896626768226333 13
1751011583944 0.9904787812840044 14
1751011584575 0.9904787812840044 15
1751011585205 0.9914309031556039 16
1751011585839 0.9917029379760609 17
1751011586471 0.9919749727965179 18
1751011587100 0.9931991294885746 19
1751011587732 0.9940152339499456 20
1751011588369 0.9906147986942329 21
1751011589004 0.9895266594124048 22
1751011589642 0.9952393906420022 23
1751011590278 0.9949673558215452 24
1751011590913 0.9952393906420022 25
1751011591560 0.9948313384113167 26
1751011592197 0.9937431991294886 27
1751011592840 0.9949673558215452 28
1751011593487 0.9949673558215452 29
1751011594126 0.9955114254624592 30
1751011594768 0.9956474428726877 31
1751011595410 0.9963275299238302 32
1751011596052 0.9944232861806311 33
1751011596691 0.9951033732317737 34
1751011597335 0.9937431991294886 35
1751011597976 0.9959194776931447 36
1751011598621 0.9972796517954298 37
1751011599264 0.9972796517954298 38
1751011599908 0.9964635473340587 39
1751011600556 0.9945593035908596 40
1751011601199 0.9934711643090316 41
1751011601841 0.9968715995647442 42
1751011602480 0.9923830250272034 43
1751011603125 0.9956474428726877 44
1751011603769 0.9953754080522307 45
1751011604413 0.9982317736670294 46
1751011605063 0.9980957562568009 47
1751011605327 0.9980957562568009 0
1751011575103 0.8661588683351469 0
1751011605327 0.9980957562568009 0
