1751011575124 0.8703699270734077 0
1751011575734 0.9572550553866909 1
1751011576360 0.9731836337217676 2
1751011576990 0.9775631581698765 3
1751011577625 0.9805430230773479 4
1751011578266 0.9834058759521219 5
1751011578904 0.9874873795842196 6
1751011579541 0.9866732515453718 7
1751011580181 0.9865347064424642 8
1751011580810 0.9863984191248079 9
1751011581440 0.9884471756207638 10
1751011582071 0.9884558637258103 11
1751011582704 0.9892562937736257 12
1751011583337 0.9896551345744192 13
1751011583971 0.9904806124803552 14
1751011584601 0.9904867532966752 15
1751011585232 0.9914299596422289 16
1751011585865 0.9917063823188956 17
1751011586498 0.9919755809969525 18
1751011587127 0.9932006379850862 19
1751011587759 0.9940165343605193 20
1751011588395 0.990612792056287 21
1751011589031 0.9895233082395606 22
1751011589670 0.9952396088639766 23
1751011590304 0.9949675806633043 24
1751011590943 0.9952377178355157 25
1751011591587 0.9948334441298387 26
1751011592224 0.9937439060269179 27
1751011592868 0.9949678757345187 28
1751011593514 0.9949702596907393 29
1751011594153 0.9955161750442362 30
1751011594795 0.9956539100936533 31
1751011595438 0.9963281583926002 32
1751011596079 0.99442344404829 33
1751011596719 0.9951040731850341 34
1751011597362 0.9937452391661791 35
1751011598003 0.9959198138646911 36
1751011598648 0.9972799197062711 37
1751011599292 0.9972799197062711 38
1751011599942 0.9964637727486975 39
1751011600583 0.9945603682473536 40
1751011601226 0.9934797590354181 41
1751011601868 0.9968723953008931 42
1751011602508 0.9923885884149831 43
1751011603153 0.9956476213759534 44
1751011603797 0.9953769869660919 45
1751011604441 0.9982325541139142 46
1751011605091 0.9980957562568009 47
1751011605327 0.9980957562568009 0
1751011575124 0.8703699270734077 0
1751011605327 0.9980957562568009 0
