1751011575167 0.8650591973328858 0
1751011575786 0.9572131620921188 1
1751011576411 0.9731928535261518 2
1751011577043 0.9775557046379132 3
1751011577677 0.9805461569138959 4
1751011578318 0.9834058759521219 5
1751011578956 0.987485586587347 6
1751011579593 0.9866709172520352 7
1751011580233 0.9865344421362198 8
1751011580862 0.9863975507071092 9
1751011581493 0.9884396121798915 10
1751011582124 0.9884400015030232 11
1751011582757 0.9892550122440926 12
1751011583389 0.9896583418882947 13
1751011584024 0.9904791857140296 14
1751011584654 0.9904795003330027 15
1751011585284 0.9914297799793043 16
1751011585918 0.991703409120841 17
1751011586550 0.9919749222090771 18
1751011587180 0.993199371903542 19
1751011587814 0.9940150111657248 20
1751011588449 0.9906128753773262 21
1751011589085 0.9895240645368423 22
1751011589724 0.9952394492400777 23
1751011590358 0.9949674177680822 24
1751011590998 0.9952384964898108 25
1751011591640 0.9948315841012768 26
1751011592278 0.9937433513845381 27
1751011592922 0.994967161418001 28
1751011593569 0.9949672508413855 29
1751011594207 0.9955127332483656 30
1751011594849 0.995648131203757 31
1751011595492 0.9963273880617847 32
1751011596134 0.9944233058247585 33
1751011596774 0.9951034542464813 34
1751011597416 0.9937429030378521 35
1751011598058 0.9959195290098392 36
1751011598703 0.9972795825117118 37
1751011599347 0.9972795825117118 38
1751011599998 0.9964634572652253 39
1751011600639 0.9945596341182521 40
1751011601281 0.9934748058040043 41
1751011601923 0.9968719487311232 42
1751011602564 0.9923828853493577 43
1751011603208 0.9956474813799945 44
1751011603854 0.9953755448333258 45
1751011604497 0.9982317053630814 46
1751011605146 0.9980957562568009 47
1751011605327 0.9980957562568009 0
1751011575167 0.8650591973328858 0
1751011605327 0.9980957562568009 0
