1751011575083 0.5885187327959073 0
1751011575681 0.16286445636873795 1
1751011576308 0.0992830256334586 2
1751011576936 0.07548019380265111 3
1751011577572 0.06479281720515823 4
1751011578214 0.05334672080079282 5
1751011578851 0.04630434618891907 6
1751011579489 0.044260004845420475 7
1751011580128 0.04145638420731964 8
1751011580758 0.040036169052026734 9
1751011581388 0.039233215441532084 10
1751011582019 0.03456985082992143 11
1751011582651 0.03286495224914237 12
1751011583284 0.03261937693337037 13
1751011583917 0.02950763749921445 14
1751011584549 0.031189348329247763 15
1751011585179 0.02668725798196353 16
1751011585811 0.02723260325358388 17
1751011586445 0.025265048492103977 18
1751011587072 0.02298141150280298 19
1751011587704 0.020796945669219077 20
1751011588341 0.029944583624135195 21
1751011588977 0.030370053307733968 22
1751011589615 0.01805674134408072 23
1751011590251 0.01710180318240437 24
1751011590885 0.015379219829744302 25
1751011591532 0.01715842454888786 26
1751011592170 0.020805432002128015 27
1751011592813 0.016952240384580066 28
1751011593460 0.017673794935144264 29
1751011594099 0.015701243100572332 30
1751011594740 0.01795986913635078 31
1751011595382 0.013536525799784408 32
1751011596024 0.019638998523887584 33
1751011596663 0.02145432117364701 34
1751011597307 0.01915809002545813 35
1751011597948 0.015154399614177149 36
1751011598593 0.011770015298434501 37
1751011599236 0.011036312777875345 38
1751011599880 0.013417705243414874 39
1751011600528 0.016814774124486873 40
1751011601172 0.017953716335076864 41
1751011601814 0.01398092959916282 42
1751011602452 0.02431944833654947 43
1751011603097 0.016747523344428937 44
1751011603740 0.015421467848422089 45
1751011604385 0.010022832560064159 46
1751011605034 0.00921414729098306 47
1751011605327 0.00921414729098306 0
1751011575083 0.5885187327959073 0
1751011605327 0.00921414729098306 0
