1751012673326 0.846436343852013 0
1751012673935 0.9525299238302503 1
1751012674557 0.9681719260065288 2
1751012675176 0.9771490750816104 3
1751012675800 0.9786452665941241 4
1751012676427 0.9832698585418934 5
1751012677056 0.9834058759521219 6
1751012677692 0.984766050054407 7
1751012678330 0.985854189336235 8
1751012678960 0.9887105549510338 9
1751012679590 0.9878944504896626 10
1751012680219 0.9895266594124048 11
1751012680846 0.9895266594124048 12
1751012681478 0.9892546245919478 13
1751012682106 0.9914309031556039 14
1751012682737 0.9899347116430903 15
1751012683366 0.9915669205658324 16
1751012684000 0.9911588683351469 17
1751012684634 0.9923830250272034 18
1751012685266 0.9934711643090316 19
1751012685898 0.9942872687704026 20
1751012686535 0.9959194776931447 21
1751012687171 0.9955114254624592 22
1751012687803 0.9946953210010882 23
1751012688438 0.9929270946681176 24
1751012689073 0.9961915125136017 25
1751012689711 0.9940152339499456 26
1751012690348 0.9956474428726877 27
1751012690984 0.9959194776931447 28
1751012691619 0.9972796517954298 29
1751012692257 0.9976877040261154 30
1751012692895 0.9951033732317737 31
1751012693534 0.9964635473340587 32
1751012694174 0.9948313384113167 33
1751012694814 0.9967355821545157 34
1751012695452 0.9951033732317737 35
1751012696093 0.9975516866158868 36
1751012696732 0.9980957562568009 37
1751012697377 0.9965995647442872 38
1751012698017 0.9978237214363439 39
1751012698660 0.9957834602829162 40
1751012699302 0.9972796517954298 41
1751012699943 0.9965995647442872 42
1751012700588 0.9983677910772579 43
1751012701231 0.9986398258977149 44
1751012701872 0.9959194776931447 45
1751012702517 0.9980957562568009 46
1751012703161 0.9978237214363439 47
1751012703803 0.9978237214363439 48
1751012704444 0.9951033732317737 49
1751012705091 0.9979597388465724 50
1751012705736 0.9961915125136017 51
1751012706380 0.9986398258977149 52
1751012707031 0.9990478781284005 53
1751012707676 0.9972796517954298 54
1751012708324 0.9919749727965179 55
1751012708968 0.9980957562568009 56
1751012709614 0.9976877040261154 57
1751012710259 0.9980957562568009 58
1751012710908 0.9974156692056583 59
1751012711558 0.9983677910772579 60
1751012712207 0.9972796517954298 61
1751012712857 0.9978237214363439 62
1751012713543 0.9985038084874864 63
1751012714183 0.9955114254624592 64
1751012714834 0.9971436343852013 65
1751012715483 0.9990478781284005 66
1751012716136 0.9980957562568009 67
1751012716795 0.998911860718172 68
1751012717449 0.9983677910772579 69
1751012718101 0.9974156692056583 70
1751012718750 0.9960554951033732 71
1751012719409 0.9976877040261154 72
1751012720065 0.9974156692056583 73
1751012720725 0.998911860718172 74
1751012720940 0.998911860718172 0
1751012673326 0.846436343852013 0
1751012720940 0.998911860718172 0
