1751012673305 0.850567421719163 0
1751012673909 0.9525445811468608 1
1751012674531 0.9681377823652519 2
1751012675150 0.9771283614060022 3
1751012675775 0.9786231829641553 4
1751012676402 0.9832711796930819 5
1751012677030 0.9833995207615688 6
1751012677665 0.9847666540880065 7
1751012678303 0.9858562123699055 8
1751012678934 0.9887109320478422 9
1751012679561 0.9878955555847866 10
1751012680193 0.9895270166498591 11
1751012680820 0.9895270166498591 12
1751012681450 0.9892544533072005 13
1751012682080 0.9914309844466634 14
1751012682711 0.9899360055755203 15
1751012683339 0.9915692147044489 16
1751012683974 0.9911609367236928 17
1751012684607 0.9923830635285512 18
1751012685239 0.9934712339042616 19
1751012685871 0.9942916903890014 20
1751012686508 0.9959200811421697 21
1751012687143 0.9955132221182276 22
1751012687776 0.9946965925716373 23
1751012688411 0.9929292439180927 24
1751012689047 0.9961946032719439 25
1751012689684 0.9940132802127569 26
1751012690321 0.995648608254881 27
1751012690957 0.9959200811421697 28
1751012691593 0.997280190589202 29
1751012692230 0.9976877475208938 30
1751012692868 0.9951040154739502 31
1751012693507 0.996466759095057 32
1751012694146 0.994834772504074 33
1751012694787 0.9967379429189374 34
1751012695425 0.9951033732317737 35
1751012696066 0.9975529807801053 36
1751012696704 0.9980962562574216 37
1751012697349 0.9966016533230254 38
1751012697990 0.9978251233443101 39
1751012698632 0.9957840453293677 40
1751012699275 0.9972796517954298 41
1751012699916 0.9966024988426131 42
1751012700560 0.9983677910772579 43
1751012701203 0.9986398258977149 44
1751012701844 0.9959216574998289 45
1751012702489 0.998094686803487 46
1751012703133 0.9978240176779866 47
1751012703774 0.9978255562437109 48
1751012704417 0.9951034810168394 49
1751012705063 0.9979603654928263 50
1751012705707 0.9961945525766429 51
1751012706352 0.9986403000362345 52
1751012707003 0.999047956265038 53
1751012707648 0.9972796517954298 54
1751012708295 0.9919758227761706 55
1751012708940 0.9980963005175845 56
1751012709586 0.9976883436034201 57
1751012710231 0.9980957562568009 58
1751012710880 0.9974152664987604 59
1751012711529 0.998370641720537 60
1751012712178 0.9972815358593705 61
1751012712829 0.997824234368015 62
1751012713516 0.9985039472720437 63
1751012714155 0.9955133631245402 64
1751012714806 0.9971436640232362 65
1751012715455 0.9990480036733882 66
1751012716107 0.9980953997069445 67
1751012716764 0.998915685769182 68
1751012717420 0.9983695766280514 69
1751012718072 0.9974178921387701 70
1751012718721 0.9960597206843553 71
1751012719380 0.9976879257333855 72
1751012720036 0.9974170277875124 73
1751012720696 0.9989135970123917 74
1751012720940 0.9989135970123917 0
1751012673305 0.850567421719163 0
1751012720940 0.9989135970123917 0
