1751012673262 0.6490016560494835 0
1751012673858 0.2007641979575287 1
1751012674478 0.11719969488169604 2
1751012675098 0.08635739108975227 3
1751012675721 0.07225224352619075 4
1751012676350 0.05689553516765933 5
1751012676977 0.05318789681879818 6
1751012677612 0.04563582006951346 7
1751012678251 0.0432676174277612 8
1751012678882 0.03898838518331308 9
1751012679507 0.03795421054288826 10
1751012680138 0.034067394661335064 11
1751012680767 0.03195517158117531 12
1751012681397 0.03290210821958699 13
1751012682027 0.027867671465085692 14
1751012682658 0.02868675374779627 15
1751012683287 0.02913189638442521 16
1751012683920 0.02671219431617833 17
1751012684553 0.024234791272608674 18
1751012685185 0.020443587521875483 19
1751012685817 0.019189120743573686 20
1751012686455 0.01801619191488841 21
1751012687089 0.017125534119187845 22
1751012687722 0.018734203323709724 23
1751012688357 0.023716513846795174 24
1751012688993 0.015229586851848968 25
1751012689628 0.0172450552414292 26
1751012690267 0.014474857589929193 27
1751012690903 0.014791521218669184 28
1751012691538 0.01165896866412811 29
1751012692174 0.01059009249132609 30
1751012692812 0.01700384500568228 31
1751012693452 0.01473353736779538 32
1751012694091 0.017127205210082208 33
1751012694730 0.013350355740883859 34
1751012695370 0.016875153330435433 35
1751012696010 0.012360271198930415 36
1751012696650 0.008378587009018374 37
1751012697293 0.012923492560815776 38
1751012697935 0.009119115991546276 39
1751012698576 0.014510563392064435 40
1751012699220 0.009688218988015055 41
1751012699858 0.011923333146696519 42
1751012700504 0.008043954314834258 43
1751012701147 0.007966653740041615 44
1751012701789 0.014964884985136973 45
1751012702433 0.010960588085751928 46
1751012703077 0.009675957879681906 47
1751012703718 0.008407201534729973 48
1751012704361 0.015044807041189568 49
1751012705005 0.00716604806165595 50
1751012705651 0.010967231359914497 51
1751012706296 0.006351753452162424 52
1751012706946 0.005585329328188358 53
1751012707591 0.00855221950701895 54
1751012708238 0.025894699912868902 55
1751012708883 0.011845770538749094 56
1751012709529 0.010142795423981131 57
1751012710173 0.008391115822047967 58
1751012710820 0.009592440923051636 59
1751012711471 0.008488309484023815 60
1751012712121 0.008909599124367822 61
1751012712771 0.007793493668971354 62
1751012713461 0.006459815092602698 63
1751012714098 0.013553798996252581 64
1751012714747 0.010505874998466202 65
1751012715397 0.005413830494829904 66
1751012716049 0.008434791711510703 67
1751012716705 0.0062264297078986845 68
1751012717362 0.005965007336934881 69
1751012718014 0.013660065967830808 70
1751012718663 0.01693051558629416 71
1751012719322 0.0106685433622401 72
1751012719978 0.011392459958972626 73
1751012720638 0.006185302933702353 74
1751012720940 0.006185302933702353 0
1751012673262 0.6490016560494835 0
1751012720940 0.006185302933702353 0
