1751012673284 0.846436343852013 0
1751012673884 0.9525299238302503 1
1751012674504 0.9681719260065288 2
1751012675124 0.9771490750816104 3
1751012675748 0.9786452665941241 4
1751012676376 0.9832698585418934 5
1751012677003 0.9834058759521219 6
1751012677638 0.984766050054407 7
1751012678277 0.985854189336235 8
1751012678908 0.9887105549510338 9
1751012679534 0.9878944504896626 10
1751012680164 0.9895266594124048 11
1751012680793 0.9895266594124048 12
1751012681423 0.9892546245919478 13
1751012682053 0.9914309031556039 14
1751012682684 0.9899347116430903 15
1751012683313 0.9915669205658324 16
1751012683947 0.9911588683351469 17
1751012684580 0.9923830250272034 18
1751012685213 0.9934711643090316 19
1751012685844 0.9942872687704026 20
1751012686481 0.9959194776931447 21
1751012687116 0.9955114254624592 22
1751012687749 0.9946953210010882 23
1751012688384 0.9929270946681176 24
1751012689020 0.9961915125136017 25
1751012689656 0.9940152339499456 26
1751012690294 0.9956474428726877 27
1751012690930 0.9959194776931447 28
1751012691566 0.9972796517954298 29
1751012692203 0.9976877040261154 30
1751012692840 0.9951033732317737 31
1751012693479 0.9964635473340587 32
1751012694119 0.9948313384113167 33
1751012694757 0.9967355821545157 34
1751012695397 0.9951033732317737 35
1751012696038 0.9975516866158868 36
1751012696677 0.9980957562568009 37
1751012697321 0.9965995647442872 38
1751012697963 0.9978237214363439 39
1751012698604 0.9957834602829162 40
1751012699248 0.9972796517954298 41
1751012699887 0.9965995647442872 42
1751012700532 0.9983677910772579 43
1751012701175 0.9986398258977149 44
1751012701817 0.9959194776931447 45
1751012702461 0.9980957562568009 46
1751012703105 0.9978237214363439 47
1751012703746 0.9978237214363439 48
1751012704389 0.9951033732317737 49
1751012705034 0.9979597388465724 50
1751012705679 0.9961915125136017 51
1751012706324 0.9986398258977149 52
1751012706974 0.9990478781284005 53
1751012707619 0.9972796517954298 54
1751012708267 0.9919749727965179 55
1751012708911 0.9980957562568009 56
1751012709557 0.9976877040261154 57
1751012710202 0.9980957562568009 58
1751012710851 0.9974156692056583 59
1751012711500 0.9983677910772579 60
1751012712150 0.9972796517954298 61
1751012712800 0.9978237214363439 62
1751012713489 0.9985038084874864 63
1751012714127 0.9955114254624592 64
1751012714776 0.9971436343852013 65
1751012715426 0.9990478781284005 66
1751012716078 0.9980957562568009 67
1751012716734 0.998911860718172 68
1751012717391 0.9983677910772579 69
1751012718043 0.9974156692056583 70
1751012718692 0.9960554951033732 71
1751012719351 0.9976877040261154 72
1751012720007 0.9974156692056583 73
1751012720667 0.998911860718172 74
1751012720940 0.998911860718172 0
1751012673284 0.846436343852013 0
1751012720940 0.998911860718172 0
