1751012673348 0.8444899589484649 0
1751012673962 0.9524045755502412 1
1751012674582 0.9681493294883516 2
1751012675202 0.9771349118780399 3
1751012675826 0.9786336322812933 4
1751012676453 0.9832702574012043 5
1751012677082 0.9834025494679856 6
1751012677719 0.9847650593859345 7
1751012678357 0.9858546986849455 8
1751012678985 0.9887106939121841 9
1751012679617 0.9878947456890175 10
1751012680245 0.9895267883281709 11
1751012680873 0.9895267883281709 12
1751012681504 0.9892544892804246 13
1751012682133 0.9914306815961145 14
1751012682764 0.9899340543236317 15
1751012683392 0.9915673523392615 16
1751012684027 0.9911592558313713 17
1751012684661 0.9923829347518037 18
1751012685292 0.9934709980281085 19
1751012685927 0.9942876663815313 20
1751012686562 0.9959195769899161 21
1751012687197 0.9955122735312278 22
1751012687830 0.9946955025596876 23
1751012688465 0.9929269115072921 24
1751012689100 0.9961917320510553 25
1751012689738 0.9940142010559078 26
1751012690375 0.9956472162262748 27
1751012691012 0.9959195769899161 28
1751012691646 0.9972797179932774 29
1751012692284 0.9976876749084458 30
1751012692922 0.9951034923878993 31
1751012693562 0.9964634325618259 32
1751012694202 0.9948317361371742 33
1751012694841 0.9967363452643154 34
1751012695479 0.9951033732317737 35
1751012696121 0.9975514480323825 36
1751012696762 0.9980958025952942 37
1751012697404 0.9965993409982341 38
1751012698046 0.9978236081131375 39
1751012698689 0.9957832974042712 40
1751012699330 0.9972796517954298 41
1751012699971 0.9965997643819059 42
1751012700616 0.9983677910772579 43
1751012701259 0.9986398258977149 44
1751012701900 0.9959198728303345 45
1751012702545 0.9980947689330478 46
1751012703189 0.9978236660093694 47
1751012703831 0.9978238248847481 48
1751012704473 0.9951033104551154 49
1751012705119 0.9979597926846459 50
1751012705764 0.996191208557372 51
1751012706409 0.9986398589966387 52
1751012707059 0.9990478661387717 53
1751012707704 0.9972796517954298 54
1751012708352 0.9919740330100084 55
1751012708996 0.9980957621551323 56
1751012709642 0.9976877541558783 57
1751012710288 0.9980957562568009 58
1751012710936 0.9974153114910398 59
1751012711586 0.998367876089295 60
1751012712235 0.9972797811059352 61
1751012712884 0.9978237743946219 62
1751012713571 0.9985038269040244 63
1751012714212 0.995511130117669 64
1751012714862 0.9971435984163153 65
1751012715512 0.9990478898480155 66
1751012716164 0.9980949610162392 67
1751012716824 0.998911936453625 68
1751012717477 0.998367868663561 69
1751012718130 0.997416146470615 70
1751012718779 0.9960557621353994 71
1751012719438 0.9976877554945448 72
1751012720094 0.9974158462747049 73
1751012720754 0.9989119124423741 74
1751012720940 0.9989119124423741 0
1751012673348 0.8444899589484649 0
1751012720940 0.9989119124423741 0
