1751012456439 0.8549906444654832 0
1751012457044 0.9585855018380359 1
1751012457667 0.9709868899906232 2
1751012458290 0.9780978767339154 3
1751012458916 0.9814962236672051 4
1751012459544 0.9836812736712944 5
1751012460178 0.9849077930720468 6
1751012460812 0.9861350346421863 7
1751012461449 0.9876228192451533 8
1751012462080 0.987082330630018 9
1751012462710 0.9877734276019505 10
1751012463340 0.9877585589493659 11
1751012463971 0.9907516652434465 12
1751012464605 0.9884452293073384 13
1751012465235 0.9904836941935585 14
1751012465870 0.9936082779503285 15
1751012466504 0.9912948420173991 16
1751012467139 0.9929433661996359 17
1751012467781 0.9925211534856442 18
1751012468420 0.9932013310347894 19
1751012469054 0.9927913550579262 20
1751012469692 0.9904806456601117 21
1751012470329 0.99224831143896 22
1751012470969 0.9941544255735629 23
1751012471609 0.994704507326923 24
1751012472247 0.9940152339499456 25
1751012472888 0.9949678757345187 26
1751012473527 0.9949704700061681 27
1751012474166 0.9940129075280882 28
1751012474806 0.9975516866158868 29
1751012475447 0.9959194776931447 30
1751012476090 0.9949678757345187 31
1751012476733 0.9963291495630897 32
1751012477386 0.9972796517954298 33
1751012478032 0.9940171510976763 34
1751012478676 0.9932011245095496 35
1751012479324 0.9953771560664723 36
1751012479969 0.9959194776931447 37
1751012480614 0.996464801413417 38
1751012480851 0.996464801413417 0
1751012456439 0.8549906444654832 0
1751012480851 0.996464801413417 0
