1751012456483 0.8532208783686106 0
1751012457096 0.9585362061474104 1
1751012457719 0.9709981066909805 2
1751012458343 0.9780984835787342 3
1751012458968 0.9814984284045586 4
1751012459597 0.9836785448186112 5
1751012460230 0.9849031048461319 6
1751012460864 0.9861274801993193 7
1751012461502 0.9876225680242019 8
1751012462132 0.9870791046512426 9
1751012462763 0.9877598873445531 10
1751012463392 0.9877579842604083 11
1751012464023 0.9907510411771432 12
1751012464658 0.9884394474644175 13
1751012465289 0.9904794439692188 14
1751012465924 0.9936068626374055 15
1751012466558 0.9912946640374779 16
1751012467193 0.9929280070656061 17
1751012467836 0.992518579022813 18
1751012468474 0.993198554520619 19
1751012469109 0.9927911659921176 20
1751012469746 0.9904792137927673 21
1751012470383 0.992247007819122 22
1751012471023 0.9941515787658688 23
1751012471663 0.9946958271587201 24
1751012472301 0.9940152339499456 25
1751012472943 0.994967161418001 26
1751012473582 0.9949676512852207 27
1751012474220 0.9940136689157404 28
1751012474861 0.9975516866158868 29
1751012475502 0.9959194776931447 30
1751012476146 0.994967161418001 31
1751012476791 0.9963261472450036 32
1751012477442 0.9972796517954298 33
1751012478087 0.9940154890194767 34
1751012478732 0.9931997735641558 35
1751012479379 0.9953756492009402 36
1751012480024 0.9959194776931447 37
1751012480670 0.9964633631838483 38
1751012480851 0.9964633631838483 0
1751012456483 0.8532208783686106 0
1751012480851 0.9964633631838483 0
