1751012456418 0.8544613710554951 0
1751012457018 0.9586507072905331 1
1751012457641 0.9710282916213275 2
1751012458264 0.97810119695321 3
1751012458890 0.9815016322089227 4
1751012459518 0.9836779107725789 5
1751012460152 0.9849020674646355 6
1751012460786 0.986126224156692 7
1751012461421 0.9876224156692056 8
1751012462053 0.9870783460282916 9
1751012462684 0.9877584330794341 10
1751012463314 0.9877584330794341 11
1751012463945 0.9907508161044614 12
1751012464579 0.9884385201305768 13
1751012465208 0.9904787812840044 14
1751012465843 0.9936071817192601 15
1751012466477 0.9912948857453754 16
1751012467112 0.9929270946681176 17
1751012467749 0.9925190424374319 18
1751012468393 0.9931991294885746 19
1751012469026 0.9927910772578891 20
1751012469665 0.9904787812840044 21
1751012470301 0.9922470076169749 22
1751012470941 0.9941512513601741 23
1751012471582 0.9946953210010882 24
1751012472220 0.9940152339499456 25
1751012472861 0.9949673558215452 26
1751012473500 0.9949673558215452 27
1751012474139 0.9940152339499456 28
1751012474778 0.9975516866158868 29
1751012475420 0.9959194776931447 30
1751012476062 0.9949673558215452 31
1751012476705 0.9963275299238302 32
1751012477358 0.9972796517954298 33
1751012478004 0.9940152339499456 34
1751012478649 0.9931991294885746 35
1751012479296 0.9953754080522307 36
1751012479941 0.9959194776931447 37
1751012480586 0.9964635473340587 38
1751012480851 0.9964635473340587 0
1751012456418 0.8544613710554951 0
1751012480851 0.9964635473340587 0
