1751012456398 0.6218180374137984 0
1751012456992 0.17762117339977113 1
1751012457614 0.10562892993496603 2
1751012458237 0.07790796895094937 3
1751012458864 0.0626695960257466 4
1751012459492 0.05560287550574126 5
1751012460124 0.04874406413451826 6
1751012460759 0.04542666455372049 7
1751012461395 0.043174239920332654 8
1751012462027 0.041879739642743184 9
1751012462657 0.03681026206993304 10
1751012463288 0.03579412515187014 11
1751012463918 0.03294323940717811 12
1751012464551 0.03429923767894831 13
1751012465180 0.028550912140664908 14
1751012465816 0.02391608998430761 15
1751012466450 0.025954752134907104 16
1751012467085 0.021907135952665382 17
1751012467722 0.02645414480402401 18
1751012468366 0.023972380754838863 19
1751012468998 0.024378948622019364 20
1751012469637 0.032125421090333256 21
1751012470273 0.027221707291738968 22
1751012470913 0.019072306502034828 23
1751012471554 0.019703325030993837 24
1751012472192 0.017904611448306382 25
1751012472833 0.017510536986162988 26
1751012473472 0.017019836560410565 27
1751012474111 0.01887449829155626 28
1751012474751 0.012366915454072584 29
1751012475391 0.014107587344699232 30
1751012476035 0.016338527952528624 31
1751012476678 0.015523245769438372 32
1751012477330 0.01169219219467326 33
1751012477976 0.019359883198401078 34
1751012478621 0.02395767516986557 35
1751012479268 0.016765923713312623 36
1751012479913 0.015492092306757096 37
1751012480558 0.01462106207199192 38
1751012480851 0.01462106207199192 0
1751012456398 0.6218180374137984 0
1751012480851 0.01462106207199192 0
