1750855352191 1.5053872567914646 0
1750855352440 1.1765804103979998 1
1750855352696 1.00388150311139 2
1750855352951 0.8705205407573298 3
1750855353205 0.7630820189388844 4
1750855353461 0.679244368717123 5
1750855353716 0.5996802204711134 6
1750855353973 0.5358083711874239 7
1750855354230 0.4801566651064631 8
1750855354486 0.42876087056150636 9
1750855354743 0.3837013242358871 10
1750855355000 0.35375123557769433 11
1750855355258 0.32272626889283823 12
1750855355514 0.29761380187445546 13
1750855355771 0.2737164027153862 14
1750855356031 0.2553117602771722 15
1750855356287 0.2392538769071328 16
1750855356544 0.22343604501754338 17
1750855356801 0.21224426112509656 18
1750855357059 0.19794991310843965 19
1750855357317 0.19274347251984447 20
1750855357574 0.18052407706782658 21
1750855357832 0.1700262771726822 22
1750855358087 0.15922525302953897 23
1750855358345 0.1541803012378068 24
1750855358601 0.1505148589481337 25
1750855358858 0.14446994673635027 26
1750855359116 0.1387191627648891 27
1750855359373 0.1330656521630365 28
1750855359631 0.1283203973977039 29
1750855359889 0.12200402057404357 30
1750855360147 0.11896565689485403 31
1750855360406 0.11478698820329725 32
1750855360664 0.11421616578128055 33
1750855360923 0.10547647123367924 34
1750855361181 0.10821427690256408 35
1750855361439 0.09947730765411462 36
1750855361698 0.09927761547421475 37
1750855361957 0.09980455503856786 38
1750855362217 0.09369543465553612 39
1750855362477 0.09189772620489081 40
1750855362738 0.09198575984520414 41
1750855362999 0.08706039986426216 42
1750855363257 0.08586795096233957 43
1750855363521 0.08133438179701145 44
1750855363783 0.08062937072963658 45
1750855364045 0.07931359931096937 46
1750855364308 0.07712459354230707 47
1750855364572 0.07451706056171974 48
1750855364835 0.0761185517054258 49
1750855365095 0.07426022023157144 50
1750855365358 0.07204293198599779 51
1750855365622 0.06829242144789348 52
1750855365889 0.06826638774105202 53
1750855366155 0.06558106384433651 54
1750855366419 0.06459579530847993 55
1750855366685 0.06584932236760951 56
1750855366955 0.060282778947475295 57
1750855367219 0.062179803001056945 58
1750855367484 0.06268457437219895 59
1750855367748 0.059236928192296666 60
1750855368011 0.05963799269045009 61
1750855368274 0.05563674463411151 62
1750855368537 0.05625871989685511 63
1750855368800 0.05678748508451164 64
1750855369064 0.05325753651599889 65
1750855369330 0.05300549423409235 66
1750855369595 0.05290494898538854 67
1750855369859 0.051063042786681744 68
1750855370123 0.05134974491009256 69
1750855370387 0.048591395643447506 70
1750855370652 0.04978805548137498 71
1750855370916 0.04768097239533303 72
1750855371182 0.04968325086991922 73
1750855371447 0.04616226718818791 74
1750855352191 1.5053872567914646 0
