1750855487158 0.9374020936310097 0
1750855487630 0.43363278899929597 1
1750855488112 0.25112646056077687 2
1750855488595 0.17611077406785175 3
1750855489077 0.13193447540095635 4
1750855489561 0.10384029781565443 5
1750855490027 0.0862169694783768 6
1750855490492 0.07675458583879458 7
1750855490960 0.06965966625655956 8
1750855491426 0.061098080874300104 9
1750855491895 0.056704076752877336 10
1750855492364 0.05235689123676962 11
1750855492830 0.047065460973371616 12
1750855493300 0.041194445766727476 13
1750855493768 0.041233175595304136 14
1750855494235 0.03750544017884106 15
1750855494703 0.03543978713663605 16
1750855495168 0.035741185102615834 17
1750855495636 0.03456279249067324 18
1750855496104 0.03206237146916664 19
1750855496571 0.03111894482085978 20
1750855497038 0.03117625360550426 21
1750855497507 0.027382581469413376 22
1750855497975 0.02606894318556557 23
1750855498444 0.024746097335480437 24
1750855498912 0.025518563085046148 25
1750855499381 0.024185548509624143 26
1750855499851 0.023156056049106574 27
1750855500322 0.022283460765770993 28
1750855500794 0.021008158892583634 29
1750855501264 0.020332420232905414 30
1750855501733 0.018747774251991065 31
1750855502204 0.01802218388978866 32
1750855502675 0.017757734233514486 33
1750855503144 0.014725668867847298 34
1750855503613 0.0155897839676378 35
1750855504083 0.014408742215218867 36
1750855504553 0.016855989533939658 37
1750855505022 0.01502325918608557 38
1750855505494 0.012449629008552105 39
1750855505965 0.013160452422619037 40
1750855506436 0.012435858762862061 41
1750855506908 0.012699364467605192 42
1750855507380 0.009730954992993288 43
1750855507853 0.010756138357633048 44
1750855508327 0.00903834825000595 45
1750855508801 0.012734563035626468 46
1750855509275 0.01431609086995849 47
1750855509750 0.013459669427096973 48
1750855510224 0.011353549522237414 49
1750855510701 0.010881481615619245 50
1750855511175 0.013619875073096217 51
1750855511647 0.010411182169357094 52
1750855512120 0.010301781439382514 53
1750855512595 0.0106621393751162 54
1750855513067 0.010647792871999661 55
1750855513539 0.010075988223795476 56
1750855514009 0.007823554994121028 57
1750855514481 0.00796255269034647 58
1750855514955 0.006990832850564159 59
1750855515429 0.0057965173086353405 60
1750855515903 0.008487909056454789 61
1750855516376 0.009576222824597943 62
1750855516850 0.008681184321936318 63
1750855517325 0.00800939487383366 64
1750855517799 0.008720438788147513 65
1750855518273 0.006345540380212544 66
1750855518749 0.009100511365519964 67
1750855519228 0.006299856650976589 68
1750855519702 0.008332522622771612 69
1750855520178 0.005366432127404464 70
1750855487158 0.9374020936310097 0
