1750854776401 0.8841053933651066 0
1750854776869 0.37230113701605044 1
1750854777349 0.22021412612694002 2
1750854777824 0.15405354463172036 3
1750854778298 0.12062833797879785 4
1750854778778 0.10009286251077196 5
1750854779252 0.0836558837455751 6
1750854779730 0.07273726318927402 7
1750854780205 0.0642417983716441 8
1750854780683 0.05840467424481556 9
1750854781157 0.05110400467320579 10
1750854781631 0.05000600000484659 11
1750854782108 0.047856888315266445 12
1750854782584 0.044053951977580885 13
1750854783064 0.039570038980106144 14
1750854783540 0.03997472181036598 15
1750854784018 0.03570070085485625 16
1750854784493 0.03543168304019868 17
1750854784971 0.029908152373144817 18
1750854785448 0.02779387536897477 19
1750854785924 0.026746172863296898 20
1750854786403 0.026809173615870267 21
1750854786879 0.024092917695390192 22
1750854787357 0.023862251366860557 23
