1751012162214 0.8507491360692118 0
1751012162822 0.9543420077109864 1
1751012163443 0.9696223845234945 2
1751012164065 0.9749573992493409 3
1751012164689 0.9798636593414671 4
1751012165316 0.9819052646873299 5
1751012165948 0.9827271396860635 6
1751012166583 0.9850588838797113 7
1751012167221 0.9874864586162837 8
1751012167856 0.9876233633031427 9
1751012168484 0.9868067346431365 10
1751012169112 0.9866790156365163 11
1751012169743 0.9892726309982698 12
1751012170374 0.9899385038955315 13
1751012171003 0.9889827883118768 14
1751012171633 0.9896685267478512 15
1751012172266 0.9922504219454268 16
1751012172897 0.9914344075272042 17
1751012173528 0.992662806574146 18
1751012174162 0.9933354114592706 19
1751012174795 0.9933354114592706 20
1751012175427 0.994698465200094 21
1751012176062 0.9941544555879458 22
1751012176699 0.9945607207409055 23
1751012177337 0.993743623483281 24
1751012177974 0.9945637254482553 25
1751012178610 0.9929279643930948 26
1751012179249 0.9937431991294886 27
1751012179890 0.9936032265404204 28
1751012180528 0.9959265834311004 29
1751012181167 0.9955133631245402 30
1751012181804 0.9974163845190654 31
1751012182442 0.9960566909384693 32
1751012183079 0.9955126591652819 33
1751012183716 0.9959216975585254 34
1751012184353 0.9956488341063049 35
1751012184991 0.9960568462626432 36
1751012185633 0.996057024800584 37
1751012186273 0.9970116876714604 38
1751012186915 0.9985037461001285 39
1751012187554 0.9960556934659933 40
1751012188197 0.9967358217345553 41
1751012188840 0.9959198206838542 42
1751012189481 0.9968716222744074 43
1751012190127 0.9971465084547614 44
1751012190772 0.9975519686921288 45
1751012191417 0.9986395696492538 46
1751012192062 0.9974158344693546 47
1751012192709 0.9968745036486871 48
1751012193354 0.9983681156497023 49
1751012194002 0.9960576758808717 50
1751012194673 0.9936107362930507 51
1751012195322 0.9975547756070104 52
1751012195972 0.997144327987449 53
1751012196620 0.9986400847081207 54
1751012197273 0.9964650025633411 55
1751012197925 0.9971447544848443 56
1751012198575 0.9971447001864789 57
1751012199224 0.9989123219256411 58
1751012199877 0.9967355821545157 59
1751012200533 0.9993200318740603 60
1751012201186 0.9975522124786086 61
1751012201837 0.9979599340070208 62
1751012202490 0.9974174991069842 63
1751012203141 0.9971435184303025 64
1751012203797 0.9971437721941276 65
1751012204037 0.9971437721941276 0
1751012162214 0.8507491360692118 0
1751012204037 0.9971437721941276 0
