1751012162235 0.8507889009793254 0
1751012162847 0.9544341675734495 1
1751012163469 0.9696681175190425 2
1751012164091 0.9749727965179543 3
1751012164716 0.9798694232861807 4
1751012165342 0.9819096844396082 5
1751012165974 0.9827257889009793 6
1751012166609 0.985038084874864 7
1751012167248 0.9874863982589771 8
1751012167882 0.9876224156692056 9
1751012168510 0.9868063112078346 10
1751012169138 0.9866702937976061 11
1751012169769 0.9892546245919478 12
1751012170400 0.9899347116430903 13
1751012171030 0.9889825897714908 14
1751012171662 0.9896626768226333 15
1751012172293 0.9922470076169749 16
1751012172924 0.9914309031556039 17
1751012173555 0.9926550598476604 18
1751012174189 0.9933351468988031 19
1751012174821 0.9933351468988031 20
1751012175454 0.9946953210010882 21
1751012176089 0.9941512513601741 22
1751012176726 0.9945593035908596 23
1751012177365 0.9937431991294886 24
1751012178001 0.9945593035908596 25
1751012178637 0.9929270946681176 26
1751012179276 0.9937431991294886 27
1751012179917 0.9936071817192601 28
1751012180555 0.9959194776931447 29
1751012181194 0.9955114254624592 30
1751012181831 0.9974156692056583 31
1751012182469 0.9960554951033732 32
1751012183106 0.9955114254624592 33
1751012183743 0.9959194776931447 34
1751012184379 0.9956474428726877 35
1751012185018 0.9960554951033732 36
1751012185661 0.9960554951033732 37
1751012186300 0.9970076169749728 38
1751012186942 0.9985038084874864 39
1751012187582 0.9960554951033732 40
1751012188224 0.9967355821545157 41
1751012188868 0.9959194776931447 42
1751012189509 0.9968715995647442 43
1751012190155 0.9971436343852013 44
1751012190799 0.9975516866158868 45
1751012191445 0.9986398258977149 46
1751012192090 0.9974156692056583 47
1751012192737 0.9968715995647442 48
1751012193382 0.9983677910772579 49
1751012194029 0.9960554951033732 50
1751012194701 0.9936071817192601 51
1751012195350 0.9975516866158868 52
1751012195999 0.9971436343852013 53
1751012196649 0.9986398258977149 54
1751012197301 0.9964635473340587 55
1751012197952 0.9971436343852013 56
1751012198603 0.9971436343852013 57
1751012199252 0.998911860718172 58
1751012199906 0.9967355821545157 59
1751012200562 0.9993199129488575 60
1751012201215 0.9975516866158868 61
1751012201865 0.9979597388465724 62
1751012202518 0.9974156692056583 63
1751012203170 0.9971436343852013 64
1751012203825 0.9971436343852013 65
1751012204037 0.9971436343852013 0
1751012162235 0.8507889009793254 0
1751012204037 0.9971436343852013 0
