1751012162257 0.8497787954611296 0
1751012162873 0.9543121951866157 1
1751012163495 0.9696414462317231 2
1751012164117 0.9749646521343589 3
1751012164742 0.9798663878917082 4
1751012165368 0.9819068676154478 5
1751012166000 0.9827262098762446 6
1751012166636 0.9850401334007737 7
1751012167274 0.9874859240601671 8
1751012167908 0.987622643031647 9
1751012168536 0.9868064736082153 10
1751012169164 0.9866715005836596 11
1751012169796 0.989258106334381 12
1751012170427 0.9899353013073006 13
1751012171056 0.9889824917965931 14
1751012171688 0.9896619752702824 15
1751012172320 0.9922474627907455 16
1751012172950 0.991431406242403 17
1751012173581 0.9926557248114043 18
1751012174216 0.9933352289361087 19
1751012174848 0.9933352289361087 20
1751012175481 0.9946956324357732 21
1751012176116 0.9941515947368782 22
1751012176754 0.9945594921349223 23
1751012177392 0.9937433453002724 24
1751012178028 0.9945595082803864 25
1751012178665 0.9929267263676969 26
1751012179302 0.9937431991294886 27
1751012179945 0.9936049375444256 28
1751012180583 0.9959193476770732 29
1751012181221 0.995511130117669 30
1751012181858 0.9974155693768114 31
1751012182496 0.9960556374060593 32
1751012183133 0.995511587393102 33
1751012183770 0.9959197100971483 34
1751012184407 0.9956474852893951 35
1751012185045 0.9960553007165874 36
1751012185688 0.9960553866149134 37
1751012186328 0.9970078252474687 38
1751012186969 0.9985036280660887 39
1751012187609 0.9960555436560643 40
1751012188252 0.9967354990140542 41
1751012188895 0.9959195391930401 42
1751012189537 0.9968715601702502 43
1751012190183 0.9971438020808009 44
1751012190827 0.9975516242605407 45
1751012191472 0.9986395434613987 46
1751012192118 0.9974157010160423 47
1751012192764 0.9968717832313534 48
1751012193410 0.9983677495070271 49
1751012194058 0.9960556788449483 50
1751012194728 0.9936070091080965 51
1751012195378 0.9975517820323921 52
1751012196028 0.9971435240480547 53
1751012196677 0.9986398484653717 54
1751012197329 0.9964632179928858 55
1751012197981 0.9971437374319739 56
1751012198631 0.9971441169206953 57
1751012199280 0.998911887197311 58
1751012199934 0.9967355821545157 59
1751012200590 0.9993199213200111 60
1751012201243 0.9975517461939497 61
1751012201893 0.997959723302483 62
1751012202546 0.9974159287919964 63
1751012203200 0.9971435103264445 64
1751012203853 0.9971436371492047 65
1751012204037 0.9971436371492047 0
1751012162257 0.8497787954611296 0
1751012204037 0.9971436371492047 0
