1751012162171 0.6646481316873116 0
1751012162770 0.20370582545478144 1
1751012163391 0.11738894784152183 2
1751012164013 0.08864087343896954 3
1751012164637 0.06909219687551228 4
1751012165264 0.05948881980060104 5
1751012165895 0.05172343638454999 6
1751012166530 0.04939001543656137 7
1751012167169 0.04127312635838726 8
1751012167802 0.04019637210081788 9
1751012168431 0.040672707129209035 10
1751012169059 0.03894613513781794 11
1751012169690 0.03431609488711555 12
1751012170320 0.03383104929495785 13
1751012170950 0.03438954600725846 14
1751012171580 0.029983178347600493 15
1751012172213 0.02648777552293583 16
1751012172844 0.024338345050455047 17
1751012173474 0.025244647565057603 18
1751012174108 0.022915966564057734 19
1751012174741 0.020320385830300547 20
1751012175373 0.01920728039876097 21
1751012176007 0.018802363853658407 22
1751012176646 0.01975478910586682 23
1751012177283 0.022673248471459122 24
1751012177920 0.02010388352570729 25
1751012178555 0.02031699563067516 26
1751012179194 0.02094980181266794 27
1751012179836 0.02057159262465088 28
1751012180473 0.014887898860922868 29
1751012181112 0.014421310439205224 30
1751012181749 0.011602740634994843 31
1751012182389 0.013385241647135422 32
1751012183025 0.01338475854166452 33
1751012183661 0.015604445209900997 34
1751012184298 0.017105880933707344 35
1751012184936 0.013734535862143446 36
1751012185578 0.013246405443330665 37
1751012186219 0.011143537818923414 38
1751012186859 0.008643067424399404 39
1751012187499 0.011865310688625709 40
1751012188141 0.013195861348075644 41
1751012188784 0.015746683106778982 42
1751012189426 0.011899483678467222 43
1751012190071 0.00994712786920778 44
1751012190716 0.008542590274731907 45
1751012191361 0.008955675826997772 46
1751012192006 0.008875001265091763 47
1751012192654 0.01065119240413723 48
1751012193298 0.00788380501901283 49
1751012193945 0.01728808521308305 50
1751012194617 0.021944862765070534 51
1751012195265 0.011241246531925228 52
1751012195916 0.011049812229682607 53
1751012196562 0.00810471489357684 54
1751012197216 0.011328819757748002 55
1751012197868 0.011309960484099336 56
1751012198519 0.011804535676093348 57
1751012199167 0.005750932119902268 58
1751012199820 0.0109480921468131 59
1751012200476 0.005574205645179666 60
1751012201130 0.008298450161249938 61
1751012201780 0.008534865396835064 62
1751012202429 0.011314622477919138 63
1751012203084 0.012825269678200192 64
1751012203740 0.009971039434560494 65
1751012204037 0.009971039434560494 0
1751012162171 0.6646481316873116 0
1751012204037 0.009971039434560494 0
