1751012162192 0.8507889009793254 0
1751012162796 0.9544341675734495 1
1751012163417 0.9696681175190425 2
1751012164039 0.9749727965179543 3
1751012164662 0.9798694232861807 4
1751012165290 0.9819096844396082 5
1751012165921 0.9827257889009793 6
1751012166556 0.985038084874864 7
1751012167195 0.9874863982589771 8
1751012167828 0.9876224156692056 9
1751012168458 0.9868063112078346 10
1751012169085 0.9866702937976061 11
1751012169716 0.9892546245919478 12
1751012170347 0.9899347116430903 13
1751012170977 0.9889825897714908 14
1751012171607 0.9896626768226333 15
1751012172240 0.9922470076169749 16
1751012172871 0.9914309031556039 17
1751012173501 0.9926550598476604 18
1751012174135 0.9933351468988031 19
1751012174768 0.9933351468988031 20
1751012175400 0.9946953210010882 21
1751012176035 0.9941512513601741 22
1751012176673 0.9945593035908596 23
1751012177310 0.9937431991294886 24
1751012177947 0.9945593035908596 25
1751012178582 0.9929270946681176 26
1751012179222 0.9937431991294886 27
1751012179863 0.9936071817192601 28
1751012180500 0.9959194776931447 29
1751012181140 0.9955114254624592 30
1751012181776 0.9974156692056583 31
1751012182415 0.9960554951033732 32
1751012183052 0.9955114254624592 33
1751012183688 0.9959194776931447 34
1751012184325 0.9956474428726877 35
1751012184964 0.9960554951033732 36
1751012185606 0.9960554951033732 37
1751012186246 0.9970076169749728 38
1751012186887 0.9985038084874864 39
1751012187526 0.9960554951033732 40
1751012188169 0.9967355821545157 41
1751012188812 0.9959194776931447 42
1751012189453 0.9968715995647442 43
1751012190099 0.9971436343852013 44
1751012190744 0.9975516866158868 45
1751012191389 0.9986398258977149 46
1751012192034 0.9974156692056583 47
1751012192682 0.9968715995647442 48
1751012193326 0.9983677910772579 49
1751012193974 0.9960554951033732 50
1751012194645 0.9936071817192601 51
1751012195293 0.9975516866158868 52
1751012195944 0.9971436343852013 53
1751012196590 0.9986398258977149 54
1751012197245 0.9964635473340587 55
1751012197896 0.9971436343852013 56
1751012198547 0.9971436343852013 57
1751012199195 0.998911860718172 58
1751012199848 0.9967355821545157 59
1751012200505 0.9993199129488575 60
1751012201158 0.9975516866158868 61
1751012201808 0.9979597388465724 62
1751012202459 0.9974156692056583 63
1751012203113 0.9971436343852013 64
1751012203768 0.9971436343852013 65
1751012204037 0.9971436343852013 0
1751012162192 0.8507889009793254 0
1751012204037 0.9971436343852013 0
