1750931110914 1.3349098401697468 0
1750931111509 0.9358119438599969 1
1750931112123 0.7399196801170042 2
1750931112740 0.6140188326384219 3
1750931113356 0.5176100780512485 4
1750931113973 0.4451965083235366 5
1750931114591 0.39061363740247534 6
1750931115211 0.34562435668363145 7
1750931115832 0.3061270103815201 8
1750931116453 0.2698270373524727 9
1750931117076 0.2461989919560778 10
1750931117700 0.2315967271147018 11
1750931118323 0.2093112201828173 12
1750931118948 0.19276859986639386 13
1750931119571 0.17432895549233512 14
1750931120194 0.1632161902038784 15
1750931120818 0.15374193242441972 16
1750931121444 0.1396133030589439 17
1750931122072 0.12919502414284645 18
1750931122697 0.12239347623663187 19
1750931123322 0.11907881689668351 20
1750931123945 0.11054893799523405 21
1750931124569 0.1066522800705119 22
1750931125193 0.09986761176676953 23
1750931125818 0.09415746418611269 24
1750931126441 0.09151857446826452 25
1750931127066 0.0872147652777611 26
1750931127692 0.08310382388394338 27
1750931128322 0.08405043698758113 28
1750931128948 0.08083501807591342 29
1750931129577 0.07362032980051082 30
1750931130207 0.07209745779536235 31
1750931130839 0.07072957996704633 32
1750931131470 0.06402153564744727 33
1750931132099 0.06387590713012595 34
1750931132732 0.06324448097209416 35
1750931133364 0.0647516377367509 36
1750931133995 0.057670165980244874 37
1750931134626 0.058656312679310485 38
1750931135256 0.056427266083909064 39
1750931135890 0.05675791622513461 40
1750931136522 0.05325161369560009 41
1750931137156 0.05014233041850605 42
1750931137792 0.0505465268723918 43
1750931138425 0.046422974483167775 44
1750931139059 0.04760726509257032 45
1750931139694 0.044571211811872576 46
1750931140329 0.045272174688568895 47
1750931140961 0.044994724170589605 48
1750931141592 0.04271403123686441 49
1750931142229 0.044018665588054486 50
1750931142865 0.04369104974644747 51
1750931143500 0.04276543821819265 52
1750931144137 0.03753728889561257 53
1750931144772 0.0394857795078052 54
1750931145065 0.0394857795078052 0
1750931110914 1.3349098401697468 0
1750931145065 0.0394857795078052 0
