1750931111000 0.5305876818559055 0
1750931111612 0.756212659479193 1
1750931112227 0.831888039846909 2
1750931112843 0.8723870039418848 3
1750931113459 0.8929176357213457 4
1750931114076 0.9121196133080377 5
1750931114695 0.9222339001503284 6
1750931115315 0.9289912518330256 7
1750931115937 0.9408016392857367 8
1750931116556 0.9514793179652714 9
1750931117180 0.9542701073803443 10
1750931117805 0.9536384202302084 11
1750931118428 0.9578228263452798 12
1750931119053 0.9606989844583107 13
1750931119676 0.9650941813999787 14
1750931120299 0.9666039697659519 15
1750931120923 0.9678295057427588 16
1750931121552 0.9706960951458133 17
1750931122178 0.9717877013051602 18
1750931122803 0.9723274780850509 19
1750931123428 0.973253361277215 20
1750931124051 0.975073078422003 21
1750931124676 0.9760244508997689 22
1750931125300 0.9769850771797673 23
1750931125924 0.9793016036961195 24
1750931126547 0.9798410146171931 25
1750931127173 0.9797167903885748 26
1750931127801 0.9802595586091194 27
1750931128428 0.9799889093964941 28
1750931129056 0.9786229052447845 29
1750931129685 0.9828435806340331 30
1750931130316 0.9828470817935044 31
1750931130949 0.9817485322662476 32
1750931131578 0.9842040969328254 33
1750931132208 0.9842080945588281 34
1750931132840 0.9829832297876714 35
1750931133472 0.9838053698444362 36
1750931134103 0.9846110020422475 37
1750931134736 0.9842101513162708 38
1750931135366 0.9855749085096466 39
1750931136000 0.9824407846873066 40
1750931136631 0.98556470600873 41
1750931137266 0.9862532884355051 42
1750931137901 0.9867962229958469 43
1750931138535 0.9888435674285235 44
1750931139169 0.9861110496143327 45
1750931139805 0.9885685892641167 46
1750931140438 0.988026890408821 47
1750931141071 0.9889760102918598 48
1750931141704 0.9874755335121272 49
1750931142339 0.9874811263595836 50
1750931142976 0.9866639278196199 51
1750931143611 0.9868002995021881 52
1750931144247 0.9904784475797679 53
1750931144884 0.9870580362719524 54
1750931145065 0.9870580362719524 0
1750931111000 0.5305876818559055 0
1750931145065 0.9870580362719524 0
