1750931110977 0.5631120783460283 0
1750931111586 0.7738030467899891 1
1750931112201 0.8396354733405876 2
1750931112817 0.8767682263329706 3
1750931113433 0.8956746463547334 4
1750931114050 0.9137649619151251 5
1750931114669 0.9234221980413493 6
1750931115289 0.9296789989118607 7
1750931115911 0.9413764961915125 8
1750931116530 0.9517138193688792 9
1750931117155 0.9544341675734495 10
1750931117779 0.9537540805223068 11
1750931118402 0.9579706202393906 12
1750931119026 0.9608269858541894 13
1750931119650 0.9651795429815017 14
1750931120273 0.9666757344940152 15
1750931120897 0.9678998911860718 16
1750931121525 0.9707562568008705 17
1750931122151 0.9718443960826986 18
1750931122777 0.9723884657236126 19
1750931123401 0.9733405875952121 20
1750931124025 0.9751088139281828 21
1750931124649 0.9760609357997824 22
1750931125273 0.9770130576713819 23
1750931125898 0.9793253536452666 24
1750931126521 0.9798694232861807 25
1750931127146 0.9797334058759521 26
1750931127773 0.9802774755168662 27
1750931128401 0.9800054406964092 28
1750931129030 0.9786452665941241 29
1750931129658 0.9828618063112078 30
1750931130288 0.9828618063112078 31
1750931130920 0.9817736670293797 32
1750931131551 0.984221980413493 33
1750931132181 0.984221980413493 34
1750931132813 0.9829978237214363 35
1750931133445 0.9838139281828074 36
1750931134076 0.9846300326441785 37
1750931134708 0.984221980413493 38
1750931135339 0.985582154515778 39
1750931135972 0.9824537540805223 40
1750931136605 0.985582154515778 41
1750931137238 0.9862622415669206 42
1750931137875 0.9868063112078346 43
1750931138507 0.9888465723612623 44
1750931139142 0.986126224156692 45
1750931139777 0.9885745375408053 46
1750931140411 0.9880304678998912 47
1750931141044 0.9889825897714908 48
1750931141676 0.9874863982589771 49
1750931142312 0.9874863982589771 50
1750931142949 0.9866702937976061 51
1750931143584 0.9868063112078346 52
1750931144220 0.9904787812840044 53
1750931144856 0.9870783460282916 54
1750931145065 0.9870783460282916 0
1750931110977 0.5631120783460283 0
1750931145065 0.9870783460282916 0
