1750931110956 0.5689073673435889 0
1750931111560 0.7782313337717356 1
1750931112175 0.8440865757350952 2
1750931112791 0.8807977901089017 3
1750931113407 0.8990808469272361 4
1750931114025 0.9156916898965191 5
1750931114644 0.9248638071162516 6
1750931115263 0.9298859224773002 7
1750931115885 0.9423052961658266 8
1750931116505 0.9519622307777269 9
1750931117129 0.9547799000120915 10
1750931117753 0.9538237641267252 11
1750931118376 0.9581000597491146 12
1750931119001 0.9607974087909311 13
1750931119623 0.9652364798733072 14
1750931120246 0.9666440618151003 15
1750931120870 0.9678167091031402 16
1750931121498 0.9707665578902939 17
1750931122125 0.9719078425096999 18
1750931122751 0.9723138659135014 19
1750931123375 0.9733007188652917 20
1750931123999 0.9750598620982155 21
1750931124623 0.9760355996567239 22
1750931125246 0.9770722318343198 23
1750931125871 0.9792985008107137 24
1750931126494 0.9798252241247516 25
1750931127119 0.9797140523887041 26
1750931127746 0.980268853098537 27
1750931128375 0.9799966374657955 28
1750931129002 0.9786293571655367 29
1750931129632 0.9828353893783339 30
1750931130261 0.9828455910202888 31
1750931130893 0.9817589455748262 32
1750931131524 0.984209607647733 33
1750931132154 0.9842054524047803 34
1750931132786 0.982985171429381 35
1750931133419 0.9838072130240256 36
1750931134049 0.9846230048463928 37
1750931134681 0.984205048364459 38
1750931135312 0.9855797168438749 39
1750931135945 0.9824377346892161 40
1750931136577 0.985591161532232 41
1750931137211 0.9862584099098041 42
1750931137847 0.9867944321688777 43
1750931138480 0.9888428061339006 44
1750931139114 0.9861047999811758 45
1750931139749 0.9885759666709691 46
1750931140384 0.9880326832867249 47
1750931141016 0.988982746096756 48
1750931141649 0.9874783052381491 49
1750931142284 0.9874939768464528 50
1750931142921 0.9866702895068777 51
1750931143556 0.9868056721522248 52
1750931144192 0.9904808299131784 53
1750931144829 0.9870668038387027 54
1750931145065 0.9870668038387027 0
1750931110956 0.5689073673435889 0
1750931145065 0.9870668038387027 0
