1750855158342 0.9164168572659331 0
1750855158816 0.4050216105674374 1
1750855159302 0.2368594551047511 2
1750855159784 0.16601105555648774 3
1750855160264 0.12765112841933543 4
1750855160745 0.1035659831580711 5
1750855161225 0.09086646916298145 6
1750855161704 0.0793767368848617 7
1750855162183 0.0673264855675002 8
1750855162700 0.06173613784030096 9
1750855163179 0.055357068047430104 10
1750855163658 0.05222417374462765 11
1750855164138 0.04635642430419761 12
1750855164619 0.041217671326230866 13
1750855165099 0.04228007635740123 14
1750855165577 0.03832094548665336 15
1750855166056 0.03828373295381681 16
1750855166539 0.04176412516104319 17
1750855167020 0.03361174941845279 18
1750855167500 0.03021582298009161 19
1750855167980 0.02986263599392671 20
1750855168463 0.028575292284781836 21
1750855168943 0.02709716898657714 22
1750855169424 0.025709852469341182 23
1750855169904 0.025601384312297512 24
1750855170385 0.023940276883550646 25
1750855170865 0.018488541331600248 26
1750855171346 0.02357279707275339 27
1750855171827 0.022494307789096245 28
1750855172310 0.018503999678059293 29
1750855172790 0.01851327461494544 30
1750855173271 0.01722196771274802 31
1750855173753 0.01713317256041836 32
1750855174238 0.016546942351154895 33
1750855174718 0.017953044296089272 34
1750855175198 0.01804051700659234 35
1750855175680 0.014464555090339904 36
1750855176164 0.015952327419923654 37
1750855176648 0.01757440109832478 38
1750855177132 0.016226600889918133 39
1750855177613 0.014155733639271008 40
1750855178096 0.009219340887706082 41
1750855178579 0.01185603948602386 42
1750855179067 0.015683481246230452 43
1750855179550 0.012285907849339086 44
1750855180033 0.011798123820927814 45
1750855180516 0.016594513025164192 46
1750855181001 0.011656038184428306 47
1750855181485 0.010184812040066436 48
1750855181967 0.012892995904006218 49
1750855182450 0.013556147189884344 50
1750855182934 0.011238721639089696 51
1750855183419 0.010262094093327056 52
1750855183907 0.011533181262846075 53
1750855158342 0.9164168572659331 0
