1751011659496 0.8525571273122959 0
1751011660113 0.9552502720348205 1
1751011660746 0.970892274211099 2
1751011661377 0.9766050054406964 3
1751011662010 0.9797334058759521 4
1751011662643 0.9828618063112078 5
1751011663295 0.9836779107725789 6
1751011663938 0.985038084874864 7
1751011664580 0.9872143634385201 8
1751011665228 0.9865342763873776 9
1751011665871 0.9895266594124048 10
1751011666508 0.9892546245919478 11
1751011667150 0.9900707290533188 12
1751011667792 0.9902067464635473 13
1751011668437 0.9907508161044614 14
1751011669078 0.9904787812840044 15
1751011669722 0.9911588683351469 16
1751011670364 0.9922470076169749 17
1751011671008 0.9900707290533188 18
1751011671653 0.9930631120783461 19
1751011672295 0.9926550598476604 20
1751011672939 0.9933351468988031 21
1751011673578 0.9937431991294886 22
1751011674218 0.9948313384113167 23
1751011674862 0.9953754080522307 24
1751011675527 0.9934711643090316 25
1751011676172 0.9942872687704026 26
1751011676831 0.9908868335146899 27
1751011677477 0.9941512513601741 28
1751011678124 0.9946953210010882 29
1751011678776 0.9953754080522307 30
1751011679427 0.9919749727965179 31
1751011680076 0.9967355821545157 32
1751011680729 0.9956474428726877 33
1751011681390 0.9968715995647442 34
1751011682039 0.9952393906420022 35
1751011682700 0.9941512513601741 36
1751011683358 0.9960554951033732 37
1751011684019 0.9942872687704026 38
1751011684673 0.9957834602829162 39
1751011685334 0.9957834602829162 40
1751011685986 0.9972796517954298 41
1751011686643 0.9972796517954298 42
1751011687298 0.9956474428726877 43
1751011687949 0.9965995647442872 44
1751011688160 0.9965995647442872 0
1751011659496 0.8525571273122959 0
1751011688160 0.9965995647442872 0
