1751011659519 0.8500522298953411 0
1751011660140 0.9551136947943425 1
1751011660772 0.9708673526630539 2
1751011661405 0.9765949620653294 3
1751011662036 0.9797279455916205 4
1751011662670 0.9828549477834427 5
1751011663322 0.9836752097811159 6
1751011663965 0.9850394394306383 7
1751011664606 0.9872164050739571 8
1751011665259 0.9865341068197725 9
1751011665898 0.9895262548428672 10
1751011666535 0.9892557053068917 11
1751011667177 0.990070851272162 12
1751011667819 0.9902067835639093 13
1751011668464 0.9907491124455257 14
1751011669105 0.9904796954313438 15
1751011669751 0.9911582133616137 16
1751011670393 0.9922475068883329 17
1751011671036 0.9900705625554563 18
1751011671680 0.9930630247253374 19
1751011672322 0.9926537472506242 20
1751011672966 0.9933355381885357 21
1751011673606 0.9937417177492677 22
1751011674245 0.9948313384113167 23
1751011674889 0.9953756278800897 24
1751011675556 0.993472006522098 25
1751011676199 0.9942875273914134 26
1751011676859 0.9908874862023617 27
1751011677505 0.9941514970501343 28
1751011678152 0.9946962032547381 29
1751011678804 0.9953758123979382 30
1751011679455 0.9919751675342794 31
1751011680104 0.9967356615919328 32
1751011680765 0.995647548789244 33
1751011681418 0.9968717832313534 34
1751011682067 0.9952392067467578 35
1751011682728 0.9941501823697407 36
1751011683387 0.9960551104027844 37
1751011684047 0.9942885592748151 38
1751011684701 0.995784943247844 39
1751011685363 0.9957834071859893 40
1751011686013 0.9972797179932774 41
1751011686672 0.9972798411340625 42
1751011687326 0.9956476497694962 43
1751011687977 0.996599639466016 44
1751011688160 0.996599639466016 0
1751011659519 0.8500522298953411 0
1751011688160 0.996599639466016 0
