1751011659431 0.6105962321729733 0
1751011660033 0.17354026640298187 1
1751011660666 0.10303598971504381 2
1751011661296 0.07973116968674292 3
1751011661929 0.06377414418374298 4
1751011662563 0.05459049093142817 5
1751011663211 0.05168237321897612 6
1751011663857 0.04751637212879412 7
1751011664498 0.04290047759581377 8
1751011665148 0.042111458356154756 9
1751011665789 0.034472560683332217 10
1751011666426 0.03425577036748611 11
1751011667068 0.033559811101887896 12
1751011667710 0.03265199395579664 13
1751011668354 0.032110445270308735 14
1751011668994 0.0276693691397177 15
1751011669636 0.029060666539561374 16
1751011670281 0.02754977791721125 17
1751011670924 0.03097737016474526 18
1751011671570 0.021584152231870525 19
1751011672211 0.02338650265999414 20
1751011672854 0.020624458773104197 21
1751011673495 0.021518790049851345 22
1751011674136 0.017913227026291004 23
1751011674779 0.01662847376149857 24
1751011675438 0.017983065131682824 25
1751011676088 0.017974840486736338 26
1751011676745 0.029877919763513113 27
1751011677391 0.018787088754796653 28
1751011678041 0.02027921660593483 29
1751011678692 0.01774177082456543 30
1751011679342 0.022049821129370727 31
1751011679991 0.012456186279913935 32
1751011680643 0.01522742411346196 33
1751011681304 0.011634543875051952 34
1751011681954 0.014367100789786293 35
1751011682612 0.0178735609343924 36
1751011683272 0.017621419385938992 37
1751011683931 0.020452271226765153 38
1751011684588 0.014264088049044547 39
1751011685247 0.014367587558982917 40
1751011685901 0.012502698304275531 41
1751011686555 0.010209567445584688 42
1751011687213 0.01334844308249628 43
1751011687864 0.01328789288536833 44
1751011688160 0.01328789288536833 0
1751011659431 0.6105962321729733 0
1751011688160 0.01328789288536833 0
