1751011659474 0.860098554587059 0
1751011660086 0.9551663850052728 1
1751011660720 0.970857572416579 2
1751011661350 0.9765910113172517 3
1751011661982 0.9797264086466746 4
1751011662617 0.9828563482340723 5
1751011663267 0.9836729296469502 6
1751011663911 0.9850470726535264 7
1751011664553 0.9872438643103986 8
1751011665201 0.9865340358189123 9
1751011665844 0.989526745102193 10
1751011666481 0.9892648289275058 11
1751011667123 0.9900710730512036 12
1751011667764 0.9902078475928452 13
1751011668410 0.9907477450720122 14
1751011669050 0.9904846987223898 15
1751011669692 0.9911592766938556 16
1751011670336 0.9922517346141979 17
1751011670979 0.9900708499366185 18
1751011671625 0.993063037790804 19
1751011672265 0.9926530670890384 20
1751011672912 0.9933384411697233 21
1751011673551 0.9937410725340409 22
1751011674191 0.9948313384113167 23
1751011674834 0.995377464514179 24
1751011675499 0.9934873176632896 25
1751011676144 0.9942893991172114 26
1751011676803 0.990897605023606 27
1751011677449 0.9941533570786961 28
1751011678097 0.9947016269306757 29
1751011678748 0.9953828050314301 30
1751011679398 0.9919758950891766 31
1751011680048 0.9967361468103892 32
1751011680700 0.9956480592527632 33
1751011681361 0.9968745036486871 34
1751011682011 0.9952399322661352 35
1751011682668 0.9941494260651278 36
1751011683329 0.9960563358805988 37
1751011683990 0.9942934800917675 38
1751011684645 0.9957907922620606 39
1751011685304 0.9957834552790921 40
1751011685958 0.997280190589202 41
1751011686614 0.9972836873997064 42
1751011687270 0.9956494747063493 43
1751011687921 0.9966000708555811 44
1751011688160 0.9966000708555811 0
1751011659474 0.860098554587059 0
1751011688160 0.9966000708555811 0
