1751011659453 0.8525571273122959 0
1751011660059 0.9552502720348205 1
1751011660693 0.970892274211099 2
1751011661323 0.9766050054406964 3
1751011661956 0.9797334058759521 4
1751011662590 0.9828618063112078 5
1751011663238 0.9836779107725789 6
1751011663884 0.985038084874864 7
1751011664526 0.9872143634385201 8
1751011665175 0.9865342763873776 9
1751011665817 0.9895266594124048 10
1751011666454 0.9892546245919478 11
1751011667095 0.9900707290533188 12
1751011667737 0.9902067464635473 13
1751011668382 0.9907508161044614 14
1751011669022 0.9904787812840044 15
1751011669664 0.9911588683351469 16
1751011670309 0.9922470076169749 17
1751011670952 0.9900707290533188 18
1751011671598 0.9930631120783461 19
1751011672238 0.9926550598476604 20
1751011672884 0.9933351468988031 21
1751011673523 0.9937431991294886 22
1751011674163 0.9948313384113167 23
1751011674806 0.9953754080522307 24
1751011675470 0.9934711643090316 25
1751011676117 0.9942872687704026 26
1751011676775 0.9908868335146899 27
1751011677420 0.9941512513601741 28
1751011678069 0.9946953210010882 29
1751011678720 0.9953754080522307 30
1751011679370 0.9919749727965179 31
1751011680020 0.9967355821545157 32
1751011680672 0.9956474428726877 33
1751011681333 0.9968715995647442 34
1751011681982 0.9952393906420022 35
1751011682640 0.9941512513601741 36
1751011683301 0.9960554951033732 37
1751011683960 0.9942872687704026 38
1751011684616 0.9957834602829162 39
1751011685276 0.9957834602829162 40
1751011685929 0.9972796517954298 41
1751011686583 0.9972796517954298 42
1751011687241 0.9956474428726877 43
1751011687893 0.9965995647442872 44
1751011688160 0.9965995647442872 0
1751011659453 0.8525571273122959 0
1751011688160 0.9965995647442872 0
