1750856046121 1.3649400999289212 0
1750856046577 0.9069674829663598 1
1750856047039 0.6512946101215641 2
1750856047500 0.4952636431817521 3
1750856047961 0.3964661335465179 4
1750856048423 0.32189734604400183 5
1750856048886 0.2656826291626504 6
1750856049346 0.225113177001152 7
1750856049808 0.19300512304697773 8
1750856050270 0.16765078367164787 9
1750856050733 0.14587351196608683 10
1750856051199 0.13230229181291228 11
1750856051661 0.11749661680598773 12
1750856052124 0.10738950341907497 13
1750856052588 0.09555872194914874 14
1750856053054 0.08942557182223805 15
1750856053520 0.08363868896489693 16
1750856053983 0.07776839018549053 17
1750856054446 0.07177514015566214 18
1750856054911 0.06778660984111948 19
1750856055377 0.06254788119876929 20
1750856055843 0.05819257618545254 21
1750856056308 0.057449249414903425 22
1750856056773 0.051506847508000345 23
1750856057243 0.04905948550789997 24
1750856057710 0.0470244469459577 25
1750856058175 0.04354981240999841 26
1750856058641 0.03975333844567928 27
1750856059107 0.03920681426003656 28
1750856059574 0.03847108404147028 29
1750856046121 1.3649400999289212 0
