1750931198363 0.7052502720348205 0
1750931198968 0.8823449401523396 1
1750931199584 0.9344396082698585 2
1750931200201 0.9575625680087051 3
1750931200821 0.9666757344940152 4
1750931201439 0.970892274211099 5
1750931202058 0.9740206746463548 6
1750931202680 0.9795973884657236 7
1750931203299 0.9809575625680087 8
1750931203920 0.9819096844396082 9
1750931204539 0.9831338411316648 10
1750931205159 0.9859902067464635 11
1750931205781 0.985310119695321 12
1750931206402 0.9868063112078346 13
1750931207023 0.9895266594124048 14
1750931207645 0.9888465723612623 15
1750931208268 0.9892546245919478 16
1750931208894 0.9908868335146899 17
1750931209518 0.9912948857453754 18
1750931210144 0.9899347116430903 19
1750931210768 0.9906147986942329 20
1750931211393 0.9930631120783461 21
1750931212027 0.9907508161044614 22
1750931212659 0.9934711643090316 23
1750931213288 0.9934711643090316 24
1750931213916 0.9930631120783461 25
1750931214546 0.9949673558215452 26
1750931215175 0.9944232861806311 27
1750931215802 0.9942872687704026 28
1750931216436 0.9942872687704026 29
1750931217067 0.9934711643090316 30
1750931217701 0.9948313384113167 31
1750931218344 0.9946953210010882 32
1750931218986 0.9946953210010882 33
1750931219621 0.9940152339499456 34
1750931220256 0.9955114254624592 35
1750931220892 0.9960554951033732 36
1750931221531 0.9931991294885746 37
1750931222166 0.9959194776931447 38
1750931222804 0.9953754080522307 39
1750931223441 0.9963275299238302 40
1750931224079 0.9959194776931447 41
1750931224717 0.9978237214363439 42
1750931225357 0.9968715995647442 43
1750931226000 0.9951033732317737 44
1750931226642 0.9948313384113167 45
1750931227301 0.9970076169749728 46
1750931227943 0.9964635473340587 47
1750931228584 0.9972796517954298 48
1750931229228 0.9970076169749728 49
1750931229869 0.9964635473340587 50
1750931230518 0.9975516866158868 51
1750931231162 0.9967355821545157 52
1750931231805 0.9983677910772579 53
1750931232448 0.9980957562568009 54
1750931233091 0.9976877040261154 55
1750931233732 0.9975516866158868 56
1750931234377 0.9982317736670294 57
1750931235023 0.9963275299238302 58
1750931235669 0.9975516866158868 59
1750931236315 0.9987758433079434 60
1750931236959 0.9986398258977149 61
1750931237606 0.9986398258977149 62
1750931238255 0.9979597388465724 63
1750931238908 0.9980957562568009 64
1750931239556 0.9979597388465724 65
1750931240204 0.9974156692056583 66
1750931240856 0.9978237214363439 67
1750931241507 0.9980957562568009 68
1750931242156 0.9965995647442872 69
1750931242807 0.9980957562568009 70
1750931243462 0.9979597388465724 71
1750931244119 0.998911860718172 72
1750931244768 0.9961915125136017 73
1750931245416 0.9975516866158868 74
1750931246068 0.999183895538629 75
1750931246723 0.998911860718172 76
1750931247383 0.9985038084874864 77
1750931248039 0.9979597388465724 78
1750931248696 0.9976877040261154 79
1750931249350 0.999183895538629 80
1750931250007 0.9985038084874864 81
1750931250660 0.9990478781284005 82
1750931251315 0.9976877040261154 83
1750931251969 0.9980957562568009 84
1750931252621 0.998911860718172 85
1750931253278 0.9985038084874864 86
1750931253931 0.9974156692056583 87
1750931254588 0.999183895538629 88
1750931255241 0.999183895538629 89
1750931255895 0.9987758433079434 90
1750931256551 0.9971436343852013 91
1750931257204 0.9979597388465724 92
1750931257860 0.9980957562568009 93
1750931258515 0.9983677910772579 94
1750931259171 0.9983677910772579 95
1750931259823 0.9986398258977149 96
1750931260483 0.9998639825897715 97
1750931261146 0.9985038084874864 98
1750931261364 0.9985038084874864 0
1750931198363 0.7052502720348205 0
1750931261364 0.9985038084874864 0
