1750931198342 0.7152926524733887 0
1750931198942 0.8872686167720918 1
1750931199558 0.9346110177138109 2
1750931200176 0.9576337613636019 3
1750931200795 0.9666818456059447 4
1750931201413 0.9708664845877136 5
1750931202033 0.97403396840848 6
1750931202654 0.9796122639468143 7
1750931203273 0.9809745648664459 8
1750931203894 0.9819130039237003 9
1750931204513 0.9831305477932663 10
1750931205133 0.9859922983012915 11
1750931205755 0.9853141490375813 12
1750931206376 0.9868084609208927 13
1750931206997 0.9895267860580382 14
1750931207618 0.9888473384819874 15
1750931208242 0.9892549884491869 16
1750931208868 0.9908952256534972 17
1750931209491 0.9913015510499376 18
1750931210117 0.9899317304308961 19
1750931210741 0.9906186275491586 20
1750931211367 0.9930645161859382 21
1750931212001 0.9907480331025689 22
1750931212633 0.9934756912042636 23
1750931213261 0.9934718841375113 24
1750931213889 0.9930678007114225 25
1750931214519 0.9949673300326056 26
1750931215148 0.9944308334977073 27
1750931215775 0.9942887160176046 28
1750931216409 0.9942888125660818 29
1750931217040 0.9934694627816861 30
1750931217674 0.994831701062002 31
1750931218317 0.9946955992322484 32
1750931218959 0.9946965925716373 33
1750931219594 0.994016700131011 34
1750931220228 0.9955114135302633 35
1750931220865 0.9960556934659933 36
1750931221504 0.9932013829768173 37
1750931222138 0.9959200811421697 38
1750931222777 0.9953765305436001 39
1750931223414 0.996330494036539 40
1750931224051 0.9959187888711813 41
1750931224690 0.9978236846730708 42
1750931225330 0.9968731635698529 43
1750931225972 0.9951031549770253 44
1750931226614 0.9948351925319545 45
1750931227273 0.9970088748835421 46
1750931227915 0.9964653177692556 47
1750931228557 0.9972810858066965 48
1750931229200 0.9970087064465192 49
1750931229841 0.9964646626677064 50
1750931230490 0.9975542425517518 51
1750931231134 0.9967358217345553 52
1750931231776 0.9983677910772579 53
1750931232420 0.9980957562568009 54
1750931233063 0.9976883935728953 55
1750931233704 0.9975516866158868 56
1750931234349 0.9982319190713714 57
1750931234995 0.9963283478709705 58
1750931235641 0.9975518567562988 59
1750931236287 0.9987759754727158 60
1750931236930 0.9986398258977149 61
1750931237577 0.9986398258977149 62
1750931238226 0.9979607350429015 63
1750931238880 0.9980957562568009 64
1750931239527 0.9979598908706993 65
1750931240176 0.9974185740328182 66
1750931240827 0.9978249225433233 67
1750931241478 0.9980974459140708 68
1750931242128 0.9966002594552662 69
1750931242778 0.9980960666638444 70
1750931243432 0.997961059478164 71
1750931244090 0.9989120497084446 72
1750931244740 0.9961920771694752 73
1750931245387 0.9975519830687246 74
1750931246039 0.9991874438188958 75
1750931246691 0.9989120766637357 76
1750931247354 0.9985048698559582 77
1750931248010 0.9979598908706993 78
1750931248667 0.9976881380766844 79
1750931249320 0.9991843438150475 80
1750931249977 0.9985039472720437 81
1750931250631 0.9990480036733882 82
1750931251286 0.9976878626700268 83
1750931251940 0.9980958742732958 84
1750931252592 0.9989120971167947 85
1750931253249 0.998504833917813 86
1750931253902 0.9974158344693546 87
1750931254559 0.9991843438150475 88
1750931255212 0.999183895538629 89
1750931255866 0.9987759145162091 90
1750931256521 0.9971441140050614 91
1750931257175 0.9979598654922058 92
1750931257830 0.9980957562568009 93
1750931258486 0.9983681156497023 94
1750931259142 0.9983679662107868 95
1750931259794 0.9986415868202216 96
1750931260454 0.9998640815115244 97
1750931261116 0.9985038727673803 98
1750931261364 0.9985038727673803 0
1750931198342 0.7152926524733887 0
1750931261364 0.9985038727673803 0
