1750931198385 0.6985165240828266 0
1750931198994 0.8802909007490987 1
1750931199610 0.934216290153625 2
1750931200227 0.9575087459961144 3
1750931200847 0.9666491448272776 4
1750931201465 0.9708660765548518 5
1750931202084 0.9740154223645858 6
1750931202706 0.979596001008466 7
1750931203325 0.9809552388842643 8
1750931203946 0.9819075613080631 9
1750931204565 0.9831304982767862 10
1750931205185 0.985990211030453 11
1750931205807 0.9853108958713447 12
1750931206428 0.9868054097533016 13
1750931207049 0.9895266633412302 14
1750931207671 0.9888467286761045 15
1750931208295 0.9892547568561753 16
1750931208920 0.9908876365643943 17
1750931209544 0.9912944388119989 18
1750931210171 0.9899331106654016 19
1750931210794 0.9906152888342787 20
1750931211420 0.9930633623347939 21
1750931212054 0.9907490760676304 22
1750931212685 0.99347161872175 23
1750931213314 0.9934713231838658 24
1750931213943 0.9930635893537532 25
1750931214572 0.9949672924477938 26
1750931215202 0.9944237747653838 27
1750931215829 0.9942874727209622 28
1750931216463 0.9942875274241162 29
1750931217094 0.9934698169016487 30
1750931217728 0.994831403121857 31
1750931218371 0.9946951921260273 32
1750931219013 0.9946955025596876 33
1750931219648 0.9940154477144835 34
1750931220283 0.9955113689399242 35
1750931220920 0.9960555436560643 36
1750931221558 0.9931994527648379 37
1750931222192 0.9959195769899161 38
1750931222831 0.9953755295797997 39
1750931223468 0.9963277455324584 40
1750931224107 0.9959182322824759 41
1750931224745 0.9978234307249317 42
1750931225385 0.9968719724168854 43
1750931226029 0.9951021285189127 44
1750931226670 0.9948310266857082 45
1750931227328 0.9970077267441091 46
1750931227970 0.9964642792963028 47
1750931228612 0.9972802152454516 48
1750931229255 0.9970077615287268 49
1750931229897 0.9964636535457816 50
1750931230546 0.9975522997540281 51
1750931231190 0.9967354990140542 52
1750931231832 0.9983677910772579 53
1750931232477 0.9980957562568009 54
1750931233119 0.9976873344071158 55
1750931233760 0.9975516866158868 56
1750931234405 0.9982317954320288 57
1750931235052 0.9963276766423831 58
1750931235697 0.9975516614270427 59
1750931236344 0.9987758583760199 60
1750931236987 0.9986398258977149 61
1750931237634 0.9986398258977149 62
1750931238284 0.9979600831077364 63
1750931238937 0.9980957562568009 64
1750931239584 0.9979597639600333 65
1750931240233 0.9974148517771134 66
1750931240884 0.9978238017635452 67
1750931241537 0.99809644017397 68
1750931242185 0.9965991178617709 69
1750931242836 0.9980957077581983 70
1750931243492 0.9979597852088407 71
1750931244148 0.9989118419485795 72
1750931244796 0.9961915919510188 73
1750931245445 0.9975517178418126 74
1750931246097 0.9991838304051511 75
1750931246754 0.9989118514925467 76
1750931247412 0.9985036825122581 77
1750931248068 0.9979597639600333 78
1750931248725 0.9976876553215046 79
1750931249378 0.9991839153979831 80
1750931250036 0.9985038269040244 81
1750931250690 0.9990478898480155 82
1750931251344 0.9976877324880378 83
1750931251998 0.9980954479447827 84
1750931252650 0.9989118684568036 85
1750931253307 0.9985038624643674 86
1750931253960 0.9974157010160423 87
1750931254618 0.9991839153979831 88
1750931255270 0.999183895538629 89
1750931255924 0.9987758278927066 90
1750931256580 0.997143585813646 91
1750931257233 0.9979597427753977 92
1750931257889 0.9980957562568009 93
1750931258545 0.9983677495070271 94
1750931259201 0.9983677654564491 95
1750931259853 0.9986398905529675 96
1750931260513 0.9998639808769674 97
1750931261175 0.9985037896466413 98
1750931261364 0.9985037896466413 0
1750931198385 0.6985165240828266 0
1750931261364 0.9985037896466413 0
