1750931198321 0.7052502720348205 0
1750931198917 0.8823449401523396 1
1750931199532 0.9344396082698585 2
1750931200150 0.9575625680087051 3
1750931200769 0.9666757344940152 4
1750931201387 0.970892274211099 5
1750931202007 0.9740206746463548 6
1750931202628 0.9795973884657236 7
1750931203247 0.9809575625680087 8
1750931203868 0.9819096844396082 9
1750931204486 0.9831338411316648 10
1750931205107 0.9859902067464635 11
1750931205729 0.985310119695321 12
1750931206350 0.9868063112078346 13
1750931206971 0.9895266594124048 14
1750931207592 0.9888465723612623 15
1750931208215 0.9892546245919478 16
1750931208841 0.9908868335146899 17
1750931209464 0.9912948857453754 18
1750931210091 0.9899347116430903 19
1750931210715 0.9906147986942329 20
1750931211340 0.9930631120783461 21
1750931211973 0.9907508161044614 22
1750931212606 0.9934711643090316 23
1750931213234 0.9934711643090316 24
1750931213861 0.9930631120783461 25
1750931214492 0.9949673558215452 26
1750931215121 0.9944232861806311 27
1750931215748 0.9942872687704026 28
1750931216382 0.9942872687704026 29
1750931217012 0.9934711643090316 30
1750931217648 0.9948313384113167 31
1750931218289 0.9946953210010882 32
1750931218931 0.9946953210010882 33
1750931219567 0.9940152339499456 34
1750931220201 0.9955114254624592 35
1750931220838 0.9960554951033732 36
1750931221476 0.9931991294885746 37
1750931222110 0.9959194776931447 38
1750931222750 0.9953754080522307 39
1750931223386 0.9963275299238302 40
1750931224024 0.9959194776931447 41
1750931224663 0.9978237214363439 42
1750931225302 0.9968715995647442 43
1750931225945 0.9951033732317737 44
1750931226587 0.9948313384113167 45
1750931227245 0.9970076169749728 46
1750931227887 0.9964635473340587 47
1750931228529 0.9972796517954298 48
1750931229172 0.9970076169749728 49
1750931229813 0.9964635473340587 50
1750931230463 0.9975516866158868 51
1750931231106 0.9967355821545157 52
1750931231748 0.9983677910772579 53
1750931232392 0.9980957562568009 54
1750931233035 0.9976877040261154 55
1750931233676 0.9975516866158868 56
1750931234320 0.9982317736670294 57
1750931234967 0.9963275299238302 58
1750931235612 0.9975516866158868 59
1750931236259 0.9987758433079434 60
1750931236902 0.9986398258977149 61
1750931237550 0.9986398258977149 62
1750931238198 0.9979597388465724 63
1750931238851 0.9980957562568009 64
1750931239498 0.9979597388465724 65
1750931240147 0.9974156692056583 66
1750931240798 0.9978237214363439 67
1750931241449 0.9980957562568009 68
1750931242099 0.9965995647442872 69
1750931242749 0.9980957562568009 70
1750931243403 0.9979597388465724 71
1750931244061 0.998911860718172 72
1750931244712 0.9961915125136017 73
1750931245357 0.9975516866158868 74
1750931246011 0.999183895538629 75
1750931246662 0.998911860718172 76
1750931247325 0.9985038084874864 77
1750931247980 0.9979597388465724 78
1750931248637 0.9976877040261154 79
1750931249289 0.999183895538629 80
1750931249948 0.9985038084874864 81
1750931250601 0.9990478781284005 82
1750931251256 0.9976877040261154 83
1750931251910 0.9980957562568009 84
1750931252563 0.998911860718172 85
1750931253220 0.9985038084874864 86
1750931253873 0.9974156692056583 87
1750931254529 0.999183895538629 88
1750931255182 0.999183895538629 89
1750931255836 0.9987758433079434 90
1750931256492 0.9971436343852013 91
1750931257145 0.9979597388465724 92
1750931257801 0.9980957562568009 93
1750931258456 0.9983677910772579 94
1750931259112 0.9983677910772579 95
1750931259764 0.9986398258977149 96
1750931260424 0.9998639825897715 97
1750931261087 0.9985038084874864 98
1750931261364 0.9985038084874864 0
1750931198321 0.7052502720348205 0
1750931261364 0.9985038084874864 0
