1750931198300 1.1200941899006982 0
1750931198890 0.5987111007363026 1
1750931199505 0.37854746470513617 2
1750931200123 0.2588651029634268 3
1750931200743 0.1870824326077016 4
1750931201361 0.1470165614269763 5
1750931201981 0.12069706489880275 6
1750931202602 0.10177883809033104 7
1750931203221 0.08882889648548796 8
1750931203841 0.0775590999957916 9
1750931204461 0.06769696805500491 10
1750931205080 0.06210134042197914 11
1750931205703 0.060478042827369856 12
1750931206323 0.054258165157463914 13
1750931206944 0.04676134029851255 14
1750931207566 0.04437312968450237 15
1750931208188 0.04044485123680096 16
1750931208815 0.036379432279345 17
1750931209437 0.03437970176245916 18
1750931210063 0.03697436116838481 19
1750931210689 0.03242590820763394 20
1750931211313 0.028436959098915086 21
1750931211946 0.03002126825014707 22
1750931212580 0.024793319450742014 23
1750931213207 0.024612040474800083 24
1750931213834 0.024165421872277125 25
1750931214465 0.021566827680664268 26
1750931215094 0.020237790916208278 27
1750931215722 0.020076928819885417 28
1750931216355 0.020287395289504212 29
1750931216986 0.021907860249021496 30
1750931217620 0.01782354415861547 31
1750931218262 0.017241015266708147 32
1750931218903 0.017870087238125932 33
1750931219540 0.016748748530184807 34
1750931220174 0.015125953305312011 35
1750931220811 0.014659303286588134 36
1750931221449 0.018866780272029315 37
1750931222083 0.01483541234448082 38
1750931222723 0.014590250913426686 39
1750931223359 0.013239833947764639 40
1750931223996 0.01261775011094885 41
1750931224636 0.01029549639834693 42
1750931225275 0.010475191188572324 43
1750931225917 0.014352707666196982 44
1750931226559 0.014750812054354337 45
1750931227218 0.009468755906856172 46
1750931227860 0.011182616725493064 47
1750931228501 0.010191465099038144 48
1750931229145 0.01046260575963016 49
1750931229785 0.011902111961726216 50
1750931230434 0.009137100308854335 51
1750931231078 0.009847604957755282 52
1750931231719 0.007103224199060533 53
1750931232363 0.007059046040125439 54
1750931233006 0.008277821472440102 55
1750931233648 0.007707958117720769 56
1750931234292 0.006777625080276336 57
1750931234938 0.01215828256504215 58
1750931235584 0.009740314271798362 59
1750931236231 0.006585784910233555 60
1750931236874 0.005337305624335416 61
1750931237521 0.005499388041181598 62
1750931238169 0.0062581547069471225 63
1750931238821 0.006980209816159818 64
1750931239469 0.00690369191180491 65
1750931240117 0.009094947899711521 66
1750931240769 0.007538486049653429 67
1750931241420 0.007936929667023212 68
1750931242070 0.010262774832649825 69
1750931242720 0.006855844800113229 70
1750931243373 0.007650954862206544 71
1750931244030 0.005843705803066466 72
1750931244682 0.011888149909695896 73
1750931245327 0.008229354974168724 74
1750931245982 0.004491859865170915 75
1750931246633 0.004724329014992042 76
1750931247296 0.005786870553023821 77
1750931247950 0.0064892289241721655 78
1750931248608 0.006623089733754991 79
1750931249259 0.003893038006456973 80
1750931249919 0.005573003559314542 81
1750931250572 0.004509103640374197 82
1750931251227 0.007205046192143453 83
1750931251881 0.006651934438431433 84
1750931252534 0.004442387087457085 85
1750931253191 0.005050647024578801 86
1750931253844 0.007355538375855052 87
1750931254499 0.0042432422825830485 88
1750931255153 0.003731784589728429 89
1750931255806 0.004795983788606501 90
1750931256462 0.008380503519435674 91
1750931257116 0.005767660934732157 92
1750931257771 0.005389899988710664 93
1750931258426 0.005611007203998083 94
1750931259083 0.005980449607517896 95
1750931259735 0.004116553297314881 96
1750931260394 0.0024022765350303846 97
1750931261057 0.0050888962623156795 98
1750931261364 0.0050888962623156795 0
1750931198300 1.1200941899006982 0
1750931261364 0.0050888962623156795 0
