1751012828416 0.8677221828540619 0
1751012829022 0.9552204098337307 1
1751012829644 0.9715220630080044 2
1751012830271 0.9749663781277572 3
1751012830897 0.9793231508578061 4
1751012831526 0.9825965994476731 5
1751012832161 0.9820393277030257 6
1751012832796 0.9832705765020977 7
1751012833434 0.984901784064716 8
1751012834066 0.9846255072288866 9
1751012834697 0.9869476977263617 10
1751012835329 0.9870772178230489 11
1751012835961 0.9879012393900825 12
1751012836588 0.9872229966308462 13
1751012837222 0.9878948770364309 14
1751012837852 0.9865363396268835 15
1751012838483 0.9872173537014948 16
1751012839115 0.9896656134912882 17
1751012839744 0.9893948597853244 18
1751012840376 0.990617610839887 19
1751012841009 0.9895508475771555 20
1751012841641 0.9896626460402631 21
1751012842274 0.9888465158730196 22
1751012842909 0.9910328537328282 23
1751012843543 0.9891298466946281 24
1751012844178 0.9910253014394556 25
1751012844812 0.9925177229174212 26
1751012845451 0.9922530790044725 27
1751012846090 0.9902070376924128 28
1751012846725 0.9923815639025025 29
1751012847367 0.9931991294885746 30
1751012848003 0.9933338290957082 31
1751012848642 0.9926536595163739 32
1751012849278 0.9921133090161596 33
1751012849913 0.9910264096342583 34
1751012850550 0.9923845431028286 35
1751012851188 0.9934712339042616 36
1751012851825 0.9928055611779484 37
1751012852465 0.9942899854224819 38
1751012853103 0.9942932276325593 39
1751012853744 0.9925253188630786 40
1751012854381 0.9948295439627073 41
1751012855020 0.991840973559862 42
1751012855657 0.9919850266902778 43
1751012856301 0.9934717943501591 44
1751012856943 0.9938814567390031 45
1751012857582 0.9922473104183559 46
1751012858224 0.9943009226703321 47
1751012858864 0.9940154720312743 48
1751012859503 0.9927925591049864 49
1751012860143 0.9937407232070745 50
1751012860783 0.9941523955593928 51
1751012861428 0.9948314788335506 52
1751012862070 0.9946974919650889 53
1751012862713 0.9911537281470993 54
1751012863356 0.9953785888537214 55
1751012863998 0.9927919695003758 56
1751012864643 0.9930632069037035 57
1751012865287 0.9940132802127569 58
1751012865527 0.9940132802127569 0
1751012828416 0.8677221828540619 0
1751012865527 0.9940132802127569 0
