1751012828395 0.8671109902067464 0
1751012828996 0.9552502720348205 1
1751012829617 0.9715723612622416 2
1751012830245 0.9749727965179543 3
1751012830870 0.9793253536452666 4
1751012831500 0.9825897714907508 5
1751012832134 0.9820457018498367 6
1751012832769 0.9832698585418934 7
1751012833408 0.9849020674646355 8
1751012834040 0.9846300326441785 9
1751012834670 0.9869423286180631 10
1751012835302 0.9870783460282916 11
1751012835935 0.9878944504896626 12
1751012836562 0.9872143634385201 13
1751012837195 0.9878944504896626 14
1751012837826 0.9865342763873776 15
1751012838456 0.9872143634385201 16
1751012839088 0.9896626768226333 17
1751012839717 0.9893906420021763 18
1751012840349 0.9906147986942329 19
1751012840982 0.9895266594124048 20
1751012841614 0.9896626768226333 21
1751012842247 0.9888465723612623 22
1751012842882 0.9910228509249184 23
1751012843517 0.9891186071817193 24
1751012844151 0.9910228509249184 25
1751012844785 0.9925190424374319 26
1751012845423 0.9922470076169749 27
1751012846062 0.9902067464635473 28
1751012846697 0.9923830250272034 29
1751012847340 0.9931991294885746 30
1751012847976 0.9933351468988031 31
1751012848614 0.9926550598476604 32
1751012849251 0.9921109902067464 33
1751012849885 0.9910228509249184 34
1751012850522 0.9923830250272034 35
1751012851160 0.9934711643090316 36
1751012851797 0.9927910772578891 37
1751012852438 0.9942872687704026 38
1751012853076 0.9942872687704026 39
1751012853717 0.9925190424374319 40
1751012854353 0.9948313384113167 41
1751012854992 0.9918389553862894 42
1751012855630 0.9919749727965179 43
1751012856273 0.9934711643090316 44
1751012856915 0.9938792165397171 45
1751012857555 0.9922470076169749 46
1751012858197 0.9942872687704026 47
1751012858836 0.9940152339499456 48
1751012859475 0.9927910772578891 49
1751012860115 0.9937431991294886 50
1751012860755 0.9941512513601741 51
1751012861400 0.9948313384113167 52
1751012862042 0.9946953210010882 53
1751012862685 0.9911588683351469 54
1751012863329 0.9953754080522307 55
1751012863970 0.9927910772578891 56
1751012864615 0.9930631120783461 57
1751012865259 0.9940152339499456 58
1751012865527 0.9940152339499456 0
1751012828395 0.8671109902067464 0
1751012865527 0.9940152339499456 0
