1751012828374 0.5925807860944424 0
1751012828970 0.17341939035612558 1
1751012829591 0.1067184904535525 2
1751012830219 0.08646581128190987 3
1751012830843 0.06865218696838105 4
1751012831473 0.061132847383148135 5
1751012832107 0.05692865151680917 6
1751012832742 0.05387659001005033 7
1751012833382 0.048525803786285945 8
1751012834014 0.05058975558691497 9
1751012834644 0.04395631131015807 10
1751012835275 0.04486417403835823 11
1751012835908 0.03958155633628336 12
1751012836536 0.039297060714679914 13
1751012837168 0.036434125502809674 14
1751012837799 0.04138858761674886 15
1751012838430 0.038379042269510014 16
1751012839062 0.0357223889821891 17
1751012839691 0.03452531178000508 18
1751012840321 0.031371514334204535 19
1751012840956 0.030741859699667345 20
1751012841587 0.031151850403806396 21
1751012842220 0.03812645253916884 22
1751012842855 0.02993992714553877 23
1751012843489 0.03135006382384452 24
1751012844124 0.026418675767851667 25
1751012844758 0.027298618412056736 26
1751012845396 0.026020401854663925 27
1751012846035 0.0308900757989683 28
1751012846670 0.0264055305738225 29
1751012847313 0.024860900369704873 30
1751012847948 0.02415683960959607 31
1751012848585 0.022677810238907366 32
1751012849222 0.028643844369494877 33
1751012849857 0.030902749486875613 34
1751012850495 0.0268661612806937 35
1751012851133 0.023310344990533378 36
1751012851769 0.024121771176407465 37
1751012852410 0.020018928328587777 38
1751012853048 0.0203733705561831 39
1751012853689 0.023851420968503442 40
1751012854326 0.020575394923368042 41
1751012854964 0.03057809723683018 42
1751012855603 0.030483576688019636 43
1751012856245 0.02415787353827917 44
1751012856887 0.022050806033395643 45
1751012857527 0.02520259891426894 46
1751012858169 0.02067084111459756 47
1751012858809 0.020765393271118045 48
1751012859448 0.02581496739818819 49
1751012860087 0.025537676957230183 50
1751012860727 0.021878368417317932 51
1751012861372 0.01798148798655974 52
1751012862013 0.019671223884381524 53
1751012862656 0.02850359967241917 54
1751012863301 0.01868083785359988 55
1751012863942 0.026031518332716948 56
1751012864587 0.021675646308124453 57
1751012865231 0.019703349934625355 58
1751012865527 0.019703349934625355 0
1751012828374 0.5925807860944424 0
1751012865527 0.019703349934625355 0
