1751012828460 0.8661751241296302 0
1751012829074 0.9551830247883357 1
1751012829697 0.9715393199100003 2
1751012830324 0.9749670377945837 3
1751012830949 0.9793227320812707 4
1751012831580 0.9825929473058636 5
1751012832214 0.9820423355049004 6
1751012832850 0.9832701092437796 7
1751012833487 0.9849014842540033 8
1751012834119 0.9846271765985283 9
1751012834749 0.9869432374435002 10
1751012835381 0.9870771338080185 11
1751012836014 0.987895421462743 12
1751012836641 0.987215520968 13
1751012837274 0.9878931302369168 14
1751012837904 0.9865346868042195 15
1751012838536 0.9872135615138963 16
1751012839168 0.9896633265825935 17
1751012839797 0.9893912417540547 18
1751012840429 0.9906151628318165 19
1751012841062 0.9895267841187748 20
1751012841694 0.9896625522911519 21
1751012842328 0.9888453315191377 22
1751012842962 0.991023746843122 23
1751012843597 0.9891232155396813 24
1751012844232 0.9910232776495861 25
1751012844867 0.992517974026924 26
1751012845505 0.9922475858368992 27
1751012846144 0.9902067741302187 28
1751012846782 0.9923818502412851 29
1751012847421 0.9931991294885746 30
1751012848057 0.993333424954521 31
1751012848695 0.9926540057338734 32
1751012849332 0.992110697504417 33
1751012849968 0.9910223641442046 34
1751012850604 0.9923831325071328 35
1751012851242 0.9934709980281085 36
1751012851881 0.992794942214822 37
1751012852520 0.994286812836058 38
1751012853158 0.9942877235721883 39
1751012853799 0.9925181181946607 40
1751012854436 0.9948303874031996 41
1751012855075 0.9918393268777023 42
1751012855713 0.9919748866419942 43
1751012856358 0.9934704309562066 44
1751012856998 0.9938798833129521 45
1751012857638 0.9922467081304341 46
1751012858280 0.9942879444024326 47
1751012858919 0.9940153025934055 48
1751012859557 0.9927909139377512 49
1751012860198 0.9937412559572324 50
1751012860839 0.9941509578155827 51
1751012861484 0.9948312067722525 52
1751012862125 0.994694843863201 53
1751012862769 0.9911552800662233 54
1751012863412 0.9953756790734676 55
1751012864054 0.9927913219590024 56
1751012864698 0.9930631001353956 57
1751012865344 0.9940142010559078 58
1751012865527 0.9940142010559078 0
1751012828460 0.8661751241296302 0
1751012865527 0.9940142010559078 0
