1750949601437 0.8640216529226609 0
1750949602044 0.956559804820881 1
1750949602666 0.9735817124670535 2
1750949603287 0.9783602268884892 3
1750949603911 0.9816445775438216 4
1750949604540 0.9830282847272501 5
1750949605173 0.9849081220775683 6
1750949605810 0.9847769010065587 7
1750949606449 0.9891236955523289 8
1750949607078 0.986123563125072 9
1750949607707 0.9880321938831589 10
1750949608337 0.9876247422110693 11
1750949608968 0.9903527743027198 12
1750949609599 0.9889972342112759 13
1750949610231 0.9904762016241635 14
1750949610862 0.9910253177165567 15
1750949611498 0.9917082114602174 16
1750949612130 0.9926555327169935 17
1750949612763 0.991440719677934 18
1750949613397 0.9934882444500863 19
1750949614029 0.9934717987474366 20
1750949614662 0.9942859553348494 21
1750949615295 0.9936075930764373 22
1750949615928 0.9936071212884616 23
1750949616563 0.9907533428310568 24
1750949617200 0.9952509079459309 25
1750949617838 0.9945596728613297 26
1750949618473 0.9952381656524178 27
1750949619109 0.9952409409097828 28
1750949619745 0.9946952882837768 29
1750949620381 0.9948313384113167 30
1750949621019 0.995511954533439 31
1750949621657 0.9921185233593398 32
1750949622292 0.9955120942708021 33
1750949622931 0.9978240176779866 34
1750949623569 0.9930648138170327 35
1750949624208 0.9967345890334547 36
1750949624850 0.996472569445606 37
1750949625493 0.9970095256672004 38
1750949626134 0.9975535460515407 39
1750949626777 0.9940164656630479 40
1750949627420 0.9936061552860661 41
1750949628061 0.9961959020570731 42
1750949628702 0.9946955458428473 43
1750949628932 0.9946955458428473 0
1750949601437 0.8640216529226609 0
1750949628932 0.9946955458428473 0
