1750949601480 0.8595317865672109 0
1750949602096 0.9565422454473016 1
1750949602717 0.9735926734326139 2
1750949603338 0.9783662367396435 3
1750949603964 0.9816365625366247 4
1750949604593 0.9829980727492814 5
1750949605225 0.9849031374946556 6
1750949605862 0.9847674384532282 7
1750949606500 0.9891193645362502 8
1750949607131 0.986122064564438 9
1750949607760 0.9880308849939711 10
1750949608389 0.9876180580960822 11
1750949609020 0.9903437351492317 12
1750949609652 0.9889839097404771 13
1750949610283 0.9904772752293864 14
1750949610914 0.991023433054761 15
1750949611550 0.9917048607724979 16
1750949612183 0.9926547853065444 17
1750949612816 0.9914317649915717 18
1750949613449 0.9934698447168551 19
1750949614082 0.993471015883494 20
1750949614715 0.9942863980755906 21
1750949615348 0.9936069347742176 22
1750949615981 0.9936071012174678 23
1750949616616 0.9907508247192971 24
1750949617253 0.9952400243838866 25
1750949617892 0.9945593756082217 26
1750949618527 0.9952368278789521 27
1750949619162 0.9952397110395307 28
1750949619798 0.9946952542017286 29
1750949620434 0.9948313384113167 30
1750949621072 0.995511310420635 31
1750949621710 0.992111359812107 32
1750949622346 0.9955115124308229 33
1750949622984 0.9978236660093694 34
1750949623623 0.9930635109877013 35
1750949624263 0.9967350368926476 36
1750949624904 0.9964638968320388 37
1750949625547 0.9970077592165286 38
1750949626188 0.9975518029953416 39
1750949626833 0.9940153838924393 40
1750949627475 0.99360551736627 41
1750949628116 0.9961916939663117 42
1750949628756 0.9946953829476252 43
1750949628932 0.9946953829476252 0
1750949601480 0.8595317865672109 0
1750949628932 0.9946953829476252 0
