1750949601458 0.8626224156692056 0
1750949602070 0.9566104461371056 1
1750949602691 0.9736126224156693 2
1750949603312 0.9783732317736671 3
1750949603937 0.9816376496191512 4
1750949604566 0.9829978237214363 5
1750949605199 0.9849020674646355 6
1750949605836 0.984766050054407 7
1750949606474 0.9891186071817193 8
1750949607105 0.986126224156692 9
1750949607734 0.9880304678998912 10
1750949608363 0.9876224156692056 11
1750949608994 0.9903427638737758 12
1750949609626 0.9889825897714908 13
1750949610257 0.9904787812840044 14
1750949610888 0.9910228509249184 15
1750949611524 0.9917029379760609 16
1750949612156 0.9926550598476604 17
1750949612790 0.9914309031556039 18
1750949613424 0.9934711643090316 19
1750949614056 0.9934711643090316 20
1750949614689 0.9942872687704026 21
1750949615322 0.9936071817192601 22
1750949615954 0.9936071817192601 23
1750949616590 0.9907508161044614 24
1750949617227 0.9952393906420022 25
1750949617865 0.9945593035908596 26
1750949618500 0.9952393906420022 27
1750949619136 0.9952393906420022 28
1750949619772 0.9946953210010882 29
1750949620408 0.9948313384113167 30
1750949621046 0.9955114254624592 31
1750949621684 0.9921109902067464 32
1750949622319 0.9955114254624592 33
1750949622957 0.9978237214363439 34
1750949623596 0.9930631120783461 35
1750949624236 0.9967355821545157 36
1750949624877 0.9964635473340587 37
1750949625520 0.9970076169749728 38
1750949626161 0.9975516866158868 39
1750949626805 0.9940152339499456 40
1750949627448 0.9936071817192601 41
1750949628088 0.9961915125136017 42
1750949628729 0.9946953210010882 43
1750949628932 0.9946953210010882 0
1750949601458 0.8626224156692056 0
1750949628932 0.9946953210010882 0
