1750949601416 0.8626224156692056 0
1750949602018 0.9566104461371056 1
1750949602640 0.9736126224156693 2
1750949603262 0.9783732317736671 3
1750949603886 0.9816376496191512 4
1750949604514 0.9829978237214363 5
1750949605147 0.9849020674646355 6
1750949605783 0.984766050054407 7
1750949606422 0.9891186071817193 8
1750949607052 0.986126224156692 9
1750949607682 0.9880304678998912 10
1750949608311 0.9876224156692056 11
1750949608941 0.9903427638737758 12
1750949609573 0.9889825897714908 13
1750949610205 0.9904787812840044 14
1750949610835 0.9910228509249184 15
1750949611472 0.9917029379760609 16
1750949612104 0.9926550598476604 17
1750949612737 0.9914309031556039 18
1750949613370 0.9934711643090316 19
1750949614003 0.9934711643090316 20
1750949614636 0.9942872687704026 21
1750949615269 0.9936071817192601 22
1750949615901 0.9936071817192601 23
1750949616537 0.9907508161044614 24
1750949617173 0.9952393906420022 25
1750949617811 0.9945593035908596 26
1750949618446 0.9952393906420022 27
1750949619083 0.9952393906420022 28
1750949619718 0.9946953210010882 29
1750949620354 0.9948313384113167 30
1750949620992 0.9955114254624592 31
1750949621630 0.9921109902067464 32
1750949622265 0.9955114254624592 33
1750949622904 0.9978237214363439 34
1750949623543 0.9930631120783461 35
1750949624181 0.9967355821545157 36
1750949624823 0.9964635473340587 37
1750949625466 0.9970076169749728 38
1750949626107 0.9975516866158868 39
1750949626749 0.9940152339499456 40
1750949627393 0.9936071817192601 41
1750949628033 0.9961915125136017 42
1750949628675 0.9946953210010882 43
1750949628932 0.9946953210010882 0
1750949601416 0.8626224156692056 0
1750949628932 0.9946953210010882 0
