1750949601395 0.6109766797674364 0
1750949601993 0.17232324893184015 1
1750949602614 0.10020803656100707 2
1750949603236 0.07775136863689168 3
1750949603859 0.0644491703145133 4
1750949604488 0.05626817998274658 5
1750949605121 0.04785657747444961 6
1750949605757 0.04698173586031882 7
1750949606396 0.03947801290483288 8
1750949607026 0.042317110001311206 9
1750949607655 0.038669051693689574 10
1750949608285 0.03790694685456251 11
1750949608915 0.03195021397173729 12
1750949609546 0.03230422715655446 13
1750949610179 0.03106712552458372 14
1750949610809 0.030065304788703076 15
1750949611445 0.02872418711758477 16
1750949612077 0.024239784551498614 17
1750949612710 0.026034438471341258 18
1750949613343 0.022609223852844116 19
1750949613976 0.02429782004390516 20
1750949614609 0.020927671340047926 21
1750949615242 0.02083395128389182 22
1750949615875 0.020939717542023374 23
1750949616510 0.030593546880135502 24
1750949617146 0.021128851015899043 25
1750949617785 0.018351322816232862 26
1750949618419 0.01805971193778956 27
1750949619056 0.018726803720229477 28
1750949619691 0.018403287822435384 29
1750949620327 0.018167530657202655 30
1750949620965 0.01706135393322017 31
1750949621603 0.026734297296541042 32
1750949622239 0.01714401179620585 33
1750949622877 0.012214704090247986 34
1750949623515 0.019327053697110925 35
1750949624154 0.014743299328877111 36
1750949624795 0.013467538998724733 37
1750949625438 0.012824279654941342 38
1750949626080 0.012827586324609841 39
1750949626720 0.02106638775932703 40
1750949627365 0.025102332368152576 41
1750949628006 0.014204611539662338 42
1750949628648 0.019428116898736445 43
1750949628932 0.019428116898736445 0
1750949601395 0.6109766797674364 0
1750949628932 0.019428116898736445 0
