1750949731223 0.8579221742853991 0
1750949731827 0.9602220007432591 1
1750949732450 0.9734467694222497 2
1750949733070 0.97727510187107 3
1750949733695 0.9799899879933949 4
1750949734323 0.9800081777490285 5
1750949734954 0.9840872602963888 6
1750949735587 0.9844970568273704 7
1750949736221 0.985312191760011 8
1750949736852 0.9868009793070698 9
1750949737482 0.9887109320478422 10
1750949738111 0.9895270166498591 11
1750949738740 0.9907518635195547 12
1750949739369 0.9878945972882083 13
1750949739999 0.9907506613868756 14
1750949740629 0.989665028878327 15
1750949741260 0.9911591792341078 16
1750949741892 0.9903463883029078 17
1750949742524 0.9927935818685981 18
1750949743154 0.989807706166381 19
1750949743784 0.992387888640801 20
1750949744416 0.9903426203025157 21
1750949745051 0.9951040154739502 22
1750949745684 0.9944245956189068 23
1750949746318 0.9957841903775745 24
1750949746953 0.9938765715267652 25
1750949747588 0.9949668544844499 26
1750949748225 0.9915689565597765 27
1750949748859 0.991299695933426 28
1750949749493 0.9922548719475154 29
1750949750129 0.993339974052823 30
1750949750763 0.9918398776789481 31
1750949751398 0.994698465200094 32
1750949752035 0.9952451032730385 33
1750949752673 0.9949719703508618 34
1750949753313 0.9956498718374741 35
1750949753953 0.9963281583926002 36
1750949754591 0.9956498503353484 37
1750949755229 0.9957834552790921 38
1750949755869 0.993474607509723 39
1750949756508 0.9953752120194109 40
1750949757147 0.994560995485201 41
1750949757787 0.9952385932008567 42
1750949758428 0.9970086827762504 43
1750949759068 0.9967363806912378 44
1750949759708 0.9975516866158868 45
1750949760351 0.9959214848985194 46
1750949760994 0.9931978719628004 47
1750949761635 0.9953737964833047 48
1750949762277 0.9964666335986658 49
1750949762920 0.996872293166992 50
1750949763561 0.9967374169618829 51
1750949764205 0.9959198576300448 52
1750949764438 0.9959198576300448 0
1750949731223 0.8579221742853991 0
1750949764438 0.9959198576300448 0
