1750949731183 0.6050559077026795 0
1750949731776 0.1630913025017532 1
1750949732398 0.09855815009401464 2
1750949733019 0.07635944740800137 3
1750949733643 0.06533645770195325 4
1750949734271 0.0604514794847781 5
1750949734901 0.051133353038163 6
1750949735536 0.048197940640532545 7
1750949736169 0.0445529661101813 8
1750949736799 0.04093363428725511 9
1750949737430 0.03716437199575597 10
1750949738059 0.034162708185207794 11
1750949738688 0.03338218611686351 12
1750949739317 0.03972913164004959 13
1750949739947 0.03372582152862835 14
1750949740576 0.033050403123573525 15
1750949741207 0.02768696716077569 16
1750949741839 0.029378274882311595 17
1750949742470 0.02522736743611402 18
1750949743101 0.0327015776547955 19
1750949743732 0.02832879761985875 20
1750949744364 0.027292459479596982 21
1750949744997 0.01906829065936126 22
1750949745629 0.018495890998987883 23
1750949746265 0.017490999925662727 24
1750949746899 0.023507981103063604 25
1750949747534 0.01850033639975792 26
1750949748170 0.030158067959684055 27
1750949748806 0.02953575552877959 28
1750949749440 0.024455357685490585 29
1750949750075 0.02114813313672524 30
1750949750709 0.022904691301079486 31
1750949751345 0.017345347461494354 32
1750949751981 0.01664004881863236 33
1750949752619 0.018028985399862304 34
1750949753258 0.016295264664555012 35
1750949753899 0.01357210963641185 36
1750949754536 0.014166582315340355 37
1750949755176 0.01594998900524226 38
1750949755814 0.023303918244055713 39
1750949756454 0.020724515265443638 40
1750949757093 0.02096172586596197 41
1750949757732 0.016494773041509637 42
1750949758374 0.01294116322427453 43
1750949759014 0.012437825951567153 44
1750949759654 0.011170737622700981 45
1750949760297 0.01286148762085168 46
1750949760938 0.019421058419131155 47
1750949761580 0.01693196328289977 48
1750949762222 0.013829384338854528 49
1750949762865 0.011551460372314457 50
1750949763506 0.01589340900534093 51
1750949764150 0.02129062367993345 52
1750949764438 0.02129062367993345 0
1750949731183 0.6050559077026795 0
1750949764438 0.02129062367993345 0
