1750949731267 0.8517728283150428 0
1750949731879 0.9601922551604244 1
1750949732502 0.9734522578848307 2
1750949733122 0.9772785247265073 3
1750949733746 0.9799909906099462 4
1750949734374 0.980006136181562 5
1750949735005 0.9840863536731442 6
1750949735639 0.9844947523038304 7
1750949736273 0.985310647507166 8
1750949736904 0.986803288612297 9
1750949737535 0.9887106939121841 10
1750949738163 0.9895267883281709 11
1750949738792 0.9907511402429918 12
1750949739421 0.9878940613985339 13
1750949740051 0.9907497240028427 14
1750949740682 0.9896618109605846 15
1750949741313 0.9911589738116827 16
1750949741944 0.990343330844613 17
1750949742575 0.9927904586896029 18
1750949743206 0.9897998151658619 19
1750949743837 0.9923837386858549 20
1750949744469 0.9903426422646853 21
1750949745104 0.9951034923878993 22
1750949745737 0.9944234873671872 23
1750949746371 0.9957835567511724 24
1750949747006 0.9938775517871333 25
1750949747641 0.9949660372863613 26
1750949748278 0.9915673286616697 27
1750949748911 0.9912952582381177 28
1750949749546 0.9922474623491878 29
1750949750182 0.9933356307333499 30
1750949750817 0.9918391540824112 31
1750949751451 0.9946956324357732 32
1750949752089 0.9952397724853483 33
1750949752726 0.9949664288129823 34
1750949753367 0.9956478480456045 35
1750949754007 0.9963273880617847 36
1750949754644 0.9956482823501474 37
1750949755284 0.9957834071859893 38
1750949755923 0.9934710253531364 39
1750949756562 0.9953749648803921 40
1750949757201 0.9945593161496876 41
1750949757841 0.9952382672400514 42
1750949758483 0.9970080995104668 43
1750949759123 0.9967354688086497 44
1750949759763 0.9975516866158868 45
1750949760406 0.9959196716589027 46
1750949761048 0.9931981537925781 47
1750949761689 0.9953744491608435 48
1750949762333 0.9964632650889882 49
1750949762974 0.9968714892275977 50
1750949763616 0.99673568560292 51
1750949764260 0.9959196083265908 52
1750949764438 0.9959196083265908 0
1750949731267 0.8517728283150428 0
1750949764438 0.9959196083265908 0
