1750949731203 0.8556855277475517 0
1750949731802 0.9602829162132753 1
1750949732424 0.9734766050054406 2
1750949733044 0.9772850924918389 3
1750949733669 0.9800054406964092 4
1750949734297 0.9800054406964092 5
1750949734927 0.9840859630032645 6
1750949735562 0.98449401523395 7
1750949736195 0.985310119695321 8
1750949736825 0.9868063112078346 9
1750949737456 0.9887105549510338 10
1750949738085 0.9895266594124048 11
1750949738715 0.9907508161044614 12
1750949739343 0.9878944504896626 13
1750949739973 0.9907508161044614 14
1750949740603 0.9896626768226333 15
1750949741234 0.9911588683351469 16
1750949741866 0.9903427638737758 17
1750949742497 0.9927910772578891 18
1750949743127 0.9897986942328618 19
1750949743758 0.9923830250272034 20
1750949744390 0.9903427638737758 21
1750949745024 0.9951033732317737 22
1750949745657 0.9944232861806311 23
1750949746291 0.9957834602829162 24
1750949746926 0.9938792165397171 25
1750949747561 0.9949673558215452 26
1750949748197 0.9915669205658324 27
1750949748833 0.9912948857453754 28
1750949749466 0.9922470076169749 29
1750949750102 0.9933351468988031 30
1750949750737 0.9918389553862894 31
1750949751372 0.9946953210010882 32
1750949752008 0.9952393906420022 33
1750949752646 0.9949673558215452 34
1750949753285 0.9956474428726877 35
1750949753926 0.9963275299238302 36
1750949754564 0.9956474428726877 37
1750949755203 0.9957834602829162 38
1750949755842 0.9934711643090316 39
1750949756480 0.9953754080522307 40
1750949757120 0.9945593035908596 41
1750949757760 0.9952393906420022 42
1750949758401 0.9970076169749728 43
1750949759041 0.9967355821545157 44
1750949759681 0.9975516866158868 45
1750949760324 0.9959194776931447 46
1750949760966 0.9931991294885746 47
1750949761608 0.9953754080522307 48
1750949762250 0.9964635473340587 49
1750949762893 0.9968715995647442 50
1750949763534 0.9967355821545157 51
1750949764177 0.9959194776931447 52
1750949764438 0.9959194776931447 0
1750949731203 0.8556855277475517 0
1750949764438 0.9959194776931447 0
