1750949731245 0.8556855277475517 0
1750949731853 0.9602829162132753 1
1750949732476 0.9734766050054406 2
1750949733096 0.9772850924918389 3
1750949733721 0.9800054406964092 4
1750949734349 0.9800054406964092 5
1750949734980 0.9840859630032645 6
1750949735613 0.98449401523395 7
1750949736247 0.985310119695321 8
1750949736878 0.9868063112078346 9
1750949737508 0.9887105549510338 10
1750949738137 0.9895266594124048 11
1750949738766 0.9907508161044614 12
1750949739395 0.9878944504896626 13
1750949740025 0.9907508161044614 14
1750949740655 0.9896626768226333 15
1750949741287 0.9911588683351469 16
1750949741918 0.9903427638737758 17
1750949742549 0.9927910772578891 18
1750949743180 0.9897986942328618 19
1750949743810 0.9923830250272034 20
1750949744443 0.9903427638737758 21
1750949745077 0.9951033732317737 22
1750949745710 0.9944232861806311 23
1750949746344 0.9957834602829162 24
1750949746980 0.9938792165397171 25
1750949747615 0.9949673558215452 26
1750949748251 0.9915669205658324 27
1750949748885 0.9912948857453754 28
1750949749520 0.9922470076169749 29
1750949750156 0.9933351468988031 30
1750949750790 0.9918389553862894 31
1750949751425 0.9946953210010882 32
1750949752062 0.9952393906420022 33
1750949752700 0.9949673558215452 34
1750949753340 0.9956474428726877 35
1750949753980 0.9963275299238302 36
1750949754617 0.9956474428726877 37
1750949755257 0.9957834602829162 38
1750949755896 0.9934711643090316 39
1750949756535 0.9953754080522307 40
1750949757174 0.9945593035908596 41
1750949757814 0.9952393906420022 42
1750949758455 0.9970076169749728 43
1750949759095 0.9967355821545157 44
1750949759736 0.9975516866158868 45
1750949760378 0.9959194776931447 46
1750949761021 0.9931991294885746 47
1750949761662 0.9953754080522307 48
1750949762305 0.9964635473340587 49
1750949762947 0.9968715995647442 50
1750949763589 0.9967355821545157 51
1750949764233 0.9959194776931447 52
1750949764438 0.9959194776931447 0
1750949731245 0.8556855277475517 0
1750949764438 0.9959194776931447 0
