1751013174616 0.8643491485610073 0
1751013175220 0.9579055295841004 1
1751013175841 0.9682676338068261 2
1751013176460 0.9753633595140854 3
1751013177088 0.9809596289289968 4
1751013177718 0.9817611652211974 5
1751013178352 0.9825897714907508 6
1751013178985 0.986121855068706 7
1751013179621 0.9869433587917558 8
1751013180249 0.9868060775677412 9
1751013180926 0.9888615255739158 10
1751013181595 0.9904868875078684 11
1751013182227 0.9915651444964432 12
1751013182866 0.992655818469292 13
1751013183500 0.9908867038001734 14
1751013184137 0.9940174135533281 15
1751013184771 0.9940159279163243 16
1751013185403 0.9938824507818717 17
1751013186035 0.9957834552790921 18
1751013186670 0.9949686273920944 19
1751013187310 0.9963275387767497 20
1751013187943 0.9959200811421697 21
1751013188580 0.9978306260202806 22
1751013189219 0.9968759858072034 23
1751013189858 0.9987759754727158 24
1751013190493 0.9986398258977149 25
1751013191134 0.9971490679834345 26
1751013191769 0.996465986765867 27
1751013192405 0.9961917881565002 28
1751013193045 0.9949680057618786 29
1751013193686 0.9978239700989052 30
1751013194341 0.9968736314915344 31
1751013194989 0.9990505420972804 32
1751013195644 0.9989133808890246 33
1751013196285 0.9995920397626955 34
1751013196926 0.9979597892697226 35
1751013197567 0.9975516866158868 36
1751013198218 0.999727965179543 37
1751013198877 0.9985061611703747 38
1751013199533 0.9975522124786086 39
1751013200185 0.998778233719996 40
1751013200842 0.9979605302205956 41
1751013201497 0.999455930359086 42
1751013202160 0.9995920600747327 43
1751013202807 0.9990480036733882 44
1751013203448 0.9987759145162091 45
1751013204091 0.9941511210283926 46
1751013204734 0.996873632364625 47
1751013205384 0.9985039351331199 48
1751013206028 0.9991841072492716 49
1751013206675 0.9990480036733882 50
1751013207334 0.9987760745086927 51
1751013207996 0.9987759145162091 52
1751013208659 0.998233662986743 53
1751013209323 0.999864088275405 54
1751013209989 0.9993199980138667 55
1751013210658 0.9968727385982505 56
1751013211323 0.9966007227116568 57
1751013211990 0.999183895538629 58
1751013212653 0.9979597892697226 59
1751013213313 0.9991843438150475 60
1751013213978 0.997279692291992 61
1751013214643 0.9975520557265214 62
1751013215309 0.9987759688529312 63
1751013215974 0.9993200395944909 64
1751013216641 0.9994563048986914 65
1751013217313 0.9953778007736243 66
1751013217979 0.9976878626700268 67
1751013218632 0.9966016533230254 68
1751013219282 0.997280190589202 69
1751013219934 0.999592897464188 70
1751013220584 0.9998640815115244 71
1751013221237 1.0 72
1751013221894 0.999727965179543 73
1751013222547 0.999455930359086 74
1751013223204 0.9993208815775944 75
1751013223451 0.9993208815775944 0
1751013174616 0.8643491485610073 0
1751013223451 0.9993208815775944 0
