1751013174659 0.8618084059397241 0
1751013175272 0.9578855091675769 1
1751013175894 0.9682826709930232 2
1751013176511 0.9753703978646948 3
1751013177140 0.9809559497816563 4
1751013177771 0.9817672252866417 5
1751013178405 0.9825897714907508 6
1751013179039 0.9861225032633123 7
1751013179675 0.9869426463677317 8
1751013180302 0.9868061450658376 9
1751013180977 0.9888443180579608 10
1751013181649 0.9904812831065237 11
1751013182281 0.9915656870661925 12
1751013182919 0.992655238581849 13
1751013183554 0.9908867187568158 14
1751013184190 0.9940155184330575 15
1751013184824 0.9940153795852102 16
1751013185456 0.9938795758874307 17
1751013186088 0.9957834071859893 18
1751013186724 0.9949675373801447 19
1751013187364 0.9963274836781197 20
1751013187997 0.9959195769899161 21
1751013188635 0.9978239184626383 22
1751013189273 0.9968713051666392 23
1751013189911 0.9987758583760199 24
1751013190547 0.9986398258977149 25
1751013191188 0.9971438634912091 26
1751013191824 0.9964637181176779 27
1751013192459 0.9961915335298716 28
1751013193100 0.9949672142909833 29
1751013193740 0.9978236567488313 30
1751013194395 0.9968721583842173 31
1751013195044 0.9990479340269336 32
1751013195700 0.9989118040565688 33
1751013196340 0.9995919426309022 34
1751013196981 0.997959713154511 35
1751013197623 0.9975516866158868 36
1751013198274 0.999727965179543 37
1751013198932 0.998503710039223 38
1751013199588 0.9975517461939497 39
1751013200241 0.9987757627593643 40
1751013200898 0.9979600857615132 41
1751013201556 0.999455930359086 42
1751013202216 0.9995919527920066 43
1751013202861 0.9990478898480155 44
1751013203504 0.9987758278927066 45
1751013204146 0.9941510095949221 46
1751013204791 0.9968717371672599 47
1751013205439 0.9985038056589712 48
1751013206084 0.9991838841460934 49
1751013206732 0.9990478898480155 50
1751013207392 0.9987754993632115 51
1751013208052 0.9987758278927066 52
1751013208715 0.9982320628930481 53
1751013209381 0.9998639842640021 54
1751013210047 0.999319904384837 55
1751013210715 0.9968717124254953 56
1751013211381 0.9965996874190166 57
1751013212047 0.999183895538629 58
1751013212710 0.997959713154511 59
1751013213369 0.9991839153979831 60
1751013214035 0.9972795590026927 61
1751013214701 0.9975516011840606 62
1751013215366 0.9987758550275585 63
1751013216031 0.9993199168776828 64
1751013216699 0.999456000349672 65
1751013217371 0.9953759963892737 66
1751013218037 0.9976877324880378 67
1751013218689 0.9965993409982341 68
1751013219338 0.9972797179932774 69
1751013219991 0.999591962490282 70
1751013220641 0.9998639808769674 71
1751013221294 1.0 72
1751013221952 0.999727965179543 73
1751013222605 0.999455930359086 74
1751013223262 0.9993199374838034 75
1751013223451 0.9993199374838034 0
1751013174659 0.8618084059397241 0
1751013223451 0.9993199374838034 0
