1751013174595 0.8641186071817193 0
1751013175194 0.9579706202393906 1
1751013175815 0.9683079434167573 2
1751013176434 0.9753808487486398 3
1751013177061 0.9809575625680087 4
1751013177691 0.9817736670293797 5
1751013178324 0.9825897714907508 6
1751013178959 0.986126224156692 7
1751013179594 0.9869423286180631 8
1751013180222 0.9868063112078346 9
1751013180901 0.9888465723612623 10
1751013181569 0.9904787812840044 11
1751013182200 0.9915669205658324 12
1751013182839 0.9926550598476604 13
1751013183473 0.9908868335146899 14
1751013184110 0.9940152339499456 15
1751013184743 0.9940152339499456 16
1751013185376 0.9938792165397171 17
1751013186008 0.9957834602829162 18
1751013186643 0.9949673558215452 19
1751013187284 0.9963275299238302 20
1751013187916 0.9959194776931447 21
1751013188553 0.9978237214363439 22
1751013189192 0.9968715995647442 23
1751013189831 0.9987758433079434 24
1751013190465 0.9986398258977149 25
1751013191106 0.9971436343852013 26
1751013191743 0.9964635473340587 27
1751013192378 0.9961915125136017 28
1751013193018 0.9949673558215452 29
1751013193658 0.9978237214363439 30
1751013194313 0.9968715995647442 31
1751013194962 0.9990478781284005 32
1751013195617 0.998911860718172 33
1751013196257 0.9995919477693145 34
1751013196898 0.9979597388465724 35
1751013197540 0.9975516866158868 36
1751013198190 0.999727965179543 37
1751013198848 0.9985038084874864 38
1751013199505 0.9975516866158868 39
1751013200158 0.9987758433079434 40
1751013200814 0.9979597388465724 41
1751013201469 0.999455930359086 42
1751013202133 0.9995919477693145 43
1751013202778 0.9990478781284005 44
1751013203420 0.9987758433079434 45
1751013204063 0.9941512513601741 46
1751013204706 0.9968715995647442 47
1751013205356 0.9985038084874864 48
1751013205999 0.999183895538629 49
1751013206646 0.9990478781284005 50
1751013207307 0.9987758433079434 51
1751013207968 0.9987758433079434 52
1751013208630 0.9982317736670294 53
1751013209293 0.9998639825897715 54
1751013209961 0.9993199129488575 55
1751013210629 0.9968715995647442 56
1751013211295 0.9965995647442872 57
1751013211961 0.999183895538629 58
1751013212625 0.9979597388465724 59
1751013213284 0.999183895538629 60
1751013213948 0.9972796517954298 61
1751013214613 0.9975516866158868 62
1751013215281 0.9987758433079434 63
1751013215945 0.9993199129488575 64
1751013216611 0.999455930359086 65
1751013217284 0.9953754080522307 66
1751013217949 0.9976877040261154 67
1751013218604 0.9965995647442872 68
1751013219253 0.9972796517954298 69
1751013219906 0.9995919477693145 70
1751013220555 0.9998639825897715 71
1751013221208 1.0 72
1751013221865 0.999727965179543 73
1751013222518 0.999455930359086 74
1751013223174 0.9993199129488575 75
1751013223451 0.9993199129488575 0
1751013174595 0.8641186071817193 0
1751013223451 0.9993199129488575 0
