1751013174574 0.5957552297071222 0
1751013175167 0.16941055942476768 1
1751013175789 0.10463636032061427 2
1751013176408 0.07839407696428184 3
1751013177033 0.062257394952632654 4
1751013177664 0.05347261504372491 5
1751013178297 0.049753166804084065 6
1751013178932 0.04403774931386389 7
1751013179568 0.0398281859304914 8
1751013180195 0.03740502699755611 9
1751013180875 0.03305737223522788 10
1751013181543 0.028233426319530498 11
1751013182173 0.02573471599824978 12
1751013182811 0.023181932057143556 13
1751013183446 0.02487748644088716 14
1751013184082 0.020045663072282734 15
1751013184716 0.019446268254613364 16
1751013185349 0.019326373883822003 17
1751013185981 0.01682602038852246 18
1751013186616 0.01603203624541647 19
1751013187257 0.013315703167293273 20
1751013187889 0.012608539946680033 21
1751013188526 0.010572028833682627 22
1751013189162 0.01135645757550404 23
1751013189804 0.008193751837743063 24
1751013190438 0.007608600596084551 25
1751013191077 0.009282837961992944 26
1751013191716 0.013640812549018529 27
1751013192351 0.012123621280317248 28
1751013192990 0.017351192957164276 29
1751013193630 0.010926225672283952 30
1751013194285 0.012414998898304943 31
1751013194935 0.006709447672037799 32
1751013195590 0.00645039548016365 33
1751013196230 0.004132803676381882 34
1751013196870 0.006414203422503309 35
1751013197512 0.008471629163491012 36
1751013198162 0.003686240430421199 37
1751013198820 0.0063603168146132965 38
1751013199477 0.007707445364218951 39
1751013200130 0.004613435873559091 40
1751013200786 0.0066073546488211975 41
1751013201442 0.0035882169320042854 42
1751013202105 0.0026721662003901647 43
1751013202750 0.0035617190896256264 44
1751013203393 0.005406252127610729 45
1751013204035 0.016206831041210706 46
1751013204677 0.010412862267617796 47
1751013205328 0.006499718374449058 48
1751013205971 0.004398891749924558 49
1751013206618 0.004590254593396081 50
1751013207278 0.005404042961140254 51
1751013207939 0.003762640424961502 52
1751013208601 0.007415670762446601 53
1751013209264 0.0031409930720987657 54
1751013209931 0.0036430455434480146 55
1751013210601 0.00899815306348561 56
1751013211266 0.009925332866560707 57
1751013211933 0.00388936915534211 58
1751013212596 0.00624656455740292 59
1751013213256 0.0034421684422608267 60
1751013213919 0.009112269318819916 61
1751013214584 0.007701408878509441 62
1751013215252 0.005141797565425147 63
1751013215917 0.004759898007430857 64
1751013216582 0.004491951924703622 65
1751013217255 0.013702312893325654 66
1751013217920 0.007670544846169853 67
1751013218575 0.010456865461481385 68
1751013219224 0.009646265664400373 69
1751013219877 0.002151139612278979 70
1751013220526 0.00199916732878935 71
1751013221178 0.0012946057253117168 72
1751013221836 0.0017197931638817602 73
1751013222489 0.0025716489872098895 74
1751013223145 0.002979969287213137 75
1751013223451 0.002979969287213137 0
1751013174574 0.5957552297071222 0
1751013223451 0.002979969287213137 0
