1751013174637 0.8641186071817193 0
1751013175246 0.9579706202393906 1
1751013175868 0.9683079434167573 2
1751013176485 0.9753808487486398 3
1751013177114 0.9809575625680087 4
1751013177745 0.9817736670293797 5
1751013178378 0.9825897714907508 6
1751013179012 0.986126224156692 7
1751013179648 0.9869423286180631 8
1751013180276 0.9868063112078346 9
1751013180951 0.9888465723612623 10
1751013181623 0.9904787812840044 11
1751013182254 0.9915669205658324 12
1751013182893 0.9926550598476604 13
1751013183527 0.9908868335146899 14
1751013184164 0.9940152339499456 15
1751013184798 0.9940152339499456 16
1751013185429 0.9938792165397171 17
1751013186062 0.9957834602829162 18
1751013186697 0.9949673558215452 19
1751013187337 0.9963275299238302 20
1751013187970 0.9959194776931447 21
1751013188607 0.9978237214363439 22
1751013189246 0.9968715995647442 23
1751013189884 0.9987758433079434 24
1751013190520 0.9986398258977149 25
1751013191161 0.9971436343852013 26
1751013191797 0.9964635473340587 27
1751013192432 0.9961915125136017 28
1751013193072 0.9949673558215452 29
1751013193713 0.9978237214363439 30
1751013194368 0.9968715995647442 31
1751013195016 0.9990478781284005 32
1751013195671 0.998911860718172 33
1751013196312 0.9995919477693145 34
1751013196953 0.9979597388465724 35
1751013197595 0.9975516866158868 36
1751013198246 0.999727965179543 37
1751013198905 0.9985038084874864 38
1751013199560 0.9975516866158868 39
1751013200213 0.9987758433079434 40
1751013200870 0.9979597388465724 41
1751013201524 0.999455930359086 42
1751013202188 0.9995919477693145 43
1751013202834 0.9990478781284005 44
1751013203476 0.9987758433079434 45
1751013204118 0.9941512513601741 46
1751013204763 0.9968715995647442 47
1751013205411 0.9985038084874864 48
1751013206056 0.999183895538629 49
1751013206704 0.9990478781284005 50
1751013207363 0.9987758433079434 51
1751013208024 0.9987758433079434 52
1751013208688 0.9982317736670294 53
1751013209352 0.9998639825897715 54
1751013210018 0.9993199129488575 55
1751013210686 0.9968715995647442 56
1751013211352 0.9965995647442872 57
1751013212019 0.999183895538629 58
1751013212682 0.9979597388465724 59
1751013213341 0.999183895538629 60
1751013214006 0.9972796517954298 61
1751013214672 0.9975516866158868 62
1751013215338 0.9987758433079434 63
1751013216003 0.9993199129488575 64
1751013216670 0.999455930359086 65
1751013217342 0.9953754080522307 66
1751013218008 0.9976877040261154 67
1751013218661 0.9965995647442872 68
1751013219310 0.9972796517954298 69
1751013219963 0.9995919477693145 70
1751013220613 0.9998639825897715 71
1751013221265 1.0 72
1751013221923 0.999727965179543 73
1751013222576 0.999455930359086 74
1751013223232 0.9993199129488575 75
1751013223451 0.9993199129488575 0
1751013174637 0.8641186071817193 0
1751013223451 0.9993199129488575 0
