1751012327754 0.8423312353492372 0
1751012328367 0.9559214011124111 1
1751012328988 0.9693720711351379 2
1751012329609 0.9744161153935977 3
1751012330237 0.9786396364416965 4
1751012330869 0.9813648553493889 5
1751012331503 0.9827269777533818 6
1751012332137 0.985444339033249 7
1751012332773 0.9872151102865432 8
1751012333406 0.9877587309697483 9
1751012334039 0.9876234084619057 10
1751012334668 0.9881654997901029 11
1751012335297 0.9876227174883452 12
1751012335927 0.9884380735278403 13
1751012336559 0.9900689989993348 14
1751012337195 0.9902077257137197 15
1751012337825 0.9899341875232609 16
1751012338461 0.9921120078808684 17
1751012339097 0.9907510411771432 18
1751012339730 0.9933350862514264 19
1751012340366 0.9934715997878868 20
1751012341002 0.9929257629833895 21
1751012341638 0.9951033732317737 22
1751012342275 0.9925191244747376 23
1751012342914 0.9938806456471299 24
1751012343549 0.9937434965436509 25
1751012344184 0.9941508665169628 26
1751012344822 0.9948312825371455 27
1751012345462 0.9942871232745949 28
1751012346100 0.9942872687704026 29
1751012346738 0.9960554911223898 30
1751012347384 0.9936071185436534 31
1751012348025 0.9934710495109791 32
1751012348663 0.9946955845227448 33
1751012349301 0.9936067610766801 34
1751012349938 0.9960555436560643 35
1751012350578 0.9948302644572716 36
1751012351219 0.9960553427330279 37
1751012351858 0.995239330693859 38
1751012352501 0.9961918573096171 39
1751012353142 0.9953755205885716 40
1751012353784 0.9972798411340625 41
1751012354425 0.9944235820812334 42
1751012355070 0.9949671181102518 43
1751012355711 0.9957832874964068 44
1751012356353 0.9946948282137913 45
1751012357000 0.9953768054972159 46
1751012357642 0.9970076169749728 47
1751012358286 0.9963274836781197 48
1751012358932 0.9967357373271223 49
1751012359576 0.9964633631838483 50
1751012360221 0.997007540762883 51
1751012360867 0.9951032485210813 52
1751012361516 0.9972796517954298 53
1751012362163 0.9975518570206563 54
1751012362810 0.9961915125136017 55
1751012363454 0.9951031414942705 56
1751012364101 0.9971436561502007 57
1751012364284 0.9971436561502007 0
1751012327754 0.8423312353492372 0
1751012364284 0.9971436561502007 0
