1751012327688 0.8433079434167573 0
1751012328289 0.9560663764961915 1
1751012328910 0.9693960826985855 2
1751012329530 0.9744287268770403 3
1751012330157 0.9786452665941241 4
1751012330790 0.9813656147986942 5
1751012331424 0.9827257889009793 6
1751012332059 0.9854461371055495 7
1751012332693 0.9872143634385201 8
1751012333327 0.9877584330794341 9
1751012333960 0.9876224156692056 10
1751012334589 0.9881664853101197 11
1751012335219 0.9876224156692056 12
1751012335849 0.9884385201305768 13
1751012336478 0.9900707290533188 14
1751012337114 0.9902067464635473 15
1751012337745 0.9899347116430903 16
1751012338380 0.9921109902067464 17
1751012339016 0.9907508161044614 18
1751012339651 0.9933351468988031 19
1751012340285 0.9934711643090316 20
1751012340921 0.9929270946681176 21
1751012341556 0.9951033732317737 22
1751012342192 0.9925190424374319 23
1751012342831 0.9938792165397171 24
1751012343469 0.9937431991294886 25
1751012344103 0.9941512513601741 26
1751012344741 0.9948313384113167 27
1751012345380 0.9942872687704026 28
1751012346019 0.9942872687704026 29
1751012346657 0.9960554951033732 30
1751012347301 0.9936071817192601 31
1751012347943 0.9934711643090316 32
1751012348581 0.9946953210010882 33
1751012349219 0.9936071817192601 34
1751012349857 0.9960554951033732 35
1751012350496 0.9948313384113167 36
1751012351136 0.9960554951033732 37
1751012351777 0.9952393906420022 38
1751012352419 0.9961915125136017 39
1751012353059 0.9953754080522307 40
1751012353701 0.9972796517954298 41
1751012354342 0.9944232861806311 42
1751012354986 0.9949673558215452 43
1751012355629 0.9957834602829162 44
1751012356269 0.9946953210010882 45
1751012356917 0.9953754080522307 46
1751012357559 0.9970076169749728 47
1751012358202 0.9963275299238302 48
1751012358849 0.9967355821545157 49
1751012359493 0.9964635473340587 50
1751012360137 0.9970076169749728 51
1751012360784 0.9951033732317737 52
1751012361432 0.9972796517954298 53
1751012362079 0.9975516866158868 54
1751012362726 0.9961915125136017 55
1751012363371 0.9951033732317737 56
1751012364018 0.9971436343852013 57
1751012364284 0.9971436343852013 0
1751012327688 0.8433079434167573 0
1751012364284 0.9971436343852013 0
