1751012327710 0.8450878802062395 0
1751012328316 0.9559924383162143 1
1751012328936 0.9693567185198728 2
1751012329557 0.9744048500985085 3
1751012330184 0.9786368755802173 4
1751012330816 0.9813651035030366 5
1751012331451 0.9827317952460795 6
1751012332086 0.9854505032242848 7
1751012332719 0.9872184525947127 8
1751012333354 0.9877594244599752 9
1751012333987 0.9876292444314544 10
1751012334615 0.9881701542466763 11
1751012335246 0.98762353369538 12
1751012335875 0.9884385189757279 13
1751012336505 0.9900673726022504 14
1751012337141 0.9902122910329014 15
1751012337772 0.9899352561451299 16
1751012338407 0.9921274390041551 17
1751012339043 0.9907516652434465 18
1751012339678 0.9933351578258168 19
1751012340312 0.9934756561120526 20
1751012340948 0.9929246558719096 21
1751012341583 0.9951033732317737 22
1751012342220 0.9925193069978996 23
1751012342859 0.993883523952629 24
1751012343495 0.9937454033611578 25
1751012344130 0.9941530003764335 26
1751012344768 0.9948314392680105 27
1751012345407 0.994287380861835 28
1751012346046 0.9942872687704026 29
1751012346684 0.9960556059570083 30
1751012347329 0.993607533315566 31
1751012347970 0.9934755472663591 32
1751012348608 0.9946983751569455 33
1751012349246 0.993608855277191 34
1751012349884 0.9960556934659933 35
1751012350523 0.9948294963186894 36
1751012351164 0.9960561018609839 37
1751012351804 0.9952393717814346 38
1751012352447 0.9961986830372908 39
1751012353086 0.9953760373633568 40
1751012353729 0.9972836873997064 41
1751012354370 0.9944243553722062 42
1751012355014 0.9949673586822911 43
1751012355657 0.9957836442970478 44
1751012356298 0.994694564803037 45
1751012356944 0.9953813515295388 46
1751012357587 0.9970076169749728 47
1751012358230 0.9963275387767497 48
1751012358877 0.9967375154750301 49
1751012359520 0.996464801413417 50
1751012360165 0.9970078707204133 51
1751012360812 0.9951035278194085 52
1751012361460 0.9972796517954298 53
1751012362107 0.9975556871279524 54
1751012362754 0.9961915125136017 55
1751012363399 0.9951055679810883 56
1751012364046 0.9971437797895434 57
1751012364284 0.9971437797895434 0
1751012327710 0.8450878802062395 0
1751012364284 0.9971437797895434 0
