1751012327667 0.667988176217406 0
1751012328264 0.1988524377297395 1
1751012328884 0.11836304575999361 2
1751012329504 0.08875301475428912 3
1751012330130 0.07251264994824153 4
1751012330763 0.06362090706703648 5
1751012331397 0.05402375447793871 6
1751012332033 0.04811926179750943 7
1751012332666 0.04457380593439181 8
1751012333301 0.043321542184439135 9
1751012333934 0.0404882756344593 10
1751012334562 0.03790156910615498 11
1751012335192 0.03761511522226676 12
1751012335822 0.03575609570573833 13
1751012336450 0.03317745833559381 14
1751012337086 0.030804013672271608 15
1751012337718 0.030160042939665073 16
1751012338353 0.02590782802969509 17
1751012338988 0.029343190119562265 18
1751012339624 0.024892727976160222 19
1751012340258 0.0240744002187732 20
1751012340894 0.025718489551351236 21
1751012341529 0.02098196295370734 22
1751012342165 0.025251084800315078 23
1751012342804 0.02138740992957931 24
1751012343442 0.020010451585565154 25
1751012344077 0.019158542780479227 26
1751012344714 0.017852943613557742 27
1751012345352 0.018285430891295414 28
1751012345992 0.01808210754801516 29
1751012346629 0.01784543223300051 30
1751012347274 0.02455233311193455 31
1751012347915 0.02332246629825273 32
1751012348554 0.01811148593672455 33
1751012349192 0.020503408455424685 34
1751012349830 0.014472489821865457 35
1751012350468 0.018717429111179643 36
1751012351108 0.013673926379341101 37
1751012351750 0.016033070417317653 38
1751012352390 0.01416432733459538 39
1751012353031 0.01608582827139958 40
1751012353673 0.01323913845818356 41
1751012354314 0.0222326802465785 42
1751012354959 0.019594231705303923 43
1751012355601 0.01611737156605046 44
1751012356242 0.018521568114677762 45
1751012356888 0.016157096684570865 46
1751012357531 0.012336957100444393 47
1751012358175 0.012792121934156228 48
1751012358820 0.012426172835109868 49
1751012359466 0.013546497562304301 50
1751012360109 0.011931188297898826 51
1751012360755 0.015730809300891668 52
1751012361403 0.011215931395427512 53
1751012362051 0.011655679378725418 54
1751012362698 0.015253113292388707 55
1751012363342 0.021448710871509746 56
1751012363989 0.015713946056735657 57
1751012364284 0.015713946056735657 0
1751012327667 0.667988176217406 0
1751012364284 0.015713946056735657 0
