1751012327731 0.8433079434167573 0
1751012328341 0.9560663764961915 1
1751012328962 0.9693960826985855 2
1751012329583 0.9744287268770403 3
1751012330210 0.9786452665941241 4
1751012330843 0.9813656147986942 5
1751012331477 0.9827257889009793 6
1751012332111 0.9854461371055495 7
1751012332746 0.9872143634385201 8
1751012333380 0.9877584330794341 9
1751012334013 0.9876224156692056 10
1751012334642 0.9881664853101197 11
1751012335272 0.9876224156692056 12
1751012335901 0.9884385201305768 13
1751012336532 0.9900707290533188 14
1751012337168 0.9902067464635473 15
1751012337798 0.9899347116430903 16
1751012338434 0.9921109902067464 17
1751012339070 0.9907508161044614 18
1751012339705 0.9933351468988031 19
1751012340339 0.9934711643090316 20
1751012340975 0.9929270946681176 21
1751012341610 0.9951033732317737 22
1751012342247 0.9925190424374319 23
1751012342886 0.9938792165397171 24
1751012343522 0.9937431991294886 25
1751012344157 0.9941512513601741 26
1751012344794 0.9948313384113167 27
1751012345434 0.9942872687704026 28
1751012346072 0.9942872687704026 29
1751012346711 0.9960554951033732 30
1751012347356 0.9936071817192601 31
1751012347997 0.9934711643090316 32
1751012348635 0.9946953210010882 33
1751012349274 0.9936071817192601 34
1751012349911 0.9960554951033732 35
1751012350550 0.9948313384113167 36
1751012351191 0.9960554951033732 37
1751012351831 0.9952393906420022 38
1751012352474 0.9961915125136017 39
1751012353114 0.9953754080522307 40
1751012353756 0.9972796517954298 41
1751012354398 0.9944232861806311 42
1751012355042 0.9949673558215452 43
1751012355684 0.9957834602829162 44
1751012356325 0.9946953210010882 45
1751012356972 0.9953754080522307 46
1751012357614 0.9970076169749728 47
1751012358258 0.9963275299238302 48
1751012358905 0.9967355821545157 49
1751012359549 0.9964635473340587 50
1751012360193 0.9970076169749728 51
1751012360840 0.9951033732317737 52
1751012361489 0.9972796517954298 53
1751012362135 0.9975516866158868 54
1751012362782 0.9961915125136017 55
1751012363426 0.9951033732317737 56
1751012364074 0.9971436343852013 57
1751012364284 0.9971436343852013 0
1751012327731 0.8433079434167573 0
1751012364284 0.9971436343852013 0
