1750948888911 0.8581068645014153 0
1750948889516 0.9544054466717635 1
1750948890134 0.9693792250031492 2
1750948890754 0.9764568646397757 3
1750948891383 0.9792101512898893 4
1750948892013 0.9816387428883531 5
1750948892644 0.9832694449570002 6
1750948893276 0.9843848676741944 7
1750948893905 0.9869451485569025 8
1750948896351 0.9870801666808757 9
1750948897075 0.9888516958240829 10
1750948897702 0.9877669776251762 11
1750948898327 0.9902223471352647 12
1750948898953 0.9919752704559094 13
1750948899580 0.9937432828901194 14
1750948900208 0.9942872687704026 15
1750948900834 0.99238769229128 16
1750948901462 0.9942916903890014 17
1750948902090 0.9961986830372908 18
1750948902718 0.9959196747769818 19
1750948903347 0.9940153318759771 20
1750948903977 0.9963275387767497 21
1750948904608 0.9955118442535664 22
1750948905239 0.997144327987449 23
1750948905870 0.9974167703714382 24
1750948906501 0.9979598908706993 25
1750948907132 0.997824234368015 26
1750948907764 0.9974185132608355 27
1750948908395 0.9964637727486975 28
1750948909030 0.9986398258977149 29
1750948909663 0.9983681156497023 30
1750948910297 0.9970081686997956 31
1750948910933 0.9989135970123917 32
1750948911567 0.9986398258977149 33
1750948912202 0.9987766671771469 34
1750948912838 0.9961915125136017 35
1750948913474 0.9980962562574216 36
1750948914113 0.9989130043322653 37
1750948914753 0.9991842626072757 38
1750948915391 0.999455930359086 39
1750948916029 0.9993200318740603 40
1750948916668 0.9983687765232843 41
1750948917310 0.9985039472720437 42
1750948917950 0.9983695766280514 43
1750948918590 0.9987759754727158 44
1750948919231 0.9993199980138667 45
1750948919870 0.9995928367719956 46
1750948920511 0.9994563115931335 47
1750948921151 0.9993200318740603 48
1750948921791 0.9987759145162091 49
1750948922433 0.9975522124786086 50
1750948923077 0.9979610180706495 51
1750948923719 0.9979606405812369 52
1750948924361 0.9989127338981125 53
1750948925004 0.9995920397626955 54
1750948925648 0.9998640815115244 55
1750948926291 0.9993199980138667 56
1750948926937 0.999183895538629 57
1750948927175 0.999183895538629 0
1750948888911 0.8581068645014153 0
1750948927175 0.999183895538629 0
