1750948888955 0.851617396755416 0
1750948889567 0.9544655720123726 1
1750948890185 0.9693748981890272 2
1750948890806 0.9764599462595019 3
1750948891434 0.979189108880822 4
1750948892064 0.9816379506477446 5
1750948892695 0.9832693940672897 6
1750948893328 0.9843604203606204 7
1750948893957 0.9869429493084888 8
1750948896405 0.9870788121922632 9
1750948897127 0.9888473486496563 10
1750948897753 0.9877595413523405 11
1750948898379 0.9902084528912255 12
1750948899005 0.991975071576131 13
1750948899633 0.9937430397769372 14
1750948900260 0.9942872687704026 15
1750948900887 0.9923835551753751 16
1750948901514 0.9942876663815313 17
1750948902142 0.9961918573096171 18
1750948902771 0.9959193737675678 19
1750948903399 0.994015081525766 20
1750948904029 0.9963274836781197 21
1750948904660 0.9955113730053117 22
1750948905292 0.9971435240480547 23
1750948905923 0.9974157624384526 24
1750948906553 0.9979597639600333 25
1750948907186 0.9978237743946219 26
1750948907817 0.9974158209302485 27
1750948908449 0.9964634572652253 28
1750948909083 0.9986398258977149 29
1750948909716 0.9983677495070271 30
1750948910351 0.9970076897926052 31
1750948910986 0.9989119124423741 32
1750948911621 0.9986398258977149 33
1750948912256 0.9987757960205947 34
1750948912892 0.9961915125136017 35
1750948913528 0.9980958025952942 36
1750948914168 0.99891196322839 37
1750948914807 0.9991838747535136 38
1750948915445 0.999455930359086 39
1750948916083 0.9993199213200111 40
1750948916722 0.9983681298443169 41
1750948917364 0.9985038269040244 42
1750948918004 0.998367868663561 43
1750948918645 0.9987758583760199 44
1750948919286 0.999319904384837 45
1750948919925 0.999591932006865 46
1750948920566 0.9994559165023423 47
1750948921206 0.9993199213200111 48
1750948921846 0.9987758278927066 49
1750948922489 0.9975517461939497 50
1750948923132 0.997959742674284 51
1750948923773 0.9979593092307703 52
1750948924416 0.99891190432669 53
1750948925059 0.9995919426309022 54
1750948925704 0.9998639808769674 55
1750948926346 0.999319904384837 56
1750948926992 0.999183895538629 57
1750948927175 0.999183895538629 0
1750948888955 0.851617396755416 0
1750948927175 0.999183895538629 0
