1750948888890 0.8536452665941241 0
1750948889490 0.954570184983678 1
1750948890109 0.9693960826985855 2
1750948890728 0.9764689880304679 3
1750948891357 0.9791893362350381 4
1750948891987 0.9816376496191512 5
1750948892618 0.9832698585418934 6
1750948893250 0.9843579978237215 7
1750948893879 0.9869423286180631 8
1750948896324 0.9870783460282916 9
1750948897049 0.9888465723612623 10
1750948897676 0.9877584330794341 11
1750948898301 0.9902067464635473 12
1750948898927 0.9919749727965179 13
1750948899554 0.9937431991294886 14
1750948900182 0.9942872687704026 15
1750948900808 0.9923830250272034 16
1750948901436 0.9942872687704026 17
1750948902064 0.9961915125136017 18
1750948902692 0.9959194776931447 19
1750948903320 0.9940152339499456 20
1750948903950 0.9963275299238302 21
1750948904581 0.9955114254624592 22
1750948905213 0.9971436343852013 23
1750948905843 0.9974156692056583 24
1750948906474 0.9979597388465724 25
1750948907106 0.9978237214363439 26
1750948907737 0.9974156692056583 27
1750948908368 0.9964635473340587 28
1750948909003 0.9986398258977149 29
1750948909636 0.9983677910772579 30
1750948910270 0.9970076169749728 31
1750948910906 0.998911860718172 32
1750948911540 0.9986398258977149 33
1750948912175 0.9987758433079434 34
1750948912811 0.9961915125136017 35
1750948913447 0.9980957562568009 36
1750948914085 0.998911860718172 37
1750948914726 0.999183895538629 38
1750948915363 0.999455930359086 39
1750948916001 0.9993199129488575 40
1750948916641 0.9983677910772579 41
1750948917283 0.9985038084874864 42
1750948917923 0.9983677910772579 43
1750948918562 0.9987758433079434 44
1750948919204 0.9993199129488575 45
1750948919843 0.9995919477693145 46
1750948920483 0.999455930359086 47
1750948921124 0.9993199129488575 48
1750948921764 0.9987758433079434 49
1750948922406 0.9975516866158868 50
1750948923050 0.9979597388465724 51
1750948923691 0.9979597388465724 52
1750948924332 0.998911860718172 53
1750948924976 0.9995919477693145 54
1750948925620 0.9998639825897715 55
1750948926263 0.9993199129488575 56
1750948926909 0.999183895538629 57
1750948927175 0.999183895538629 0
1750948888890 0.8536452665941241 0
1750948927175 0.999183895538629 0
