1750948888933 0.8536452665941241 0
1750948889541 0.954570184983678 1
1750948890160 0.9693960826985855 2
1750948890780 0.9764689880304679 3
1750948891408 0.9791893362350381 4
1750948892038 0.9816376496191512 5
1750948892669 0.9832698585418934 6
1750948893302 0.9843579978237215 7
1750948893931 0.9869423286180631 8
1750948896378 0.9870783460282916 9
1750948897101 0.9888465723612623 10
1750948897728 0.9877584330794341 11
1750948898353 0.9902067464635473 12
1750948898979 0.9919749727965179 13
1750948899607 0.9937431991294886 14
1750948900234 0.9942872687704026 15
1750948900860 0.9923830250272034 16
1750948901488 0.9942872687704026 17
1750948902116 0.9961915125136017 18
1750948902745 0.9959194776931447 19
1750948903373 0.9940152339499456 20
1750948904003 0.9963275299238302 21
1750948904634 0.9955114254624592 22
1750948905266 0.9971436343852013 23
1750948905896 0.9974156692056583 24
1750948906527 0.9979597388465724 25
1750948907159 0.9978237214363439 26
1750948907791 0.9974156692056583 27
1750948908422 0.9964635473340587 28
1750948909057 0.9986398258977149 29
1750948909690 0.9983677910772579 30
1750948910324 0.9970076169749728 31
1750948910959 0.998911860718172 32
1750948911594 0.9986398258977149 33
1750948912229 0.9987758433079434 34
1750948912865 0.9961915125136017 35
1750948913501 0.9980957562568009 36
1750948914141 0.998911860718172 37
1750948914780 0.999183895538629 38
1750948915418 0.999455930359086 39
1750948916056 0.9993199129488575 40
1750948916695 0.9983677910772579 41
1750948917337 0.9985038084874864 42
1750948917977 0.9983677910772579 43
1750948918617 0.9987758433079434 44
1750948919259 0.9993199129488575 45
1750948919897 0.9995919477693145 46
1750948920538 0.999455930359086 47
1750948921178 0.9993199129488575 48
1750948921818 0.9987758433079434 49
1750948922461 0.9975516866158868 50
1750948923105 0.9979597388465724 51
1750948923746 0.9979597388465724 52
1750948924389 0.998911860718172 53
1750948925032 0.9995919477693145 54
1750948925676 0.9998639825897715 55
1750948926318 0.9993199129488575 56
1750948926965 0.999183895538629 57
1750948927175 0.999183895538629 0
1750948888933 0.8536452665941241 0
1750948927175 0.999183895538629 0
