1750948888870 0.64316116226381 0
1750948889464 0.18701133130359443 1
1750948890083 0.11322963555567413 2
1750948890703 0.08041358350799445 3
1750948891331 0.06797399514550354 4
1750948891960 0.05632942718158803 5
1750948892592 0.05002546863137897 6
1750948893224 0.04425173010616295 7
1750948893854 0.038252169527802554 8
1750948896297 0.03535577513062688 9
1750948897022 0.03363261869535969 10
1750948897650 0.03316022337832862 11
1750948898275 0.028844480623184045 12
1750948898901 0.024556496720740794 13
1750948899527 0.021221037846670707 14
1750948900156 0.018253705645703645 15
1750948900781 0.0214297037872651 16
1750948901409 0.016856263177844333 17
1750948902038 0.014630698730664428 18
1750948902665 0.01446825178021867 19
1750948903294 0.01662311338696941 20
1750948903923 0.01253668049687846 21
1750948904554 0.015474505310318756 22
1750948905186 0.010089527945676706 23
1750948905817 0.00958087803150899 24
1750948906447 0.008140868079667187 25
1750948907079 0.008008783432108809 26
1750948907711 0.008441588924351524 27
1750948908342 0.009703689548202159 28
1750948908976 0.006557034945302421 29
1750948909609 0.006605641010786904 30
1750948910243 0.01092299652071538 31
1750948910879 0.005925665989630147 32
1750948911513 0.006073296153230058 33
1750948912148 0.00567368578704903 34
1750948912784 0.010487444058969673 35
1750948913420 0.008256750647611997 36
1750948914058 0.007281541559081099 37
1750948914699 0.004899977517182005 38
1750948915336 0.003411981586795817 39
1750948915974 0.004024935087824486 40
1750948916614 0.0064467652138399615 41
1750948917256 0.005422739349517178 42
1750948917896 0.005582192543690357 43
1750948918535 0.004083282365544747 44
1750948919176 0.0029129550238195666 45
1750948919815 0.0022810362650734404 46
1750948920456 0.002216669977037084 47
1750948921096 0.003152819288338046 48
1750948921736 0.0038852027897713264 49
1750948922378 0.008224910786496379 50
1750948923022 0.006432274589251719 51
1750948923664 0.009146235319083987 52
1750948924305 0.004983766784419491 53
1750948924949 0.0028479275545987004 54
1750948925592 0.0018636345280727304 55
1750948926236 0.002932399273803787 56
1750948926881 0.004568220416752909 57
1750948927175 0.004568220416752909 0
1750948888870 0.64316116226381 0
1750948927175 0.004568220416752909 0
