1751011693623 0.6454664261867743 0
1751011694232 0.1858354905079057 1
1751011694862 0.11151641980218939 2
1751011695495 0.08295539551302061 3
1751011696141 0.06563400984483328 4
1751011696781 0.06004747360644779 5
1751011697435 0.0521473948751557 6
1751011698080 0.0475535852727161 7
1751011698723 0.044629531372358804 8
1751011699365 0.038283232980538505 9
1751011700010 0.036914070198663045 10
1751011700656 0.03664374090295378 11
1751011701301 0.032283642980897385 12
1751011701944 0.02866036435680401 13
1751011702591 0.028055771264137136 14
1751011703228 0.029857738079326845 15
1751011703868 0.0278258338429731 16
1751011704513 0.025294982473506825 17
1751011705153 0.024927463897294135 18
1751011705795 0.023550061855598943 19
1751011706434 0.022945938539925367 20
1751011707076 0.0217725214714608 21
1751011707716 0.023144575647130138 22
1751011708353 0.019534013349607474 23
1751011708997 0.021292427497722363 24
1751011709638 0.023854760633491717 25
1751011710281 0.02326809333777207 26
1751011710926 0.021223375948715522 27
1751011711575 0.019664616655645503 28
1751011712220 0.015362547583861826 29
1751011712869 0.014479074887353704 30
1751011713516 0.016466765812475546 31
1751011714162 0.01572345178858078 32
1751011714808 0.013720329554490056 33
1751011715455 0.014076721199085861 34
1751011716105 0.015196227934211493 35
1751011716756 0.01809413473134996 36
1751011717404 0.01857900661563296 37
1751011718049 0.0176962764565838 38
1751011718701 0.012540878260850713 39
1751011719346 0.014464449705464828 40
1751011719993 0.01230207447294993 41
1751011720640 0.012577848547463577 42
1751011721289 0.012098866099364025 43
1751011721939 0.013226559998262857 44
1751011722592 0.012336826050741207 45
1751011723247 0.019715881255841426 46
1751011723901 0.016128279172467782 47
1751011724551 0.013061255178088982 48
1751011725208 0.00877086093884379 49
1751011725868 0.012873233538941846 50
1751011726523 0.012290828679325981 51
1751011727181 0.012932848579516803 52
1751011727837 0.019037894214482185 53
1751011728491 0.018251259431194298 54
1751011729143 0.01187373006638338 55
1751011729799 0.01670265087951076 56
1751011730453 0.012583872928893167 57
1751011731108 0.009639442071264916 58
1751011731764 0.007928342757578352 59
1751011732420 0.010474351106031156 60
1751011733080 0.017871109481446924 61
1751011733748 0.012122554217350708 62
1751011734409 0.0120818287983407 63
1751011735069 0.014346868805567023 64
1751011735722 0.012976917682187197 65
1751011736372 0.01051745113690705 66
1751011737025 0.012507623673129879 67
1751011737680 0.011186894958674648 68
1751011737979 0.011186894958674648 0
1751011693623 0.6454664261867743 0
1751011737979 0.011186894958674648 0
