1751011693645 0.8482045701849836 0
1751011694259 0.955114254624592 1
1751011694889 0.9704842219804135 2
1751011695524 0.9779651795429815 3
1751011696168 0.9816376496191512 4
1751011696810 0.9810935799782372 5
1751011697462 0.9849020674646355 6
1751011698106 0.9849020674646355 7
1751011698750 0.9877584330794341 8
1751011699393 0.9891186071817193 9
1751011700038 0.9892546245919478 10
1751011700683 0.9878944504896626 11
1751011701328 0.9912948857453754 12
1751011701971 0.9918389553862894 13
1751011702618 0.9911588683351469 14
1751011703255 0.9912948857453754 15
1751011703897 0.9918389553862894 16
1751011704540 0.9933351468988031 17
1751011705180 0.9929270946681176 18
1751011705822 0.9936071817192601 19
1751011706461 0.9936071817192601 20
1751011707103 0.9941512513601741 21
1751011707743 0.9925190424374319 22
1751011708380 0.9941512513601741 23
1751011709025 0.9933351468988031 24
1751011709666 0.9941512513601741 25
1751011710309 0.9926550598476604 26
1751011710954 0.9941512513601741 27
1751011711603 0.9938792165397171 28
1751011712249 0.9964635473340587 29
1751011712896 0.9961915125136017 30
1751011713545 0.9951033732317737 31
1751011714189 0.9953754080522307 32
1751011714836 0.9959194776931447 33
1751011715483 0.9961915125136017 34
1751011716133 0.9956474428726877 35
1751011716785 0.9952393906420022 36
1751011717432 0.9949673558215452 37
1751011718078 0.9952393906420022 38
1751011718730 0.9972796517954298 39
1751011719374 0.9953754080522307 40
1751011720022 0.9971436343852013 41
1751011720668 0.9970076169749728 42
1751011721318 0.9972796517954298 43
1751011721967 0.9968715995647442 44
1751011722621 0.9976877040261154 45
1751011723275 0.9942872687704026 46
1751011723929 0.9955114254624592 47
1751011724579 0.9960554951033732 48
1751011725237 0.9987758433079434 49
1751011725896 0.9964635473340587 50
1751011726552 0.9971436343852013 51
1751011727209 0.9965995647442872 52
1751011727866 0.9956474428726877 53
1751011728520 0.9960554951033732 54
1751011729173 0.9978237214363439 55
1751011729828 0.9946953210010882 56
1751011730483 0.9968715995647442 57
1751011731137 0.9979597388465724 58
1751011731793 0.998911860718172 59
1751011732449 0.9968715995647442 60
1751011733109 0.9942872687704026 61
1751011733778 0.9980957562568009 62
1751011734438 0.9963275299238302 63
1751011735099 0.9956474428726877 64
1751011735752 0.9982317736670294 65
1751011736401 0.9980957562568009 66
1751011737054 0.9964635473340587 67
1751011737708 0.9970076169749728 68
1751011737979 0.9970076169749728 0
1751011693645 0.8482045701849836 0
1751011737979 0.9970076169749728 0
