1751011693714 0.8457739794415701 0
1751011694339 0.9550259221303996 1
1751011694970 0.9704583348268169 2
1751011695606 0.9779515703260447 3
1751011696250 0.9816351107220116 4
1751011696893 0.9810874413956906 5
1751011697541 0.9849025236385758 6
1751011698187 0.9849027826012402 7
1751011698831 0.9877584330794341 8
1751011699476 0.9891165519245734 9
1751011700119 0.9892561064558897 10
1751011700765 0.9878956680039666 11
1751011701409 0.9912948857453754 12
1751011702053 0.9918398558177756 13
1751011702698 0.9911574479631543 14
1751011703338 0.9912946640374779 15
1751011703978 0.9918391539798321 16
1751011704622 0.9933347083565389 17
1751011705262 0.9929285556882482 18
1751011705904 0.9936068598438671 19
1751011706543 0.9936076132171319 20
1751011707185 0.9941501455900749 21
1751011707823 0.9925185641148159 22
1751011708463 0.9941515947368782 23
1751011709106 0.9933357299564473 24
1751011709749 0.9941511125944634 25
1751011710392 0.992654284358935 26
1751011711037 0.9941517030475935 27
1751011711686 0.9938791394635329 28
1751011712332 0.9964635473340587 29
1751011712980 0.9961916935483093 30
1751011713629 0.9951033732317737 31
1751011714274 0.9953749393144868 32
1751011714920 0.9959196716589027 33
1751011715568 0.9961916051905884 34
1751011716221 0.9956463762848065 35
1751011716871 0.9952392764328065 36
1751011717516 0.9949665744066972 37
1751011718163 0.9952395844910575 38
1751011718813 0.9972796517954298 39
1751011719459 0.9953754080522307 40
1751011720106 0.9971431030475914 41
1751011720753 0.997007540762883 42
1751011721404 0.997279817059126 43
1751011722054 0.9968723080330196 44
1751011722706 0.9976877067901188 45
1751011723361 0.9942876724034657 46
1751011724014 0.9955113078285467 47
1751011724665 0.9960547596646125 48
1751011725323 0.998775887470846 49
1751011725982 0.9964633631838483 50
1751011726637 0.9971437374319739 51
1751011727297 0.9965998374895345 52
1751011727952 0.9956459210340559 53
1751011728605 0.9960553875166916 54
1751011729258 0.9978236081131375 55
1751011729914 0.9946948218043012 56
1751011730569 0.9968715601702502 57
1751011731226 0.9979600103386906 58
1751011731882 0.998911860718172 59
1751011732536 0.996871638072051 60
1751011733196 0.9942871232745949 61
1751011733865 0.9980958132676964 62
1751011734525 0.9963273793910051 63
1751011735183 0.9956465878067665 64
1751011735838 0.9982311099636383 65
1751011736487 0.998095154622591 66
1751011737140 0.9964635863613118 67
1751011737795 0.9970075086423907 68
1751011737979 0.9970075086423907 0
1751011693714 0.8457739794415701 0
1751011737979 0.9970075086423907 0
