1751011693666 0.8509039874588441 0
1751011694285 0.955087796543224 1
1751011694915 0.9704851994769959 2
1751011695551 0.9779433141412257 3
1751011696194 0.9816424301140791 4
1751011696838 0.9810823612820246 5
1751011697488 0.984904258153531 6
1751011698133 0.9849051864471159 7
1751011698776 0.9877584330794341 8
1751011699420 0.9891146168357825 9
1751011700065 0.989274366800014 10
1751011700711 0.9879048972084881 11
1751011701355 0.9912948857453754 12
1751011701998 0.9918507586059463 13
1751011702644 0.9911563360473292 14
1751011703282 0.9912948420173991 15
1751011703924 0.9918397528010724 16
1751011704568 0.9933367827275698 17
1751011705208 0.9929303206151867 18
1751011705850 0.9936082667870355 19
1751011706488 0.9936117843759161 20
1751011707131 0.994149155153189 21
1751011707770 0.992520713661505 22
1751011708408 0.9941544555879458 23
1751011709051 0.9933376057535759 24
1751011709693 0.9941510924217066 25
1751011710337 0.9926600600076582 26
1751011710982 0.9941608258080383 27
1751011711631 0.9938791630372904 28
1751011712277 0.9964635473340587 29
1751011712925 0.9961934950906897 30
1751011713574 0.9951033732317737 31
1751011714218 0.9953765932554522 32
1751011714864 0.9959214848985194 33
1751011715511 0.9961921030315762 34
1751011716160 0.9956466356796844 35
1751011716813 0.9952401973957238 36
1751011717460 0.9949668861712126 37
1751011718106 0.995241003081225 38
1751011718758 0.9972796517954298 39
1751011719403 0.9953754080522307 40
1751011720050 0.9971426724872288 41
1751011720697 0.9970078707204133 42
1751011721346 0.9972803888653103 43
1751011721998 0.9968737321481145 44
1751011722649 0.9976878418350417 45
1751011723303 0.9942892232506437 46
1751011723957 0.9955117192345306 47
1751011724608 0.9960541398472609 48
1751011725266 0.9987768498044067 49
1751011725924 0.996464801413417 50
1751011726580 0.9971447544848443 51
1751011727238 0.9966050780661786 52
1751011727894 0.9956458408499795 53
1751011728548 0.9960557542399167 54
1751011729201 0.9978251233443101 55
1751011729857 0.9946992673794884 56
1751011730512 0.9968716222744074 57
1751011731167 0.9979605794934928 58
1751011731822 0.998911860718172 59
1751011732478 0.99687177806801 60
1751011733138 0.994287380861835 61
1751011733807 0.9980969114746259 62
1751011734468 0.9963277534755923 63
1751011735127 0.9956464477358641 64
1751011735781 0.9982311631094659 65
1751011736430 0.998095246397637 66
1751011737082 0.9964638591027428 67
1751011737737 0.9970076263062732 68
1751011737979 0.9970076263062732 0
1751011693666 0.8509039874588441 0
1751011737979 0.9970076263062732 0
