1751011693691 0.8482045701849836 0
1751011694312 0.955114254624592 1
1751011694943 0.9704842219804135 2
1751011695579 0.9779651795429815 3
1751011696222 0.9816376496191512 4
1751011696866 0.9810935799782372 5
1751011697515 0.9849020674646355 6
1751011698160 0.9849020674646355 7
1751011698804 0.9877584330794341 8
1751011699448 0.9891186071817193 9
1751011700092 0.9892546245919478 10
1751011700738 0.9878944504896626 11
1751011701382 0.9912948857453754 12
1751011702026 0.9918389553862894 13
1751011702672 0.9911588683351469 14
1751011703311 0.9912948857453754 15
1751011703951 0.9918389553862894 16
1751011704595 0.9933351468988031 17
1751011705235 0.9929270946681176 18
1751011705877 0.9936071817192601 19
1751011706516 0.9936071817192601 20
1751011707158 0.9941512513601741 21
1751011707796 0.9925190424374319 22
1751011708435 0.9941512513601741 23
1751011709078 0.9933351468988031 24
1751011709721 0.9941512513601741 25
1751011710364 0.9926550598476604 26
1751011711010 0.9941512513601741 27
1751011711659 0.9938792165397171 28
1751011712305 0.9964635473340587 29
1751011712953 0.9961915125136017 30
1751011713601 0.9951033732317737 31
1751011714246 0.9953754080522307 32
1751011714892 0.9959194776931447 33
1751011715539 0.9961915125136017 34
1751011716193 0.9956474428726877 35
1751011716841 0.9952393906420022 36
1751011717489 0.9949673558215452 37
1751011718135 0.9952393906420022 38
1751011718786 0.9972796517954298 39
1751011719431 0.9953754080522307 40
1751011720078 0.9971436343852013 41
1751011720724 0.9970076169749728 42
1751011721374 0.9972796517954298 43
1751011722026 0.9968715995647442 44
1751011722677 0.9976877040261154 45
1751011723332 0.9942872687704026 46
1751011723985 0.9955114254624592 47
1751011724636 0.9960554951033732 48
1751011725295 0.9987758433079434 49
1751011725953 0.9964635473340587 50
1751011726609 0.9971436343852013 51
1751011727267 0.9965995647442872 52
1751011727923 0.9956474428726877 53
1751011728577 0.9960554951033732 54
1751011729230 0.9978237214363439 55
1751011729885 0.9946953210010882 56
1751011730541 0.9968715995647442 57
1751011731197 0.9979597388465724 58
1751011731852 0.998911860718172 59
1751011732507 0.9968715995647442 60
1751011733167 0.9942872687704026 61
1751011733836 0.9980957562568009 62
1751011734497 0.9963275299238302 63
1751011735155 0.9956474428726877 64
1751011735809 0.9982317736670294 65
1751011736458 0.9980957562568009 66
1751011737111 0.9964635473340587 67
1751011737766 0.9970076169749728 68
1751011737979 0.9970076169749728 0
1751011693691 0.8482045701849836 0
1751011737979 0.9970076169749728 0
