1751012992084 0.5977786520295356 0
1751012992681 0.16749936561946382 1
1751012993303 0.0997071353590949 2
1751012993922 0.07512829784137705 3
1751012994547 0.0588128390935806 4
1751012995179 0.04931233458978988 5
1751012995809 0.04401764156290769 6
1751012996441 0.03954844031649134 7
1751012997069 0.03252074325870686 8
1751012997692 0.03339052627266459 9
1751012998317 0.03015005422712499 10
1751012998949 0.022989695907952478 11
1751012999575 0.0210161894251784 12
1751013000203 0.020130707471914207 13
1751013000831 0.020435592147467964 14
1751013001459 0.016166982557665115 15
1751013002092 0.015984129270850817 16
1751013002725 0.013790349269050687 17
1751013003357 0.017161145619592012 18
1751013003991 0.012882056689245568 19
1751013004621 0.011302166302476617 20
1751013005253 0.014233111645833825 21
1751013005889 0.01430641228188198 22
1751013006520 0.015445662297053067 23
1751013007154 0.011068264650276197 24
1751013007786 0.01203807525783149 25
1751013008418 0.009743238072026565 26
1751013009050 0.008526108664766023 27
1751013009691 0.00567577420464049 28
1751013010332 0.005115437704845057 29
1751013010972 0.005600909977968654 30
1751013011615 0.005797381840658428 31
1751013012259 0.00886935757044186 32
1751013012906 0.005543215851610075 33
1751013013552 0.01080015314055325 34
1751013014192 0.00792769910537124 35
1751013014840 0.005769366229784505 36
1751013015483 0.0033811826380475154 37
1751013016135 0.0038427974328487883 38
1751013016786 0.002427669262878472 39
1751013017436 0.004738254509333565 40
1751013018087 0.004720758058981245 41
1751013018733 0.001965900475704121 42
1751013019396 0.0031528571520968627 43
1751013020043 0.00293159366779002 44
1751013020696 0.004402568614742718 45
1751013021350 0.0064017783074667095 46
1751013021999 0.01067596792287251 47
1751013022659 0.007183427522384579 48
1751013023313 0.007171130327835185 49
1751013023969 0.009013593752026837 50
1751013024622 0.003561149200696779 51
1751013025277 0.0014367729306085592 52
1751013025928 0.0020212718277766296 53
1751013026576 0.0029080128929719266 54
1751013027231 0.0027264761365893104 55
1751013027892 0.005319113427455414 56
1751013028542 0.007692123975944454 57
1751013029193 0.0035477016373139463 58
1751013029852 0.0007853335763435895 59
1751013030507 0.0007660458953873474 60
1751013031163 0.0007285451579684795 61
1751013031828 0.0010919772765833036 62
1751013032487 0.002070866144828243 63
1751013032797 0.002070866144828243 0
1751012992084 0.5977786520295356 0
1751013032797 0.002070866144828243 0
