1751012992147 0.8536452665941241 0
1751012992759 0.9576985854189336 1
1751012993381 0.9719804134929271 2
1751012994000 0.9783732317736671 3
1751012994627 0.9820457018498367 4
1751012995256 0.9849020674646355 5
1751012995888 0.9859902067464635 6
1751012996520 0.9863982589771491 7
1751012997147 0.9904787812840044 8
1751012997770 0.9877584330794341 9
1751012998396 0.9891186071817193 10
1751012999028 0.9926550598476604 11
1751012999654 0.9930631120783461 12
1751013000283 0.9933351468988031 13
1751013000910 0.9925190424374319 14
1751013001539 0.9957834602829162 15
1751013002172 0.9951033732317737 16
1751013002805 0.9952393906420022 17
1751013003439 0.9944232861806311 18
1751013004071 0.9964635473340587 19
1751013004701 0.9972796517954298 20
1751013005333 0.9959194776931447 21
1751013005970 0.9960554951033732 22
1751013006601 0.9960554951033732 23
1751013007234 0.9975516866158868 24
1751013007867 0.9963275299238302 25
1751013008500 0.9972796517954298 26
1751013009132 0.9974156692056583 27
1751013009776 0.9985038084874864 28
1751013010414 0.9990478781284005 29
1751013011054 0.9979597388465724 30
1751013011699 0.9983677910772579 31
1751013012344 0.9968715995647442 32
1751013012989 0.9990478781284005 33
1751013013633 0.9957834602829162 34
1751013014276 0.9982317736670294 35
1751013014924 0.9986398258977149 36
1751013015571 0.9993199129488575 37
1751013016219 0.999455930359086 38
1751013016872 0.9995919477693145 39
1751013017524 0.9980957562568009 40
1751013018172 0.9986398258977149 41
1751013018823 0.9998639825897715 42
1751013019481 0.999183895538629 43
1751013020130 0.999727965179543 44
1751013020783 0.9987758433079434 45
1751013021435 0.9983677910772579 46
1751013022086 0.9970076169749728 47
1751013022746 0.9980957562568009 48
1751013023399 0.9975516866158868 49
1751013024056 0.9972796517954298 50
1751013024709 0.9990478781284005 51
1751013025362 1.0 52
1751013026013 0.9998639825897715 53
1751013026664 0.9993199129488575 54
1751013027322 0.9993199129488575 55
1751013027979 0.9982317736670294 56
1751013028628 0.9974156692056583 57
1751013029280 0.998911860718172 58
1751013029939 1.0 59
1751013030595 1.0 60
1751013031252 0.9998639825897715 61
1751013031916 0.999727965179543 62
1751013032576 0.9993199129488575 63
1751013032797 0.9993199129488575 0
1751012992147 0.8536452665941241 0
1751013032797 0.9993199129488575 0
