1751012992170 0.8534414641871458 0
1751012992786 0.957647508910419 1
1751012993407 0.9719651215304378 2
1751012994026 0.9783710257553845 3
1751012994654 0.9820462860791447 4
1751012995282 0.9849035859375315 5
1751012995914 0.9859911751374938 6
1751012996547 0.9863997596962928 7
1751012997173 0.9904790129764709 8
1751012997795 0.9877584330794341 9
1751012998423 0.9891188719731097 10
1751012999054 0.992654677381839 11
1751012999681 0.9930633623347939 12
1751013000310 0.9933352289361087 13
1751013000937 0.992519794833912 14
1751013001566 0.9957828178365734 15
1751013002199 0.9951031182545593 16
1751013002831 0.9952394492400777 17
1751013003465 0.9944234873671872 18
1751013004098 0.9964635473340587 19
1751013004727 0.9972795825117118 20
1751013005360 0.9959196716589027 21
1751013005996 0.9960552400572185 22
1751013006627 0.9960558424284562 23
1751013007261 0.9975515905153758 24
1751013007894 0.9963274836781197 25
1751013008526 0.9972796517954298 26
1751013009159 0.9974156366623805 27
1751013009804 0.9985038269040244 28
1751013010442 0.9990478898480155 29
1751013011081 0.9979597639600333 30
1751013011727 0.9983677910772579 31
1751013012372 0.9968717124254953 32
1751013013017 0.9990478898480155 33
1751013013661 0.9957831828378103 34
1751013014303 0.9982317514005762 35
1751013014952 0.9986398589966387 36
1751013015599 0.9993199213200111 37
1751013016247 0.9994559165023423 38
1751013016900 0.9995919527920066 39
1751013017552 0.9980957562568009 40
1751013018199 0.9986398258977149 41
1751013018851 0.9998639808769674 42
1751013019509 0.9991839153979831 43
1751013020158 0.999727965179543 44
1751013020812 0.9987758583760199 45
1751013021463 0.9983675424421697 46
1751013022114 0.9970076579903003 47
1751013022775 0.9980952869223321 48
1751013023428 0.997552192733425 49
1751013024085 0.9972796517954298 50
1751013024738 0.9990478661387717 51
1751013025391 1.0 52
1751013026042 0.9998639808769674 53
1751013026692 0.999319904384837 54
1751013027357 0.999319904384837 55
1751013028007 0.9982318374578886 56
1751013028657 0.9974156366623805 57
1751013029310 0.998911887197311 58
1751013029968 1.0 59
1751013030624 1.0 60
1751013031282 0.9998639853537749 61
1751013031946 0.999727965179543 62
1751013032606 0.9993199213200111 63
1751013032797 0.9993199213200111 0
1751012992170 0.8534414641871458 0
1751013032797 0.9993199213200111 0
