1751012992125 0.8551895204020413 0
1751012992733 0.9576413104382517 1
1751012993355 0.9719541536253743 2
1751012993974 0.9783724891876088 3
1751012994600 0.9820478711524021 4
1751012995230 0.9849130474266492 5
1751012995862 0.9859958189403217 6
1751012996494 0.9864111086360976 7
1751012997121 0.99047964335404 8
1751012997744 0.9877584330794341 9
1751012998370 0.9891195339070076 10
1751012999002 0.9926559000069162 11
1751012999628 0.9930645161859382 12
1751013000257 0.9933354114592706 13
1751013000884 0.9925286650531482 14
1751013001512 0.9957824719908106 15
1751013002145 0.9951044794825239 16
1751013002778 0.9952396088639766 17
1751013003412 0.9944245956189068 18
1751013004044 0.9964635473340587 19
1751013004674 0.9972799197062711 20
1751013005307 0.9959214848985194 21
1751013005943 0.9960558861311926 22
1751013006574 0.9960612971953985 23
1751013007208 0.9975525344940882 24
1751013007840 0.9963275387767497 25
1751013008472 0.9972796517954298 26
1751013009104 0.9974157057720651 27
1751013009745 0.9985039472720437 28
1751013010387 0.9990480036733882 29
1751013011026 0.9979598908706993 30
1751013011671 0.9983677910772579 31
1751013012316 0.9968727385982505 32
1751013012962 0.9990480036733882 33
1751013013606 0.9957854356741616 34
1751013014249 0.9982318310185515 35
1751013014896 0.9986403000362345 36
1751013015541 0.9993200318740603 37
1751013016191 0.9994563115931335 38
1751013016844 0.9995920600747327 39
1751013017495 0.9980957562568009 40
1751013018144 0.9986398258977149 41
1751013018793 0.9998640815115244 42
1751013019453 0.9991843438150475 43
1751013020101 0.999727965179543 44
1751013020754 0.9987759754727158 45
1751013021407 0.9983711601706937 46
1751013022057 0.9970082247320016 47
1751013022718 0.9980956562883979 48
1751013023370 0.9975530061606848 49
1751013024027 0.9972796517954298 50
1751013024680 0.999047956265038 51
1751013025334 1.0 52
1751013025985 0.9998640815115244 53
1751013026635 0.9993199980138667 54
1751013027293 0.9993199980138667 55
1751013027950 0.9982328180312193 56
1751013028600 0.9974157057720651 57
1751013029251 0.9989123219256411 58
1751013029909 1.0 59
1751013030566 1.0 60
1751013031222 0.9998641203986978 61
1751013031886 0.999727965179543 62
1751013032546 0.9993200318740603 63
1751013032797 0.9993200318740603 0
1751012992125 0.8551895204020413 0
1751013032797 0.9993200318740603 0
