1751012992104 0.8536452665941241 0
1751012992708 0.9576985854189336 1
1751012993329 0.9719804134929271 2
1751012993948 0.9783732317736671 3
1751012994574 0.9820457018498367 4
1751012995205 0.9849020674646355 5
1751012995836 0.9859902067464635 6
1751012996468 0.9863982589771491 7
1751012997095 0.9904787812840044 8
1751012997718 0.9877584330794341 9
1751012998343 0.9891186071817193 10
1751012998976 0.9926550598476604 11
1751012999601 0.9930631120783461 12
1751013000230 0.9933351468988031 13
1751013000858 0.9925190424374319 14
1751013001486 0.9957834602829162 15
1751013002119 0.9951033732317737 16
1751013002752 0.9952393906420022 17
1751013003384 0.9944232861806311 18
1751013004018 0.9964635473340587 19
1751013004648 0.9972796517954298 20
1751013005280 0.9959194776931447 21
1751013005916 0.9960554951033732 22
1751013006547 0.9960554951033732 23
1751013007181 0.9975516866158868 24
1751013007813 0.9963275299238302 25
1751013008445 0.9972796517954298 26
1751013009077 0.9974156692056583 27
1751013009718 0.9985038084874864 28
1751013010359 0.9990478781284005 29
1751013010999 0.9979597388465724 30
1751013011643 0.9983677910772579 31
1751013012288 0.9968715995647442 32
1751013012934 0.9990478781284005 33
1751013013579 0.9957834602829162 34
1751013014221 0.9982317736670294 35
1751013014868 0.9986398258977149 36
1751013015512 0.9993199129488575 37
1751013016163 0.999455930359086 38
1751013016815 0.9995919477693145 39
1751013017465 0.9980957562568009 40
1751013018116 0.9986398258977149 41
1751013018762 0.9998639825897715 42
1751013019424 0.999183895538629 43
1751013020072 0.999727965179543 44
1751013020725 0.9987758433079434 45
1751013021379 0.9983677910772579 46
1751013022028 0.9970076169749728 47
1751013022688 0.9980957562568009 48
1751013023342 0.9975516866158868 49
1751013023998 0.9972796517954298 50
1751013024651 0.9990478781284005 51
1751013025306 1.0 52
1751013025957 0.9998639825897715 53
1751013026606 0.9993199129488575 54
1751013027261 0.9993199129488575 55
1751013027921 0.9982317736670294 56
1751013028571 0.9974156692056583 57
1751013029222 0.998911860718172 58
1751013029880 1.0 59
1751013030537 1.0 60
1751013031192 0.9998639825897715 61
1751013031858 0.999727965179543 62
1751013032517 0.9993199129488575 63
1751013032797 0.9993199129488575 0
1751012992104 0.8536452665941241 0
1751013032797 0.9993199129488575 0
