1750949634285 0.5833287483103516 0
1750949634880 0.16122039299665 1
1750949635502 0.10065202377696032 2
1750949636124 0.08010764904847213 3
1750949636748 0.06534659090706262 4
1750949637378 0.05970669423875534 5
1750949638010 0.05821435233746312 6
1750949638644 0.052473705488949265 7
1750949639278 0.04934704156391834 8
1750949639911 0.044040494260983186 9
1750949640544 0.04286272870022013 10
1750949641175 0.041481699505709395 11
1750949641805 0.039909569376327655 12
1750949642436 0.03745684353381363 13
1750949643068 0.030197582706217214 14
1750949643699 0.03470932562091673 15
1750949644336 0.029365704122270023 16
1750949644968 0.038814669252009465 17
1750949645602 0.03916576065901379 18
1750949646235 0.03685118579351312 19
1750949646867 0.03045503475720527 20
1750949647501 0.02995094048392364 21
1750949648135 0.025670264836429122 22
1750949648769 0.0278262294204632 23
1750949649411 0.025821856475258864 24
1750949650046 0.025578933906811367 25
1750949650683 0.028091184950461034 26
1750949651320 0.028005258340319625 27
1750949651957 0.024743421108110265 28
1750949652595 0.025976491069484003 29
1750949653232 0.02363037773366446 30
1750949653870 0.025509378361040412 31
1750949654513 0.020106610655581926 32
1750949655150 0.026192410429483594 33
1750949655791 0.020425804745774795 34
1750949656429 0.016925546783503952 35
1750949657068 0.024101403957867227 36
1750949657709 0.022380209872468707 37
1750949658350 0.024084035732800605 38
1750949658992 0.027622081863798276 39
1750949659632 0.023307992494031708 40
1750949660272 0.025405184892274772 41
1750949660915 0.024331554486715236 42
1750949661563 0.021013114033864813 43
1750949662204 0.017812295638478814 44
1750949662847 0.021447497538581765 45
1750949663489 0.01679968538261358 46
1750949664132 0.017101994856494815 47
1750949664775 0.020469460183383657 48
1750949665419 0.031897274552823186 49
1750949666063 0.023977479639020267 50
1750949666708 0.024653368696400144 51
1750949667354 0.015232656110013239 52
1750949667998 0.013984215221853198 53
1750949668646 0.014443781681893895 54
1750949669290 0.018713388009294788 55
1750949669936 0.024111034994148392 56
1750949670229 0.024111034994148392 0
1750949634285 0.5833287483103516 0
1750949670229 0.024111034994148392 0
