1750949634305 0.8728237214363439 0
1750949634906 0.9597388465723613 1
1750949635528 0.9721164309031556 2
1750949636150 0.9759249183895539 3
1750949636776 0.9816376496191512 4
1750949637405 0.9820457018498367 5
1750949638036 0.9824537540805223 6
1750949638670 0.9829978237214363 7
1750949639305 0.9836779107725789 8
1750949639937 0.985854189336235 9
1750949640571 0.9873503808487486 10
1750949641201 0.9865342763873776 11
1750949641831 0.9876224156692056 12
1750949642463 0.9874863982589771 13
1750949643094 0.9903427638737758 14
1750949643725 0.9897986942328618 15
1750949644363 0.9900707290533188 16
1750949644995 0.9868063112078346 17
1750949645629 0.9873503808487486 18
1750949646262 0.9892546245919478 19
1750949646894 0.9900707290533188 20
1750949647528 0.9904787812840044 21
1750949648161 0.9912948857453754 22
1750949648796 0.9911588683351469 23
1750949649438 0.9923830250272034 24
1750949650073 0.9926550598476604 25
1750949650710 0.9910228509249184 26
1750949651347 0.9919749727965179 27
1750949651984 0.9931991294885746 28
1750949652622 0.9929270946681176 29
1750949653259 0.9936071817192601 30
1750949653900 0.9930631120783461 31
1750949654540 0.9945593035908596 32
1750949655177 0.9921109902067464 33
1750949655818 0.9944232861806311 34
1750949656456 0.9956474428726877 35
1750949657096 0.9914309031556039 36
1750949657736 0.9930631120783461 37
1750949658377 0.9936071817192601 38
1750949659019 0.9929270946681176 39
1750949659659 0.9942872687704026 40
1750949660300 0.9919749727965179 41
1750949660943 0.9933351468988031 42
1750949661590 0.9938792165397171 43
1750949662232 0.9952393906420022 44
1750949662875 0.9945593035908596 45
1750949663517 0.9956474428726877 46
1750949664160 0.9951033732317737 47
1750949664803 0.9948313384113167 48
1750949665447 0.9912948857453754 49
1750949666091 0.9940152339499456 50
1750949666736 0.9922470076169749 51
1750949667382 0.9971436343852013 52
1750949668026 0.9965995647442872 53
1750949668674 0.9970076169749728 54
1750949669318 0.9945593035908596 55
1750949669964 0.9929270946681176 56
1750949670229 0.9929270946681176 0
1750949634305 0.8728237214363439 0
1750949670229 0.9929270946681176 0
