1750949634347 0.8728237214363439 0
1750949634958 0.9597388465723613 1
1750949635580 0.9721164309031556 2
1750949636202 0.9759249183895539 3
1750949636829 0.9816376496191512 4
1750949637456 0.9820457018498367 5
1750949638088 0.9824537540805223 6
1750949638722 0.9829978237214363 7
1750949639356 0.9836779107725789 8
1750949639989 0.985854189336235 9
1750949640622 0.9873503808487486 10
1750949641254 0.9865342763873776 11
1750949641885 0.9876224156692056 12
1750949642515 0.9874863982589771 13
1750949643147 0.9903427638737758 14
1750949643778 0.9897986942328618 15
1750949644415 0.9900707290533188 16
1750949645048 0.9868063112078346 17
1750949645682 0.9873503808487486 18
1750949646314 0.9892546245919478 19
1750949646947 0.9900707290533188 20
1750949647581 0.9904787812840044 21
1750949648215 0.9912948857453754 22
1750949648849 0.9911588683351469 23
1750949649491 0.9923830250272034 24
1750949650127 0.9926550598476604 25
1750949650763 0.9910228509249184 26
1750949651401 0.9919749727965179 27
1750949652039 0.9931991294885746 28
1750949652676 0.9929270946681176 29
1750949653313 0.9936071817192601 30
1750949653955 0.9930631120783461 31
1750949654593 0.9945593035908596 32
1750949655231 0.9921109902067464 33
1750949655872 0.9944232861806311 34
1750949656510 0.9956474428726877 35
1750949657150 0.9914309031556039 36
1750949657791 0.9930631120783461 37
1750949658431 0.9936071817192601 38
1750949659074 0.9929270946681176 39
1750949659713 0.9942872687704026 40
1750949660354 0.9919749727965179 41
1750949660999 0.9933351468988031 42
1750949661645 0.9938792165397171 43
1750949662287 0.9952393906420022 44
1750949662930 0.9945593035908596 45
1750949663572 0.9956474428726877 46
1750949664214 0.9951033732317737 47
1750949664858 0.9948313384113167 48
1750949665501 0.9912948857453754 49
1750949666146 0.9940152339499456 50
1750949666793 0.9922470076169749 51
1750949667436 0.9971436343852013 52
1750949668082 0.9965995647442872 53
1750949668729 0.9970076169749728 54
1750949669373 0.9945593035908596 55
1750949670020 0.9929270946681176 56
1750949670229 0.9929270946681176 0
1750949634347 0.8728237214363439 0
1750949670229 0.9929270946681176 0
