1750949634369 0.8705526190294961 0
1750949634984 0.9596498819222762 1
1750949635606 0.9720937259963547 2
1750949636227 0.9759172822433612 3
1750949636855 0.9816326652339735 4
1750949637482 0.9820439045429809 5
1750949638114 0.9824520915915034 6
1750949638748 0.9829989226446849 7
1750949639382 0.9836738316275736 8
1750949640015 0.9858545335650425 9
1750949640649 0.9873505778470196 10
1750949641280 0.9865341186817398 11
1750949641911 0.9876219547722336 12
1750949642542 0.9874871784323594 13
1750949643173 0.990342128434985 14
1750949643804 0.9897996054794737 15
1750949644441 0.9900688297160654 16
1750949645075 0.9868109377398215 17
1750949645708 0.9873489022705042 18
1750949646340 0.989254673261397 19
1750949646974 0.9900707290533188 20
1750949647607 0.9904781145230466 21
1750949648242 0.9912936092784616 22
1750949648879 0.9911582912106663 23
1750949649518 0.9923835551753751 24
1750949650154 0.9926544754729576 25
1750949650790 0.9910222472592273 26
1750949651428 0.9919754847421213 27
1750949652066 0.9931990639313087 28
1750949652703 0.9929244391681499 29
1750949653340 0.9936056644587047 30
1750949653983 0.993063279263205 31
1750949654621 0.9945593763854382 32
1750949655258 0.9921094676027999 33
1750949655899 0.9944220401335221 34
1750949656538 0.9956472162262748 35
1750949657177 0.991430572144164 36
1750949657817 0.9930631441889253 37
1750949658458 0.9936071493536455 38
1750949659100 0.9929264446491955 39
1750949659741 0.9942871256125108 40
1750949660382 0.9919739661455306 41
1750949661029 0.9933351147446966 42
1750949661672 0.9938794373542299 43
1750949662315 0.9952381468584254 44
1750949662957 0.9945592317315629 45
1750949663599 0.9956473320187389 46
1750949664242 0.9951033732317737 47
1750949664885 0.9948314304968464 48
1750949665529 0.9912965339599644 49
1750949666173 0.9940130972774828 50
1750949666821 0.9922459172582777 51
1750949667463 0.9971435240480547 52
1750949668110 0.996599521924185 53
1750949668756 0.997007540762883 54
1750949669401 0.994559682268125 55
1750949670048 0.9929265286679726 56
1750949670229 0.9929265286679726 0
1750949634369 0.8705526190294961 0
1750949670229 0.9929265286679726 0
