1750949634325 0.8752207144829334 0
1750949634932 0.959724330920589 1
1750949635554 0.9720823996789026 2
1750949636176 0.9759125480958125 3
1750949636802 0.9816316382206997 4
1750949637430 0.9820464023441038 5
1750949638062 0.9824542641400877 6
1750949638696 0.9830025871730586 7
1750949639331 0.9836719411047885 8
1750949639963 0.9858552712341297 9
1750949640596 0.9873512274781497 10
1750949641228 0.9865522423162841 11
1750949641858 0.9876225089009645 12
1750949642489 0.9874895414440809 13
1750949643121 0.990343984681735 14
1750949643751 0.9898068841922676 15
1750949644389 0.9900670450944633 16
1750949645022 0.9868164358012155 17
1750949645655 0.9873488525218557 18
1750949646288 0.9892548462992179 19
1750949646921 0.9900707290533188 20
1750949647554 0.9904833716802978 21
1750949648188 0.9912930232520503 22
1750949648822 0.9911607953306908 23
1750949649465 0.99238769229128 24
1750949650100 0.9926584786751748 25
1750949650736 0.9910312170334525 26
1750949651373 0.9919830504368585 27
1750949652011 0.9931994928536377 28
1750949652649 0.9929221841788443 29
1750949653286 0.9936080308329366 30
1750949653928 0.9930639732817824 31
1750949654567 0.9945596616980369 32
1750949655204 0.9921082492040998 33
1750949655845 0.9944215216581314 34
1750949656483 0.995648608254881 35
1750949657123 0.991431140823507 36
1750949657764 0.993064319365669 37
1750949658403 0.9936073364811302 38
1750949659046 0.9929266007587851 39
1750949659686 0.9942877404020317 40
1750949660327 0.9919755927081678 41
1750949660970 0.9933391112447335 42
1750949661617 0.9938805638457193 43
1750949662260 0.9952390554249326 44
1750949662903 0.9945593930044455 45
1750949663545 0.9956476257911241 46
1750949664187 0.9951033732317737 47
1750949664830 0.9948318761095843 48
1750949665474 0.9913039418376263 49
1750949666118 0.9940154182000496 50
1750949666765 0.9922456586706788 51
1750949667409 0.997144327987449 52
1750949668054 0.9965995805255785 53
1750949668702 0.9970078707204133 54
1750949669345 0.9945636901172473 55
1750949669992 0.9929275695675208 56
1750949670229 0.9929275695675208 0
1750949634325 0.8752207144829334 0
1750949670229 0.9929275695675208 0
