1751013039020 0.8446999912104546 0
1751013039641 0.9574878212295111 1
1751013040267 0.9714309189842832 2
1751013040901 0.9767356093742615 3
1751013041530 0.9808163207387331 4
1751013042165 0.9831322667542033 5
1751013042806 0.9820469136170862 6
1751013043448 0.9857194565257458 7
1751013044092 0.9873475770054407 8
1751013044732 0.9866702532474732 9
1751013045372 0.9844955790410022 10
1751013046011 0.9870785017317494 11
1751013046647 0.9881683180119476 12
1751013047289 0.9888456734804206 13
1751013047929 0.9908862517749518 14
1751013048572 0.9910215853850183 15
1751013049213 0.9896636582663159 16
1751013049853 0.9914306815961145 17
1751013050492 0.9902043398159383 18
1751013051150 0.9918398558177756 19
1751013051808 0.9900709748651504 20
1751013052469 0.9912945479539718 21
1751013053126 0.990342646803346 22
1751013053787 0.9919752866073139 23
1751013054447 0.9929266177651922 24
1751013055100 0.9912969666250164 25
1751013055745 0.9927907540586742 26
1751013056397 0.9925196424769759 27
1751013057041 0.9917027793879885 28
1751013057702 0.9942858905044251 29
1751013058361 0.9959195769899161 30
1751013059022 0.9960559676848622 31
1751013059684 0.9910243369795598 32
1751013060342 0.9944238615218165 33
1751013060984 0.9923834010133167 34
1751013061627 0.9915659383602674 35
1751013062271 0.9944232861806311 36
1751013062916 0.9914305826524638 37
1751013063557 0.995919422930092 38
1751013064212 0.9944216354075867 39
1751013064868 0.9961915125136017 40
1751013065526 0.9949675373801447 41
1751013066180 0.9960555436560643 42
1751013066845 0.9955114807120732 43
1751013067507 0.994423740772429 44
1751013068172 0.9910222516074969 45
1751013068836 0.9953738753061023 46
1751013069020 0.9953738753061023 0
1751013039020 0.8446999912104546 0
1751013069020 0.9953738753061023 0
