1751013038930 0.6120858506195174 0
1751013039535 0.17709842404518863 1
1751013040160 0.10576148606001746 2
1751013040791 0.07870991305084302 3
1751013041424 0.06743000031644489 4
1751013042056 0.05777984317209697 5
1751013042697 0.056046005087105055 6
1751013043341 0.047473557338005054 7
1751013043983 0.0429058861984619 8
1751013044623 0.04458376181933125 9
1751013045262 0.04297349287219289 10
1751013045902 0.03729030502994542 11
1751013046538 0.03625751988834603 12
1751013047178 0.0348152366585389 13
1751013047819 0.031682109191681344 14
1751013048462 0.031244073118872624 15
1751013049102 0.03389202131888747 16
1751013049745 0.028618768997636337 17
1751013050381 0.02808906091022446 18
1751013051039 0.026085702330988787 19
1751013051695 0.028687235744724756 20
1751013052359 0.027477563235714174 21
1751013053015 0.03712749113941867 22
1751013053676 0.030576173525194154 23
1751013054334 0.023234189911598545 24
1751013054987 0.026180508182717485 25
1751013055634 0.022365619940227212 26
1751013056279 0.022381393767901422 27
1751013056926 0.029087829738764157 28
1751013057583 0.02313514273528565 29
1751013058241 0.016570603559087554 30
1751013058903 0.017263950923938096 31
1751013059563 0.023715490630855207 32
1751013060225 0.020918036963571758 33
1751013060872 0.02525036872523686 34
1751013061516 0.02826222376664847 35
1751013062158 0.020950689294676462 36
1751013062804 0.026411764665736824 37
1751013063447 0.016627334134797115 38
1751013064101 0.021111493436183872 39
1751013064757 0.015531550260854558 40
1751013065414 0.01767877169065907 41
1751013066069 0.015702653670190986 42
1751013066729 0.016065550863669863 43
1751013067394 0.019595149540169096 44
1751013068056 0.03404566065395115 45
1751013068722 0.018881718412252453 46
1751013069020 0.018881718412252453 0
1751013038930 0.6120858506195174 0
1751013069020 0.018881718412252453 0
