1751013038975 0.8519398091735338 0
1751013039588 0.9574919706568913 1
1751013040215 0.971426839931872 2
1751013040847 0.9767319528245556 3
1751013041478 0.9808149915518231 4
1751013042110 0.9831350036591641 5
1751013042751 0.9820516324335129 6
1751013043394 0.9857271533804263 7
1751013044037 0.9873454873390323 8
1751013044678 0.9866706065588472 9
1751013045317 0.9845073065155369 10
1751013045955 0.987078756224024 11
1751013046594 0.9881924181488434 12
1751013047233 0.9888504331258038 13
1751013047874 0.990888167510142 14
1751013048516 0.9910215391093675 15
1751013049157 0.9896714870389273 16
1751013049800 0.9914309844466634 17
1751013050437 0.990207073104916 18
1751013051095 0.9918507586059463 19
1751013051752 0.9900717307000385 20
1751013052414 0.9912952342669135 21
1751013053070 0.9903443070803489 22
1751013053731 0.9919773290899457 23
1751013054391 0.9929265428333734 24
1751013055044 0.9913033581124533 25
1751013055690 0.9927995369013105 26
1751013056335 0.9925251536867585 27
1751013056982 0.991703146477547 28
1751013057642 0.9942869047859937 29
1751013058302 0.9959200811421697 30
1751013058963 0.9960686872020227 31
1751013059623 0.9910259196803208 32
1751013060285 0.9944269571705364 33
1751013060929 0.9923842960913882 34
1751013061572 0.9915667426769186 35
1751013062214 0.9944232861806311 36
1751013062859 0.9914311625346662 37
1751013063502 0.9959195882997937 38
1751013064157 0.9944212895888442 39
1751013064813 0.9961915125136017 40
1751013065470 0.9949686273920944 41
1751013066125 0.9960556934659933 42
1751013066788 0.9955116370646488 43
1751013067450 0.9944324881174788 44
1751013068114 0.9910226272758936 45
1751013068779 0.9953798863466062 46
1751013069020 0.9953798863466062 0
1751013038975 0.8519398091735338 0
1751013069020 0.9953798863466062 0
