1751013038997 0.8488846572361263 0
1751013039614 0.9575625680087051 1
1751013040241 0.971436343852013 2
1751013040874 0.9767410228509249 3
1751013041504 0.9808215451577802 4
1751013042138 0.9831338411316648 5
1751013042779 0.9820457018498367 6
1751013043421 0.9857181719260065 7
1751013044064 0.9873503808487486 8
1751013044705 0.9866702937976061 9
1751013045344 0.98449401523395 10
1751013045983 0.9870783460282916 11
1751013046621 0.9881664853101197 12
1751013047261 0.9888465723612623 13
1751013047901 0.9908868335146899 14
1751013048544 0.9910228509249184 15
1751013049184 0.9896626768226333 16
1751013049828 0.9914309031556039 17
1751013050465 0.9902067464635473 18
1751013051123 0.9918389553862894 19
1751013051780 0.9900707290533188 20
1751013052441 0.9912948857453754 21
1751013053098 0.9903427638737758 22
1751013053759 0.9919749727965179 23
1751013054419 0.9929270946681176 24
1751013055072 0.9912948857453754 25
1751013055718 0.9927910772578891 26
1751013056369 0.9925190424374319 27
1751013057011 0.9917029379760609 28
1751013057672 0.9942872687704026 29
1751013058332 0.9959194776931447 30
1751013058992 0.9960554951033732 31
1751013059655 0.9910228509249184 32
1751013060313 0.9944232861806311 33
1751013060957 0.9923830250272034 34
1751013061599 0.9915669205658324 35
1751013062243 0.9944232861806311 36
1751013062887 0.9914309031556039 37
1751013063529 0.9959194776931447 38
1751013064184 0.9944232861806311 39
1751013064841 0.9961915125136017 40
1751013065499 0.9949673558215452 41
1751013066152 0.9960554951033732 42
1751013066817 0.9955114254624592 43
1751013067478 0.9944232861806311 44
1751013068143 0.9910228509249184 45
1751013068808 0.9953754080522307 46
1751013069020 0.9953754080522307 0
1751013038997 0.8488846572361263 0
1751013069020 0.9953754080522307 0
