1751013038951 0.8488846572361263 0
1751013039561 0.9575625680087051 1
1751013040188 0.971436343852013 2
1751013040820 0.9767410228509249 3
1751013041451 0.9808215451577802 4
1751013042083 0.9831338411316648 5
1751013042725 0.9820457018498367 6
1751013043368 0.9857181719260065 7
1751013044011 0.9873503808487486 8
1751013044651 0.9866702937976061 9
1751013045289 0.98449401523395 10
1751013045928 0.9870783460282916 11
1751013046566 0.9881664853101197 12
1751013047206 0.9888465723612623 13
1751013047847 0.9908868335146899 14
1751013048489 0.9910228509249184 15
1751013049129 0.9896626768226333 16
1751013049773 0.9914309031556039 17
1751013050409 0.9902067464635473 18
1751013051068 0.9918389553862894 19
1751013051723 0.9900707290533188 20
1751013052386 0.9912948857453754 21
1751013053043 0.9903427638737758 22
1751013053703 0.9919749727965179 23
1751013054362 0.9929270946681176 24
1751013055016 0.9912948857453754 25
1751013055663 0.9927910772578891 26
1751013056307 0.9925190424374319 27
1751013056954 0.9917029379760609 28
1751013057612 0.9942872687704026 29
1751013058270 0.9959194776931447 30
1751013058934 0.9960554951033732 31
1751013059592 0.9910228509249184 32
1751013060255 0.9944232861806311 33
1751013060900 0.9923830250272034 34
1751013061544 0.9915669205658324 35
1751013062186 0.9944232861806311 36
1751013062831 0.9914309031556039 37
1751013063474 0.9959194776931447 38
1751013064129 0.9944232861806311 39
1751013064785 0.9961915125136017 40
1751013065441 0.9949673558215452 41
1751013066096 0.9960554951033732 42
1751013066759 0.9955114254624592 43
1751013067421 0.9944232861806311 44
1751013068085 0.9910228509249184 45
1751013068750 0.9953754080522307 46
1751013069020 0.9953754080522307 0
1751013038951 0.8488846572361263 0
1751013069020 0.9953754080522307 0
