1750854499688 0.8807867928220605 0
1750854500157 0.3787487237121387 1
1750854500633 0.22344293361843864 2
1750854501109 0.158768116827888 3
1750854501586 0.12502140422089186 4
1750854502064 0.10007735595139508 5
1750854502537 0.08369376302024875 6
1750854503011 0.07755311608509088 7
1750854503486 0.06752664812711819 8
1750854503965 0.06329686495843338 9
1750854504440 0.0583511289580035 10
1750854504916 0.05252608881657284 11
1750854505392 0.04798173035319663 12
1750854505870 0.04507608617269824 13
1750854506346 0.04404279198578606 14
1750854506822 0.04386229697773 15
1750854507297 0.03888333636266103 16
1750854507775 0.03640651438685217 17
1750854508252 0.034936578499439035 18
1750854508730 0.032686984347903104 19
1750854509206 0.034480892510940775 20
1750854509684 0.028983800723171825 21
1750854510162 0.029517277959182908 22
1750854510640 0.028018727595588523 23
1750854511119 0.025707715306475646 24
1750854511600 0.025602972015872257 25
1750854512080 0.022056853259843696 26
1750854512560 0.020326756928987614 27
1750854513043 0.022856131357407366 28
1750854513525 0.021086573475866423 29
1750854514005 0.020606354852860654 30
1750854514489 0.01933458171961211 31
1750854514968 0.0178079213807714 32
1750854515450 0.01682875019784964 33
1750854515932 0.016959388956216785 34
1750854516421 0.01797683322607105 35
1750854516903 0.01773906461296601 36
1750854517383 0.018212787949878385 37
1750854517863 0.018453153257787236 38
1750854518346 0.017185823137084503 39
1750854518827 0.017187424994304864 40
1750854519308 0.015132107809682552 41
1750854519787 0.014170206834940123 42
1750854520271 0.01805059218392084 43
1750854520753 0.011937067653199454 44
1750854521235 0.011069702838511553 45
1750854521716 0.013649782333572438 46
1750854522196 0.017269861823990658 47
1750854522674 0.011457499409090906 48
1750854523156 0.009392835924990163 49
1750854523637 0.012706771556169436 50
1750854524118 0.01116940778677549 51
1750854524599 0.012184786844022686 52
1750854525081 0.014346292784676449 53
1750854525562 0.01196707326935815 54
1750854526047 0.011700009698503254 55
1750854526530 0.011825643694666706 56
1750854527009 0.009142375510311112 57
1750854527493 0.010185660998642513 58
1750854527975 0.014836663621393163 59
1750854528458 0.009567800455970409 60
1750854528943 0.006945403193706539 61
1750854529429 0.01069279319853233 62
1750854529917 0.011568739366081975 63
1750854530399 0.008834114484184941 64
1750854530884 0.011746109708867738 65
1750854531367 0.007870436817049051 66
1750854531851 0.011447776323252777 67
1750854532339 0.010989988851680834 68
