1750949230910 0.5956762752964915 0
1750949231505 0.17308650397664185 1
1750949232124 0.10691920490742897 2
1750949232747 0.08354397706679344 3
1750949233371 0.06927707842606909 4
1750949233998 0.058366456220050114 5
1750949234629 0.05420475077974459 6
1750949235263 0.04876972935785731 7
1750949235896 0.044509990282672926 8
1750949236527 0.04804642816500838 9
1750949237160 0.03935354534370401 10
1750949237792 0.035585269036016734 11
1750949238422 0.04329162883907719 12
1750949239052 0.039121840183620096 13
1750949239684 0.03431014325196112 14
1750949240314 0.03216452212442803 15
1750949240949 0.029258294646163047 16
1750949241580 0.02727833572902815 17
1750949242213 0.03424134070886718 18
1750949242863 0.03432269750205522 19
1750949243511 0.03182741218693433 20
1750949244160 0.02759928474460158 21
1750949244812 0.023426637799358472 22
1750949245462 0.023348304309291405 23
1750949246114 0.01954268479478567 24
1750949246767 0.028636612175427727 25
1750949247424 0.028991550939832536 26
1750949248076 0.02473881414820875 27
1750949248727 0.022696428964678623 28
1750949249378 0.022007213145397175 29
1750949250031 0.018625950652060137 30
1750949250685 0.02183174112531984 31
1750949251339 0.021354098184595657 32
1750949251993 0.017453212569182957 33
1750949252645 0.01629414182040796 34
1750949253301 0.023706995762765033 35
1750949253958 0.022416136379559425 36
1750949254613 0.01881250320255789 37
1750949255268 0.02558668679025701 38
1750949255924 0.022464837007411028 39
1750949256581 0.022485645721495248 40
1750949257243 0.015369603382241106 41
1750949257900 0.01884635687973938 42
1750949258556 0.014691565245576405 43
1750949258842 0.014691565245576405 0
1750949230910 0.5956762752964915 0
1750949258842 0.014691565245576405 0
