1750949230995 0.8547612503972587 0
1750949231607 0.9569295699271437 1
1750949232228 0.9707388811748656 2
1750949232850 0.9755139696138239 3
1750949233473 0.9774182206789539 4
1750949234101 0.9824493239752019 5
1750949234732 0.9843572864514887 6
1750949235366 0.9854445133314546 7
1750949236001 0.9861265617657148 8
1750949236632 0.9849022538846103 9
1750949237265 0.9878950222198897 10
1750949237896 0.9893913804228438 11
1750949238527 0.985717567758613 12
1750949239157 0.9863982664767293 13
1750949239788 0.9893896387209956 14
1750949240420 0.9893913804228438 15
1750949241055 0.9903438103961929 16
1750949241686 0.9912944324525499 17
1750949242319 0.9904789340854485 18
1750949242969 0.989389286213481 19
1750949243617 0.9906164558091143 20
1750949244267 0.9911595774727898 21
1750949244917 0.9931991294885746 22
1750949245569 0.9926558702359981 23
1750949246221 0.9951034923878993 24
1750949246879 0.9917013319397809 25
1750949247530 0.9925184228538874 26
1750949248182 0.9912945237125919 27
1750949248834 0.993198720632471 28
1750949249485 0.9938798238229214 29
1750949250138 0.9949653798206836 30
1750949250792 0.9936064886600756 31
1750949251447 0.9936089489179107 32
1750949252099 0.9951040048915736 33
1750949252754 0.9957834071859893 34
1750949253409 0.9933338652371122 35
1750949254066 0.9949676025150254 36
1750949254721 0.9952393934060055 37
1750949255375 0.9929272281587815 38
1750949256033 0.9940159705902802 39
1750949256690 0.9926550512215976 40
1750949257351 0.9967358776939576 41
1750949258008 0.99442113858793 42
1750949258665 0.9956476497694962 43
1750949258842 0.9956476497694962 0
1750949230995 0.8547612503972587 0
1750949258842 0.9956476497694962 0
