1750949230951 0.859363014800504 0
1750949231556 0.9569581705738075 1
1750949232176 0.9707243819749789 2
1750949232799 0.9755145283901013 3
1750949233422 0.9774239625609955 4
1750949234050 0.9824485821563237 5
1750949234680 0.9843575826728068 6
1750949235315 0.985445935662114 7
1750949235949 0.9861272931235363 8
1750949236580 0.9849026572642795 9
1750949237213 0.987897309724281 10
1750949237844 0.9893956952805749 11
1750949238474 0.9857188690311022 12
1750949239105 0.9863983856227825 13
1750949239736 0.9893928906539078 14
1750949240367 0.9893956952805749 15
1750949241002 0.9903549395568906 16
1750949241633 0.9912955780760231 17
1750949242266 0.990487840618019 18
1750949242915 0.9893885210343316 19
1750949243564 0.9906185346876699 20
1750949244213 0.9911651788936185 21
1750949244865 0.9931991294885746 22
1750949245515 0.9926667061014236 23
1750949246167 0.9951040154739502 24
1750949246823 0.9917028778707574 25
1750949247477 0.992519704003277 26
1750949248129 0.991295036949012 27
1750949248780 0.9932009453031516 28
1750949249432 0.9938829475583881 29
1750949250085 0.9949641157803802 30
1750949250739 0.9936079010278533 31
1750949251394 0.9936128389194597 32
1750949252046 0.995119172054251 33
1750949252699 0.9957834552790921 34
1750949253355 0.9933378157753673 35
1750949254012 0.994972210045549 36
1750949254667 0.9952395284509284 37
1750949255322 0.9929285292632122 38
1750949255979 0.994018401950415 39
1750949256636 0.992655941294151 40
1750949257297 0.9967426640316207 41
1750949257954 0.9944197020398718 42
1750949258611 0.9956494747063493 43
1750949258842 0.9956494747063493 0
1750949230951 0.859363014800504 0
1750949258842 0.9956494747063493 0
