1750949230930 0.8571817192600653 0
1750949231531 0.9570184983677911 1
1750949232150 0.9707562568008705 2
1750949232773 0.9755168661588683 3
1750949233396 0.9774211099020674 4
1750949234024 0.9824537540805223 5
1750949234655 0.9843579978237215 6
1750949235289 0.9854461371055495 7
1750949235923 0.986126224156692 8
1750949236553 0.9849020674646355 9
1750949237187 0.9878944504896626 10
1750949237818 0.9893906420021763 11
1750949238448 0.9857181719260065 12
1750949239079 0.9863982589771491 13
1750949239710 0.9893906420021763 14
1750949240341 0.9893906420021763 15
1750949240975 0.9903427638737758 16
1750949241606 0.9912948857453754 17
1750949242239 0.9904787812840044 18
1750949242889 0.9893906420021763 19
1750949243537 0.9906147986942329 20
1750949244187 0.9911588683351469 21
1750949244838 0.9931991294885746 22
1750949245489 0.9926550598476604 23
1750949246141 0.9951033732317737 24
1750949246795 0.9917029379760609 25
1750949247451 0.9925190424374319 26
1750949248102 0.9912948857453754 27
1750949248754 0.9931991294885746 28
1750949249406 0.9938792165397171 29
1750949250058 0.9949673558215452 30
1750949250712 0.9936071817192601 31
1750949251367 0.9936071817192601 32
1750949252019 0.9951033732317737 33
1750949252673 0.9957834602829162 34
1750949253328 0.9933351468988031 35
1750949253985 0.9949673558215452 36
1750949254640 0.9952393906420022 37
1750949255295 0.9929270946681176 38
1750949255952 0.9940152339499456 39
1750949256608 0.9926550598476604 40
1750949257270 0.9967355821545157 41
1750949257927 0.9944232861806311 42
1750949258583 0.9956474428726877 43
1750949258842 0.9956474428726877 0
1750949230930 0.8571817192600653 0
1750949258842 0.9956474428726877 0
