1750949230973 0.8571817192600653 0
1750949231582 0.9570184983677911 1
1750949232202 0.9707562568008705 2
1750949232824 0.9755168661588683 3
1750949233448 0.9774211099020674 4
1750949234075 0.9824537540805223 5
1750949234706 0.9843579978237215 6
1750949235341 0.9854461371055495 7
1750949235975 0.986126224156692 8
1750949236606 0.9849020674646355 9
1750949237239 0.9878944504896626 10
1750949237870 0.9893906420021763 11
1750949238500 0.9857181719260065 12
1750949239131 0.9863982589771491 13
1750949239762 0.9893906420021763 14
1750949240393 0.9893906420021763 15
1750949241028 0.9903427638737758 16
1750949241659 0.9912948857453754 17
1750949242292 0.9904787812840044 18
1750949242942 0.9893906420021763 19
1750949243590 0.9906147986942329 20
1750949244240 0.9911588683351469 21
1750949244891 0.9931991294885746 22
1750949245542 0.9926550598476604 23
1750949246194 0.9951033732317737 24
1750949246852 0.9917029379760609 25
1750949247504 0.9925190424374319 26
1750949248156 0.9912948857453754 27
1750949248807 0.9931991294885746 28
1750949249459 0.9938792165397171 29
1750949250112 0.9949673558215452 30
1750949250766 0.9936071817192601 31
1750949251420 0.9936071817192601 32
1750949252072 0.9951033732317737 33
1750949252726 0.9957834602829162 34
1750949253382 0.9933351468988031 35
1750949254039 0.9949673558215452 36
1750949254694 0.9952393906420022 37
1750949255349 0.9929270946681176 38
1750949256006 0.9940152339499456 39
1750949256663 0.9926550598476604 40
1750949257324 0.9967355821545157 41
1750949257981 0.9944232861806311 42
1750949258638 0.9956474428726877 43
1750949258842 0.9956474428726877 0
1750949230973 0.8571817192600653 0
1750949258842 0.9956474428726877 0
