1750857333545 1.3665299137995475 0
1750857334121 0.9189482584222746 1
1750857334727 0.6633716980573013 2
1750857335332 0.5000984941460233 3
1750857335940 0.38879374331177513 4
1750857336544 0.31480127268179975 5
1750857337155 0.26113711710982795 6
1750857337761 0.22426988871948503 7
1750857338366 0.1935423328515884 8
1750857338974 0.17188095654055913 9
1750857339584 0.15050449698222992 10
1750857340194 0.1384216699185776 11
1750857340805 0.13044050592073808 12
1750857341417 0.11375373001975515 13
1750857342033 0.10838872992045472 14
1750857342652 0.09787025525598453 15
1750857343270 0.09020617079715344 16
1750857343889 0.08547658791058212 17
1750857344500 0.07850857472637014 18
1750857345111 0.07443184171467858 19
1750857345721 0.06901334198566723 20
1750857346337 0.06694478131384793 21
1750857346951 0.0672749304116356 22
1750857347565 0.057240482679161854 23
1750857348179 0.05396840126700578 24
1750857348790 0.05433015647355439 25
1750857349407 0.04812463142800675 26
1750857350025 0.050495328446515754 27
1750857350645 0.04848843438994703 28
1750857351263 0.04431523065466811 29
1750857351881 0.04321418635413391 30
1750857352499 0.04129138010451661 31
1750857353118 0.03909863030560258 32
1750857353733 0.03704312518421435 33
1750857354349 0.03622973946929464 34
1750857354967 0.03392674997894821 35
1750857355583 0.034811441445068515 36
1750857356203 0.03350346107279093 37
1750857356819 0.03132753618774982 38
1750857357438 0.029856118262097872 39
1750857358056 0.02992346511405849 40
1750857358678 0.03014184913159195 41
1750857359294 0.029107551377213946 42
1750857359913 0.02511046830234366 43
1750857360533 0.024823482893711366 44
1750857361152 0.02575682013288497 45
1750857361768 0.02231245302879966 46
1750857362386 0.02321904483307011 47
1750857363008 0.022445647819200783 48
1750857363630 0.021596890862172792 49
1750857364251 0.01918328365450877 50
1750857364874 0.019684953443803322 51
1750857365496 0.01759155723088957 52
1750857366119 0.01779590681589475 53
1750857366741 0.017653804868044205 54
1750857367369 0.01782054876603624 55
1750857367994 0.016467006561894607 56
1750857368617 0.01707121022010143 57
1750857369243 0.01522791422108012 58
1750857369868 0.01466350296868966 59
1750857370493 0.01335338541581189 60
1750857371119 0.016017416451568182 61
1750857371745 0.01444139644228453 62
1750857372372 0.015142090731478774 63
1750857373002 0.013047499085347835 64
1750857373629 0.01399780847666779 65
1750857374254 0.01281087084101276 66
1750857374880 0.014263473697015822 67
1750857375509 0.013638454032742638 68
1750857376140 0.013464859431919614 69
1750857376772 0.01128485379867272 70
1750857377409 0.012071417181682191 71
1750857378046 0.011916130271682493 72
1750857378686 0.01349915545780852 73
1750857379331 0.011842602975382768 74
1750857379964 0.011814518960373187 75
1750857380595 0.009986762558611695 76
1750857333545 1.3665299137995475 0
