1750857333584 0.6558840274949519 0
1750857334171 0.8318148241632195 1
1750857334777 0.8969712278878028 2
1750857335382 0.922971194749545 3
1750857335990 0.9377603242990259 4
1750857336594 0.9485979557774012 5
1750857337204 0.9566225306410798 6
1750857337811 0.9624326515496303 7
1750857338416 0.9673178117967949 8
1750857339025 0.9685642250524433 9
1750857339634 0.9723714654716025 10
1750857340244 0.9734658461796672 11
1750857340856 0.9716965636374707 12
1750857341468 0.978253560076724 13
1750857342086 0.9777018820068153 14
1750857342703 0.9813593170958772 15
1750857343322 0.9800051309161376 16
1750857343940 0.9827434286815889 17
1750857344551 0.9823111957285113 18
1750857345162 0.9838197201897404 19
1750857345772 0.9838315852203011 20
1750857346389 0.9845019897119716 21
1750857347002 0.9827467356725621 22
1750857347616 0.9869435561696265 23
1750857348230 0.9866708315074645 24
1750857348842 0.9864084969536714 25
1750857349459 0.9888534363373479 26
1750857350078 0.9877508223685701 27
1750857350698 0.9858448604461922 28
1750857351315 0.987623463393137 29
1750857351934 0.9880337818074293 30
1750857352550 0.9891226857989016 31
1750857353170 0.9893958409930607 32
1750857353785 0.9902070350957396 33
1750857354401 0.9898018147425846 34
1750857355018 0.9919774514435413 35
1750857355635 0.9900843972911336 36
1750857356255 0.9917109285260575 37
1750857356872 0.9917199374512438 38
1750857357490 0.9914318243550725 39
1750857358109 0.9908872683346912 40
1750857358730 0.9910250593597719 41
1750857359346 0.9912985009706109 42
1750857359965 0.9930624916542821 43
1750857360586 0.9937422982264716 44
1750857361204 0.9933359147488569 45
1750857361820 0.9941577655621864 46
1750857362439 0.9944204751044142 47
1750857363061 0.9940168617736382 48
1750857363682 0.9940183908151453 49
1750857364304 0.9952399413197763 50
1750857364927 0.9942941973183745 51
1750857365549 0.9966002149242165 52
1750857366172 0.9952398509067532 53
1750857366796 0.9953796893019851 54
1750857367422 0.9951054018749638 55
1750857368047 0.9957849065038229 56
1750857368670 0.995375545861157 57
1750857369297 0.9961921030315762 58
1750857369922 0.9959209615194381 59
1750857370547 0.9963282341563876 60
1750857371173 0.995650390532597 61
1750857371799 0.9960566720046061 62
1750857372426 0.996055497027921 63
1750857373055 0.9964640761550158 64
1750857373683 0.9965997025532135 65
1750857374307 0.9965998810564792 66
1750857374934 0.9957854945548072 67
1750857375563 0.9951049481165887 68
1750857376195 0.9964635473340587 69
1750857376829 0.9972806644378488 70
1750857377464 0.996601436246916 71
1750857378102 0.9961915125136017 72
1750857378742 0.9951092236717363 73
1750857379386 0.9963265777786068 74
1750857380018 0.9968708034649771 75
1750857380650 0.9970083309048435 76
1750857333584 0.6558840274949519 0
