1750857333564 0.6504352557127312 0
1750857334146 0.8305223068552775 1
1750857334752 0.8967627856365615 2
1750857335357 0.9228781284004353 3
1750857335965 0.9377040261153428 4
1750857336569 0.9485854189336235 5
1750857337179 0.9566104461371056 6
1750857337786 0.9624591947769314 7
1750857338392 0.9673558215451578 8
1750857339000 0.9685799782372143 9
1750857339610 0.9723884657236126 10
1750857340219 0.9734766050054406 11
1750857340830 0.9717083786724701 12
1750857341442 0.9782372143634385 13
1750857342060 0.9776931447225244 14
1750857342678 0.9813656147986942 15
1750857343296 0.9800054406964092 16
1750857343915 0.9827257889009793 17
1750857344525 0.9823177366702938 18
1750857345137 0.9838139281828074 19
1750857345747 0.9838139281828074 20
1750857346363 0.98449401523395 21
1750857346977 0.9827257889009793 22
1750857347591 0.9869423286180631 23
1750857348205 0.9866702937976061 24
1750857348816 0.9863982589771491 25
1750857349433 0.9888465723612623 26
1750857350051 0.9877584330794341 27
1750857350672 0.985854189336235 28
1750857351289 0.9876224156692056 29
1750857351908 0.9880304678998912 30
1750857352525 0.9891186071817193 31
1750857353144 0.9893906420021763 32
1750857353759 0.9902067464635473 33
1750857354376 0.9897986942328618 34
1750857354993 0.9919749727965179 35
1750857355609 0.9900707290533188 36
1750857356229 0.9917029379760609 37
1750857356846 0.9917029379760609 38
1750857357464 0.9914309031556039 39
1750857358083 0.9908868335146899 40
1750857358704 0.9910228509249184 41
1750857359320 0.9912948857453754 42
1750857359940 0.9930631120783461 43
1750857360560 0.9937431991294886 44
1750857361178 0.9933351468988031 45
1750857361794 0.9941512513601741 46
1750857362413 0.9944232861806311 47
1750857363034 0.9940152339499456 48
1750857363656 0.9940152339499456 49
1750857364277 0.9952393906420022 50
1750857364901 0.9942872687704026 51
1750857365523 0.9965995647442872 52
1750857366146 0.9952393906420022 53
1750857366769 0.9953754080522307 54
1750857367396 0.9951033732317737 55
1750857368020 0.9957834602829162 56
1750857368644 0.9953754080522307 57
1750857369270 0.9961915125136017 58
1750857369895 0.9959194776931447 59
1750857370520 0.9963275299238302 60
1750857371146 0.9956474428726877 61
1750857371772 0.9960554951033732 62
1750857372399 0.9960554951033732 63
1750857373029 0.9964635473340587 64
1750857373656 0.9965995647442872 65
1750857374281 0.9965995647442872 66
1750857374907 0.9957834602829162 67
1750857375536 0.9951033732317737 68
1750857376167 0.9964635473340587 69
1750857376801 0.9972796517954298 70
1750857377437 0.9965995647442872 71
1750857378074 0.9961915125136017 72
1750857378714 0.9951033732317737 73
1750857379359 0.9963275299238302 74
1750857379991 0.9968715995647442 75
1750857380622 0.9970076169749728 76
1750857333564 0.6504352557127312 0
