1750857333624 0.642033708091367 0
1750857334220 0.827522559100425 1
1750857334827 0.8961752110354934 2
1750857335432 0.9226465910769969 3
1750857336039 0.9375574328502765 4
1750857336643 0.948493078840593 5
1750857337254 0.9565824625080382 6
1750857337861 0.9624089489781512 7
1750857338467 0.9673347408660143 8
1750857339075 0.9685549255700293 9
1750857339684 0.9723728096910312 10
1750857340295 0.9734676831032295 11
1750857340907 0.9716969206767818 12
1750857341517 0.9782413366443875 13
1750857342138 0.9776922903651112 14
1750857342754 0.981362258090198 15
1750857343374 0.9800036742104578 16
1750857343990 0.9827276909276591 17
1750857344602 0.9823136365119535 18
1750857345211 0.9838128212869016 19
1750857345824 0.9838104826103035 20
1750857346440 0.9844943894799651 21
1750857347053 0.9827308105645837 22
1750857347667 0.9869424296719314 23
1750857348280 0.9866699189118429 24
1750857348894 0.9864013864341717 25
1750857349511 0.9888475548845248 26
1750857350130 0.9877542462870259 27
1750857350749 0.9858480624711309 28
1750857351367 0.9876224888436574 29
1750857351986 0.9880308808357346 30
1750857352604 0.9891192861375117 31
1750857353221 0.9893915117843166 32
1750857353837 0.9902063761829121 33
1750857354452 0.9897977029008586 34
1750857355069 0.9919753517258089 35
1750857355688 0.9900737211336242 36
1750857356307 0.9917036700447015 37
1750857356925 0.9917039665771966 38
1750857357542 0.9914311043879479 39
1750857358162 0.9908867365350459 40
1750857358781 0.9910221561678217 41
1750857359398 0.991295384851191 42
1750857360018 0.9930621902766373 43
1750857360637 0.9937423346552112 44
1750857361255 0.9933344202683417 45
1750857361872 0.9941506611065212 46
1750857362491 0.9944211755558033 47
1750857363113 0.9940155342556001 48
1750857363735 0.9940164114942432 49
1750857364357 0.995239417416308 50
1750857364979 0.9942865865117914 51
1750857365602 0.9965994333905414 52
1750857366224 0.9952393812041037 53
1750857366851 0.9953757299279062 54
1750857367474 0.995104039505058 55
1750857368100 0.9957833134357346 56
1750857368724 0.995375410816234 57
1750857369350 0.9961916051905884 58
1750857369975 0.9959201709601669 59
1750857370601 0.9963276199098575 60
1750857371227 0.9956470954941393 61
1750857371852 0.996055627592081 62
1750857372480 0.9960554454320546 63
1750857373110 0.9964635235505775 64
1750857373736 0.9965995675082907 65
1750857374361 0.9965996060155974 66
1750857374988 0.9957840648229799 67
1750857375618 0.9951032913842078 68
1750857376250 0.9964635473340587 69
1750857376886 0.9972796341782726 70
1750857377518 0.996600084760298 71
1750857378158 0.9961915125136017 72
1750857378802 0.9951037617974836 73
1750857379441 0.9963266957666329 74
1750857380073 0.996870981664896 75
1750857380706 0.997006840247412 76
1750857333624 0.642033708091367 0
