1750857333603 0.6504352557127312 0
1750857334195 0.8305223068552775 1
1750857334802 0.8967627856365615 2
1750857335407 0.9228781284004353 3
1750857336014 0.9377040261153428 4
1750857336618 0.9485854189336235 5
1750857337229 0.9566104461371056 6
1750857337836 0.9624591947769314 7
1750857338441 0.9673558215451578 8
1750857339050 0.9685799782372143 9
1750857339659 0.9723884657236126 10
1750857340269 0.9734766050054406 11
1750857340881 0.9717083786724701 12
1750857341492 0.9782372143634385 13
1750857342112 0.9776931447225244 14
1750857342728 0.9813656147986942 15
1750857343348 0.9800054406964092 16
1750857343965 0.9827257889009793 17
1750857344576 0.9823177366702938 18
1750857345186 0.9838139281828074 19
1750857345798 0.9838139281828074 20
1750857346414 0.98449401523395 21
1750857347027 0.9827257889009793 22
1750857347641 0.9869423286180631 23
1750857348255 0.9866702937976061 24
1750857348868 0.9863982589771491 25
1750857349485 0.9888465723612623 26
1750857350105 0.9877584330794341 27
1750857350723 0.985854189336235 28
1750857351341 0.9876224156692056 29
1750857351960 0.9880304678998912 30
1750857352578 0.9891186071817193 31
1750857353195 0.9893906420021763 32
1750857353811 0.9902067464635473 33
1750857354427 0.9897986942328618 34
1750857355044 0.9919749727965179 35
1750857355660 0.9900707290533188 36
1750857356281 0.9917029379760609 37
1750857356899 0.9917029379760609 38
1750857357515 0.9914309031556039 39
1750857358136 0.9908868335146899 40
1750857358756 0.9910228509249184 41
1750857359372 0.9912948857453754 42
1750857359991 0.9930631120783461 43
1750857360612 0.9937431991294886 44
1750857361229 0.9933351468988031 45
1750857361846 0.9941512513601741 46
1750857362465 0.9944232861806311 47
1750857363087 0.9940152339499456 48
1750857363709 0.9940152339499456 49
1750857364330 0.9952393906420022 50
1750857364953 0.9942872687704026 51
1750857365576 0.9965995647442872 52
1750857366198 0.9952393906420022 53
1750857366824 0.9953754080522307 54
1750857367448 0.9951033732317737 55
1750857368074 0.9957834602829162 56
1750857368697 0.9953754080522307 57
1750857369324 0.9961915125136017 58
1750857369948 0.9959194776931447 59
1750857370574 0.9963275299238302 60
1750857371200 0.9956474428726877 61
1750857371826 0.9960554951033732 62
1750857372453 0.9960554951033732 63
1750857373083 0.9964635473340587 64
1750857373709 0.9965995647442872 65
1750857374334 0.9965995647442872 66
1750857374961 0.9957834602829162 67
1750857375591 0.9951033732317737 68
1750857376222 0.9964635473340587 69
1750857376858 0.9972796517954298 70
1750857377491 0.9965995647442872 71
1750857378130 0.9961915125136017 72
1750857378769 0.9951033732317737 73
1750857379414 0.9963275299238302 74
1750857380045 0.9968715995647442 75
1750857380678 0.9970076169749728 76
1750857333603 0.6504352557127312 0
