1750930971380 0.6771180955963406 0
1750930971983 0.8649236748696594 1
1750930972599 0.9168400099692003 2
1750930973213 0.9375251348741889 3
1750930973830 0.9565039896456773 4
1750930974449 0.9651581835876327 5
1750930975070 0.9706035984524746 6
1750930975689 0.9730462817891622 7
1750930976311 0.9740317568920317 8
1750930976932 0.9773020747785665 9
1750930977552 0.9770369406807142 10
1750930978174 0.979204490952972 11
1750930978801 0.9796118697177276 12
1750930979421 0.9792036479542805 13
1750930980040 0.9822182164109976 14
1750930980662 0.9816565827160348 15
1750930981286 0.9814020795260153 16
1750930981908 0.9845158878228064 17
1750930982531 0.9837280883305171 18
1750930983154 0.984235169711447 19
1750930983776 0.9861470299860686 20
1750930984402 0.9864011923492125 21
1750930985027 0.9846487464653618 22
1750930985653 0.9845232874757953 23
1750930986280 0.9866875469209992 24
1750930986905 0.9885900111195414 25
1750930987532 0.9854515719289106 26
1750930988158 0.9853074676284442 27
1750930988785 0.9875050755823734 28
1750930989412 0.9858729204605117 29
1750930990042 0.9889935856875967 30
1750930990670 0.9870766685467935 31
1750930991309 0.9896648543482301 32
1750930991942 0.9865662298568252 33
1750930992572 0.9879040133862926 34
1750930993204 0.9890071532204741 35
1750930993833 0.9900857840148451 36
1750930994063 0.9900857840148451 0
1750930971380 0.6771180955963406 0
1750930994063 0.9900857840148451 0
