1750930971402 0.6651251360174102 0
1750930972009 0.8559575625680087 1
1750930972624 0.9153971708378672 2
1750930973238 0.9372959738846572 3
1750930973856 0.956474428726877 4
1750930974474 0.9651795429815017 5
1750930975096 0.970620239390642 6
1750930975715 0.9730685527747551 7
1750930976337 0.9740206746463548 8
1750930976959 0.9772850924918389 9
1750930977578 0.9770130576713819 10
1750930978200 0.9791893362350381 11
1750930978827 0.9795973884657236 12
1750930979447 0.9791893362350381 13
1750930980067 0.9821817192600653 14
1750930980688 0.9816376496191512 15
1750930981312 0.9813656147986942 16
1750930981934 0.98449401523395 17
1750930982558 0.9836779107725789 18
1750930983180 0.984221980413493 19
1750930983803 0.986126224156692 20
1750930984428 0.9863982589771491 21
1750930985054 0.9846300326441785 22
1750930985680 0.98449401523395 23
1750930986306 0.9866702937976061 24
1750930986932 0.9885745375408053 25
1750930987558 0.9854461371055495 26
1750930988185 0.985310119695321 27
1750930988812 0.9874863982589771 28
1750930989439 0.985854189336235 29
1750930990069 0.9889825897714908 30
1750930990697 0.9870783460282916 31
1750930991335 0.9896626768226333 32
1750930991969 0.9865342763873776 33
1750930992599 0.9878944504896626 34
1750930993231 0.9889825897714908 35
1750930993860 0.9900707290533188 36
1750930994063 0.9900707290533188 0
1750930971402 0.6651251360174102 0
1750930994063 0.9900707290533188 0
