1750930971360 0.6651251360174102 0
1750930971957 0.8559575625680087 1
1750930972573 0.9153971708378672 2
1750930973187 0.9372959738846572 3
1750930973804 0.956474428726877 4
1750930974422 0.9651795429815017 5
1750930975043 0.970620239390642 6
1750930975663 0.9730685527747551 7
1750930976285 0.9740206746463548 8
1750930976907 0.9772850924918389 9
1750930977526 0.9770130576713819 10
1750930978148 0.9791893362350381 11
1750930978775 0.9795973884657236 12
1750930979395 0.9791893362350381 13
1750930980014 0.9821817192600653 14
1750930980636 0.9816376496191512 15
1750930981259 0.9813656147986942 16
1750930981881 0.98449401523395 17
1750930982504 0.9836779107725789 18
1750930983127 0.984221980413493 19
1750930983750 0.986126224156692 20
1750930984376 0.9863982589771491 21
1750930984999 0.9846300326441785 22
1750930985627 0.98449401523395 23
1750930986253 0.9866702937976061 24
1750930986879 0.9885745375408053 25
1750930987505 0.9854461371055495 26
1750930988131 0.985310119695321 27
1750930988758 0.9874863982589771 28
1750930989385 0.985854189336235 29
1750930990014 0.9889825897714908 30
1750930990643 0.9870783460282916 31
1750930991282 0.9896626768226333 32
1750930991915 0.9865342763873776 33
1750930992545 0.9878944504896626 34
1750930993178 0.9889825897714908 35
1750930993807 0.9900707290533188 36
1750930994063 0.9900707290533188 0
1750930971360 0.6651251360174102 0
1750930994063 0.9900707290533188 0
