1750930971339 1.181922129694863 0
1750930971932 0.715766380608925 1
1750930972547 0.4984421354837075 2
1750930973162 0.3709589931242354 3
1750930973778 0.2823384533574454 4
1750930974396 0.22803988858198057 5
1750930975017 0.18960573119683935 6
1750930975637 0.1591414787661653 7
1750930976259 0.1395213133832835 8
1750930976880 0.1244325738509669 9
1750930977500 0.11402272244143148 10
1750930978122 0.10243712912057247 11
1750930978748 0.09678317216894831 12
1750930979369 0.09137787181028734 13
1750930979988 0.08311286785105756 14
1750930980609 0.07860897627372347 15
1750930981233 0.07653965629126483 16
1750930981855 0.06891198399536498 17
1750930982478 0.07099180495603592 18
1750930983101 0.06639680167876987 19
1750930983723 0.06324150074796267 20
1750930984349 0.06061931539801182 21
1750930984972 0.061894094395138106 22
1750930985600 0.0589431112792274 23
1750930986226 0.056006546842666004 24
1750930986852 0.04932278092905992 25
1750930987478 0.0560616767317689 26
1750930988104 0.05625625732390289 27
1750930988731 0.052186357897176315 28
1750930989358 0.05282661253920836 29
1750930989987 0.04599094866765856 30
1750930990616 0.04864085525258062 31
1750930991255 0.04397538545925547 32
1750930991888 0.04866355010414733 33
1750930992516 0.04526134056238796 34
1750930993150 0.042070710121515136 35
1750930993780 0.04142030059958892 36
1750930994063 0.04142030059958892 0
1750930971339 1.181922129694863 0
1750930994063 0.04142030059958892 0
