1750930971424 0.6339655061035451 0
1750930972034 0.8514538811408117 1
1750930972650 0.91469904637199 2
1750930973264 0.9371014914662935 3
1750930973881 0.9564127323946076 4
1750930974500 0.9651363983003266 5
1750930975121 0.970602709470235 6
1750930975741 0.9730478728553491 7
1750930976364 0.9740155436487037 8
1750930976985 0.9772826639820538 9
1750930977604 0.9770189130754607 10
1750930978227 0.9791810429823133 11
1750930978853 0.979594434189355 12
1750930979473 0.9791886644208067 13
1750930980093 0.9821890650259754 14
1750930980714 0.9816399727018147 15
1750930981338 0.9813751956405984 16
1750930981960 0.9844967007609722 17
1750930982584 0.9836881470972403 18
1750930983206 0.9842194184075731 19
1750930983829 0.9861298521441196 20
1750930984455 0.9863946275486831 21
1750930985082 0.9846360173212209 22
1750930985707 0.9845015908758281 23
1750930986333 0.9866725916852939 24
1750930986959 0.9885768512184173 25
1750930987585 0.9854464085361538 26
1750930988212 0.9853072133809928 27
1750930988838 0.9874898724676837 28
1750930989466 0.9858602366664623 29
1750930990095 0.9889836208879751 30
1750930990724 0.9870756164358165 31
1750930991361 0.9896610094406566 32
1750930991995 0.9865413922293021 33
1750930992625 0.9878966765068901 34
1750930993258 0.9889857173029974 35
1750930993887 0.9900740309188126 36
1750930994063 0.9900740309188126 0
1750930971424 0.6339655061035451 0
1750930994063 0.9900740309188126 0
