1750930917675 1.1326049111613252 0
1750930918264 0.6792668806585576 1
1750930918881 0.46930172118450536 2
1750930919498 0.3313714290793754 3
1750930920116 0.24465734089225108 4
1750930920738 0.18862336590253748 5
1750930921359 0.15970820207979786 6
1750930921982 0.13426801966051283 7
1750930922603 0.1165593255785526 8
1750930923226 0.10539699392038539 9
1750930923853 0.0971469011834708 10
1750930924476 0.08617891783099439 11
1750930925099 0.07454071106172296 12
1750930925719 0.06869576815860315 13
1750930926343 0.06514891065957108 14
1750930926965 0.06380768285879827 15
1750930927585 0.05725551622395806 16
1750930928208 0.05233423670873419 17
1750930928832 0.05390189781833655 18
1750930929455 0.04806088666321144 19
1750930930083 0.0469059366986188 20
1750930930707 0.044618774507442026 21
1750930931329 0.042088624661518775 22
1750930931957 0.0388261847425013 23
1750930932587 0.04127025791120607 24
1750930933217 0.034064427488387214 25
1750930933844 0.035475288887667315 26
1750930934472 0.03902825908846869 27
1750930935100 0.03487659225663955 28
1750930935727 0.03118094884951612 29
1750930936358 0.028815767403248135 30
1750930936990 0.029338290053495773 31
1750930937621 0.028727004031921303 32
1750930938251 0.02689957731201742 33
1750930938880 0.024617987831849788 34
1750930939511 0.025732453704747787 35
1750930940144 0.02286450857533724 36
1750930940774 0.02705072381475918 37
1750930941406 0.021875866536523285 38
1750930942036 0.02175793634530996 39
1750930942668 0.020911892021725498 40
1750930943302 0.01971561290155002 41
1750930943931 0.022481567724313995 42
1750930944566 0.02420180479874804 43
1750930945200 0.0190951758504149 44
1750930945835 0.020379748253680774 45
1750930946469 0.01874718559911967 46
1750930947102 0.0177688984204412 47
1750930947734 0.01676130784504213 48
1750930948371 0.016834917429873114 49
1750930949007 0.015794680930138996 50
1750930949645 0.018195719025690633 51
1750930950280 0.01960698362760108 52
1750930950919 0.018053506031304078 53
1750930951554 0.014437533091394974 54
1750930952192 0.014910791760920602 55
1750930952831 0.014650486119322568 56
1750930953469 0.015367938044467806 57
1750930954107 0.01415290956621558 58
1750930954748 0.013626741310753844 59
1750930955387 0.01274976845763794 60
1750930956026 0.015786040388351717 61
1750930956665 0.014849206363535015 62
1750930957309 0.015374834422007917 63
1750930957952 0.013876070165717862 64
1750930958594 0.011917673115455368 65
1750930959235 0.012200791118549988 66
1750930959877 0.014721930277826704 67
1750930960520 0.018772116204661897 68
1750930961165 0.014170852656728539 69
1750930961809 0.013314215830827215 70
1750930962454 0.011997207451608717 71
1750930963102 0.013057391020652795 72
1750930963747 0.013556694588218577 73
1750930964392 0.011108507736159389 74
1750930965037 0.011050087420302276 75
1750930965685 0.01486201249825605 76
1750930965986 0.01486201249825605 0
1750930917675 1.1326049111613252 0
1750930965986 0.01486201249825605 0
