1750930917738 0.6513873775843307 0
1750930918341 0.8516050054406964 1
1750930918958 0.9090043525571273 2
1750930919576 0.9389281828073993 3
1750930920194 0.9563384113166485 4
1750930920816 0.9666757344940152 5
1750930921438 0.9670837867247007 6
1750930922060 0.9729325353645266 7
1750930922682 0.9744287268770403 8
1750930923305 0.9767410228509249 9
1750930923933 0.9763329706202394 10
1750930924555 0.9795973884657236 11
1750930925178 0.9834058759521219 12
1750930925798 0.9835418933623504 13
1750930926422 0.9836779107725789 14
1750930927044 0.9840859630032645 15
1750930927665 0.9862622415669206 16
1750930928287 0.9866702937976061 17
1750930928911 0.985038084874864 18
1750930929535 0.9881664853101197 19
1750930930163 0.9880304678998912 20
1750930930788 0.9880304678998912 21
1750930931409 0.9883025027203483 22
1750930932038 0.9897986942328618 23
1750930932668 0.9883025027203483 24
1750930933297 0.9914309031556039 25
1750930933924 0.9896626768226333 26
1750930934553 0.9887105549510338 27
1750930935180 0.9902067464635473 28
1750930935809 0.9912948857453754 29
1750930936440 0.9914309031556039 30
1750930937072 0.9914309031556039 31
1750930937701 0.9910228509249184 32
1750930938332 0.9926550598476604 33
1750930938960 0.9934711643090316 34
1750930939592 0.9921109902067464 35
1750930940225 0.9929270946681176 36
1750930940855 0.9923830250272034 37
1750930941487 0.9945593035908596 38
1750930942117 0.9946953210010882 39
1750930942750 0.9941512513601741 40
1750930943383 0.9942872687704026 41
1750930944014 0.9938792165397171 42
1750930944648 0.9937431991294886 43
1750930945284 0.9946953210010882 44
1750930945918 0.9942872687704026 45
1750930946551 0.9953754080522307 46
1750930947185 0.9956474428726877 47
1750930947817 0.9956474428726877 48
1750930948454 0.9955114254624592 49
1750930949090 0.9953754080522307 50
1750930949729 0.9948313384113167 51
1750930950363 0.9945593035908596 52
1750930951002 0.9949673558215452 53
1750930951638 0.9972796517954298 54
1750930952277 0.9960554951033732 55
1750930952915 0.9953754080522307 56
1750930953553 0.9955114254624592 57
1750930954192 0.9959194776931447 58
1750930954832 0.9970076169749728 59
1750930955471 0.9965995647442872 60
1750930956110 0.9949673558215452 61
1750930956750 0.9963275299238302 62
1750930957394 0.9953754080522307 63
1750930958037 0.9961915125136017 64
1750930958679 0.9978237214363439 65
1750930959320 0.9970076169749728 66
1750930959963 0.9963275299238302 67
1750930960606 0.9936071817192601 68
1750930961250 0.9956474428726877 69
1750930961894 0.9970076169749728 70
1750930962541 0.9964635473340587 71
1750930963188 0.9956474428726877 72
1750930963833 0.9971436343852013 73
1750930964479 0.9967355821545157 74
1750930965124 0.9970076169749728 75
1750930965771 0.9952393906420022 76
1750930965986 0.9952393906420022 0
1750930917738 0.6513873775843307 0
1750930965986 0.9952393906420022 0
