1750930917695 0.6513873775843307 0
1750930918290 0.8516050054406964 1
1750930918907 0.9090043525571273 2
1750930919524 0.9389281828073993 3
1750930920142 0.9563384113166485 4
1750930920764 0.9666757344940152 5
1750930921385 0.9670837867247007 6
1750930922009 0.9729325353645266 7
1750930922629 0.9744287268770403 8
1750930923252 0.9767410228509249 9
1750930923880 0.9763329706202394 10
1750930924502 0.9795973884657236 11
1750930925126 0.9834058759521219 12
1750930925745 0.9835418933623504 13
1750930926370 0.9836779107725789 14
1750930926991 0.9840859630032645 15
1750930927612 0.9862622415669206 16
1750930928234 0.9866702937976061 17
1750930928858 0.985038084874864 18
1750930929482 0.9881664853101197 19
1750930930109 0.9880304678998912 20
1750930930734 0.9880304678998912 21
1750930931355 0.9883025027203483 22
1750930931984 0.9897986942328618 23
1750930932614 0.9883025027203483 24
1750930933244 0.9914309031556039 25
1750930933871 0.9896626768226333 26
1750930934499 0.9887105549510338 27
1750930935127 0.9902067464635473 28
1750930935754 0.9912948857453754 29
1750930936385 0.9914309031556039 30
1750930937017 0.9914309031556039 31
1750930937648 0.9910228509249184 32
1750930938279 0.9926550598476604 33
1750930938907 0.9934711643090316 34
1750930939538 0.9921109902067464 35
1750930940171 0.9929270946681176 36
1750930940801 0.9923830250272034 37
1750930941434 0.9945593035908596 38
1750930942063 0.9946953210010882 39
1750930942695 0.9941512513601741 40
1750930943329 0.9942872687704026 41
1750930943959 0.9938792165397171 42
1750930944593 0.9937431991294886 43
1750930945228 0.9946953210010882 44
1750930945863 0.9942872687704026 45
1750930946497 0.9953754080522307 46
1750930947130 0.9956474428726877 47
1750930947762 0.9956474428726877 48
1750930948399 0.9955114254624592 49
1750930949035 0.9953754080522307 50
1750930949673 0.9948313384113167 51
1750930950308 0.9945593035908596 52
1750930950947 0.9949673558215452 53
1750930951582 0.9972796517954298 54
1750930952221 0.9960554951033732 55
1750930952859 0.9953754080522307 56
1750930953497 0.9955114254624592 57
1750930954136 0.9959194776931447 58
1750930954776 0.9970076169749728 59
1750930955415 0.9965995647442872 60
1750930956054 0.9949673558215452 61
1750930956693 0.9963275299238302 62
1750930957337 0.9953754080522307 63
1750930957980 0.9961915125136017 64
1750930958622 0.9978237214363439 65
1750930959263 0.9970076169749728 66
1750930959906 0.9963275299238302 67
1750930960549 0.9936071817192601 68
1750930961194 0.9956474428726877 69
1750930961837 0.9970076169749728 70
1750930962482 0.9964635473340587 71
1750930963131 0.9956474428726877 72
1750930963776 0.9971436343852013 73
1750930964421 0.9967355821545157 74
1750930965066 0.9970076169749728 75
1750930965714 0.9952393906420022 76
1750930965986 0.9952393906420022 0
1750930917695 0.6513873775843307 0
1750930965986 0.9952393906420022 0
