1750930917759 0.6513201091958206 0
1750930918366 0.8504032909338007 1
1750930918984 0.9078576752626556 2
1750930919601 0.9386214491669417 3
1750930920220 0.9562349760054174 4
1750930920842 0.9665828611825101 5
1750930921464 0.967051508149099 6
1750930922086 0.9729295859273406 7
1750930922708 0.9744074211094709 8
1750930923331 0.9767272926002932 9
1750930923958 0.9763305649900981 10
1750930924581 0.9795932372309533 11
1750930925204 0.9833972172054483 12
1750930925824 0.983535490178484 13
1750930926449 0.9836837193850716 14
1750930927070 0.9840877491506176 15
1750930927692 0.9862622090614068 16
1750930928314 0.9866712052479271 17
1750930928938 0.9850343070139098 18
1750930929562 0.9881615715529607 19
1750930930189 0.9880251688373537 20
1750930930814 0.9880329142631212 21
1750930931435 0.9883053008976472 22
1750930932065 0.9898004356759443 23
1750930932696 0.988298382588831 24
1750930933324 0.9914339324358051 25
1750930933950 0.9896614373707611 26
1750930934580 0.9887108958730302 27
1750930935207 0.990206890203954 28
1750930935836 0.9912978423542416 29
1750930936466 0.9914337793582148 30
1750930937099 0.9914300718895884 31
1750930937728 0.9910239069002169 32
1750930938360 0.9926532949817312 33
1750930938987 0.9934684622609357 34
1750930939620 0.9921123096148299 35
1750930940252 0.9929276189844924 36
1750930940882 0.9923842282881393 37
1750930941514 0.9945598438307274 38
1750930942145 0.9946950171299679 39
1750930942776 0.9941502559265709 40
1750930943410 0.9942857132826178 41
1750930944041 0.9938813536751405 42
1750930944675 0.9937442655910644 43
1750930945312 0.9946958940383661 44
1750930945945 0.9942888735381069 45
1750930946579 0.9953747053502504 46
1750930947212 0.995647778248279 47
1750930947844 0.9956472041069194 48
1750930948482 0.9955103361578193 49
1750930949118 0.99537433307969 50
1750930949756 0.9948310543984785 51
1750930950390 0.9945594227469853 52
1750930951030 0.9949683584038143 53
1750930951665 0.9972796517954298 54
1750930952305 0.9960556866817831 55
1750930952943 0.9953745321617926 56
1750930953581 0.9955094108353119 57
1750930954221 0.9959186315442693 58
1750930954859 0.9970073610904638 59
1750930955499 0.9965991363700496 60
1750930956138 0.9949676997078447 61
1750930956779 0.9963266327041471 62
1750930957422 0.995375862254122 63
1750930958066 0.9961913937670183 64
1750930958707 0.99782408282054 65
1750930959349 0.997008407803176 66
1750930959991 0.9963270630551572 67
1750930960634 0.9936056685204867 68
1750930961279 0.9956464222798688 69
1750930961922 0.997007325039592 70
1750930962569 0.9964630712959011 71
1750930963217 0.9956472876803972 72
1750930963862 0.9971436729179489 73
1750930964507 0.9967350687594239 74
1750930965155 0.9970066837087751 75
1750930965800 0.995238850717061 76
1750930965986 0.995238850717061 0
1750930917759 0.6513201091958206 0
1750930965986 0.995238850717061 0
