1750930917716 0.7002098590396301 0
1750930918316 0.8508749454441146 1
1750930918933 0.9084393295777549 2
1750930919550 0.9388508786884088 3
1750930920168 0.9561723125286822 4
1750930920790 0.966510074416581 5
1750930921412 0.9670262714891436 6
1750930922035 0.972977219288075 7
1750930922655 0.9743991359105723 8
1750930923279 0.976766011020737 9
1750930923906 0.9763509480480276 10
1750930924528 0.9796019773121081 11
1750930925152 0.9833995533956182 12
1750930925772 0.9835694453997375 13
1750930926396 0.9837217269165873 14
1750930927017 0.9841311158450466 15
1750930927639 0.9862731010837869 16
1750930928261 0.9866768617271723 17
1750930928885 0.9850519020641856 18
1750930929509 0.9881618340013903 19
1750930930136 0.9880301840293808 20
1750930930761 0.9880549127652536 21
1750930931382 0.9883379429474446 22
1750930932012 0.9898309102409949 23
1750930932641 0.9883160736658958 24
1750930933271 0.9914526697790448 25
1750930933897 0.989686032615757 26
1750930934527 0.9887515895634466 27
1750930935153 0.9902311454034805 28
1750930935781 0.9913082461349509 29
1750930936412 0.9914529161351081 30
1750930937044 0.9914322211155001 31
1750930937674 0.99103835314176 32
1750930938306 0.9926555376289785 33
1750930938934 0.9934787076569551 34
1750930939565 0.9921396632546721 35
1750930940198 0.9929298830964114 36
1750930940828 0.9923936711066423 37
1750930941460 0.9945686762022744 38
1750930942090 0.994699568255661 39
1750930942723 0.9941530701193659 40
1750930943356 0.9942892747858415 41
1750930943987 0.9939005029987208 42
1750930944621 0.99375360282566 43
1750930945256 0.9947066864880609 44
1750930945891 0.9943010938383672 45
1750930946524 0.9953793371817442 46
1750930947157 0.9956532024256993 47
1750930947789 0.9956582456288141 48
1750930948427 0.9955143827648025 49
1750930949062 0.9953760522412479 50
1750930949701 0.9948365240502668 51
1750930950335 0.9945599458330362 52
1750930950974 0.9949907682904456 53
1750930951610 0.9972796517954298 54
1750930952248 0.9960743760971927 55
1750930952887 0.9953788683304295 56
1750930953525 0.9955092774630985 57
1750930954164 0.9959180920109628 58
1750930954804 0.9970092222384651 59
1750930955443 0.9966054550203526 60
1750930956082 0.9949709461030792 61
1750930956721 0.9963309883217382 62
1750930957365 0.9953846352336848 63
1750930958009 0.996195950248102 64
1750930958651 0.9978266065585895 65
1750930959292 0.99702281190411 66
1750930959934 0.9963274203389215 67
1750930960578 0.9936106144936815 68
1750930961222 0.9956505335192887 69
1750930961866 0.9970084731176698 70
1750930962512 0.9964719260965182 71
1750930963159 0.9956544927039 72
1750930963805 0.9971439374578238 73
1750930964450 0.9967372778059238 74
1750930965095 0.9970061638735738 75
1750930965743 0.9952485829483653 76
1750930965986 0.9952485829483653 0
1750930917716 0.7002098590396301 0
1750930965986 0.9952485829483653 0
