1751012209507 0.8430359085963003 0
1751012210109 0.9529379760609358 1
1751012210731 0.971436343852013 2
1751012211352 0.9738846572361263 3
1751012211976 0.9791893362350381 4
1751012212607 0.9824537540805223 5
1751012213242 0.9828618063112078 6
1751012213878 0.985854189336235 7
1751012214515 0.984766050054407 8
1751012215146 0.986126224156692 9
1751012215775 0.9874863982589771 10
1751012216405 0.9876224156692056 11
1751012217035 0.9870783460282916 12
1751012217667 0.9900707290533188 13
1751012218297 0.9892546245919478 14
1751012218928 0.9895266594124048 15
1751012219561 0.9914309031556039 16
1751012220193 0.9911588683351469 17
1751012220828 0.9917029379760609 18
1751012221462 0.9933351468988031 19
1751012222098 0.9906147986942329 20
1751012222734 0.9887105549510338 21
1751012223367 0.9931991294885746 22
1751012224003 0.9941512513601741 23
1751012224638 0.9917029379760609 24
1751012225272 0.9926550598476604 25
1751012225907 0.9941512513601741 26
1751012226546 0.9926550598476604 27
1751012227185 0.9946953210010882 28
1751012227824 0.9934711643090316 29
1751012228462 0.9937431991294886 30
1751012229105 0.9948313384113167 31
1751012229743 0.9957834602829162 32
1751012230384 0.9953754080522307 33
1751012231025 0.9931991294885746 34
1751012231666 0.9946953210010882 35
1751012232311 0.9975516866158868 36
1751012232958 0.9952393906420022 37
1751012233599 0.9944232861806311 38
1751012234245 0.9946953210010882 39
1751012234891 0.9937431991294886 40
1751012235541 0.9976877040261154 41
1751012236188 0.9959194776931447 42
1751012236837 0.9964635473340587 43
1751012237492 0.9946953210010882 44
1751012238145 0.9976877040261154 45
1751012238800 0.9967355821545157 46
1751012239459 0.9951033732317737 47
1751012240113 0.9927910772578891 48
1751012240765 0.9945593035908596 49
1751012241419 0.9970076169749728 50
1751012242072 0.9930631120783461 51
1751012242728 0.9955114254624592 52
1751012243383 0.9963275299238302 53
1751012244032 0.9978237214363439 54
1751012244685 0.9975516866158868 55
1751012245340 0.9970076169749728 56
1751012245992 0.9959194776931447 57
1751012246648 0.9968715995647442 58
1751012247305 0.9978237214363439 59
1751012247971 0.9980957562568009 60
1751012248631 0.9979597388465724 61
1751012248899 0.9979597388465724 0
1751012209507 0.8430359085963003 0
1751012248899 0.9979597388465724 0
