1751012209528 0.8470420089441977 0
1751012210135 0.952909767477287 1
1751012210757 0.9714062959378315 2
1751012211378 0.9738716796046467 3
1751012212004 0.9791788023608063 4
1751012212633 0.9824417695753525 5
1751012213268 0.9828584618499334 6
1751012213905 0.9858596988133778 7
1751012214541 0.9847694854447074 8
1751012215173 0.9861282124645011 9
1751012215801 0.9874916971828535 10
1751012216431 0.9876222028142276 11
1751012217061 0.9870827326744512 12
1751012217694 0.9900771990591064 13
1751012218324 0.9892583690786112 14
1751012218955 0.9895264950560293 15
1751012219587 0.9914312140545648 16
1751012220221 0.9911591858538927 17
1751012220855 0.9917127060217376 18
1751012221489 0.993333331419711 19
1751012222126 0.9906127048786314 20
1751012222761 0.9887101153629134 21
1751012223394 0.9932037161169531 22
1751012224030 0.9941523797673945 23
1751012224664 0.9917028290466599 24
1751012225299 0.9926596920195259 25
1751012225934 0.9941514960612875 26
1751012226573 0.992657931901221 27
1751012227212 0.994695552462632 28
1751012227851 0.9934736329952605 29
1751012228489 0.9937438807555727 30
1751012229132 0.9948335784655558 31
1751012229770 0.9957846750518756 32
1751012230411 0.9953754080522307 33
1751012231053 0.9932036914760177 34
1751012231693 0.994695552462632 35
1751012232339 0.9975519686921288 36
1751012232985 0.995239618117065 37
1751012233626 0.9944254088382432 38
1751012234272 0.9946996565896388 39
1751012234921 0.9937435613040219 40
1751012235570 0.9976884410506817 41
1751012236217 0.9959236887584768 42
1751012236865 0.9964666335986658 43
1751012237521 0.9946975533652436 44
1751012238172 0.9976899435215109 45
1751012238829 0.9967358217345553 46
1751012239487 0.9951010353510733 47
1751012240142 0.9927920549953656 48
1751012240794 0.9945580557904901 49
1751012241447 0.9970079266673801 50
1751012242100 0.9930647101779483 51
1751012242756 0.9955144796183165 52
1751012243411 0.9963277216666656 53
1751012244061 0.997824234368015 54
1751012244713 0.9975536635242179 55
1751012245368 0.9970081207584849 56
1751012246020 0.9959204859609926 57
1751012246677 0.9968737258726468 58
1751012247334 0.9978255562437109 59
1751012248000 0.9980962562574216 60
1751012248659 0.9979593065824223 61
1751012248899 0.9979593065824223 0
1751012209528 0.8470420089441977 0
1751012248899 0.9979593065824223 0
