1751012209550 0.8430359085963003 0
1751012210160 0.9529379760609358 1
1751012210783 0.971436343852013 2
1751012211404 0.9738846572361263 3
1751012212030 0.9791893362350381 4
1751012212659 0.9824537540805223 5
1751012213294 0.9828618063112078 6
1751012213931 0.985854189336235 7
1751012214567 0.984766050054407 8
1751012215199 0.986126224156692 9
1751012215826 0.9874863982589771 10
1751012216457 0.9876224156692056 11
1751012217088 0.9870783460282916 12
1751012217721 0.9900707290533188 13
1751012218349 0.9892546245919478 14
1751012218981 0.9895266594124048 15
1751012219614 0.9914309031556039 16
1751012220248 0.9911588683351469 17
1751012220882 0.9917029379760609 18
1751012221518 0.9933351468988031 19
1751012222152 0.9906147986942329 20
1751012222787 0.9887105549510338 21
1751012223421 0.9931991294885746 22
1751012224057 0.9941512513601741 23
1751012224691 0.9917029379760609 24
1751012225326 0.9926550598476604 25
1751012225961 0.9941512513601741 26
1751012226599 0.9926550598476604 27
1751012227239 0.9946953210010882 28
1751012227877 0.9934711643090316 29
1751012228516 0.9937431991294886 30
1751012229158 0.9948313384113167 31
1751012229797 0.9957834602829162 32
1751012230438 0.9953754080522307 33
1751012231080 0.9931991294885746 34
1751012231720 0.9946953210010882 35
1751012232366 0.9975516866158868 36
1751012233013 0.9952393906420022 37
1751012233654 0.9944232861806311 38
1751012234299 0.9946953210010882 39
1751012234951 0.9937431991294886 40
1751012235597 0.9976877040261154 41
1751012236244 0.9959194776931447 42
1751012236894 0.9964635473340587 43
1751012237549 0.9946953210010882 44
1751012238200 0.9976877040261154 45
1751012238858 0.9967355821545157 46
1751012239514 0.9951033732317737 47
1751012240171 0.9927910772578891 48
1751012240823 0.9945593035908596 49
1751012241475 0.9970076169749728 50
1751012242130 0.9930631120783461 51
1751012242785 0.9955114254624592 52
1751012243440 0.9963275299238302 53
1751012244090 0.9978237214363439 54
1751012244744 0.9975516866158868 55
1751012245397 0.9970076169749728 56
1751012246049 0.9959194776931447 57
1751012246706 0.9968715995647442 58
1751012247364 0.9978237214363439 59
1751012248029 0.9980957562568009 60
1751012248687 0.9979597388465724 61
1751012248899 0.9979597388465724 0
1751012209550 0.8430359085963003 0
1751012248899 0.9979597388465724 0
