1751012209572 0.8386016376352492 0
1751012210187 0.9527985230097195 1
1751012210809 0.9714125895213798 2
1751012211430 0.973871985666074 3
1751012212056 0.9791829536870009 4
1751012212685 0.9824470041533201 5
1751012213321 0.9828594387037385 6
1751012213957 0.9858551738971251 7
1751012214593 0.98476673402708 8
1751012215225 0.9861267157816151 9
1751012215852 0.9874872692166877 10
1751012216483 0.9876222598040333 11
1751012217114 0.9870774613611343 12
1751012217747 0.9900715254694409 13
1751012218376 0.9892552554468228 14
1751012219008 0.9895265275264897 15
1751012219641 0.9914310086321397 16
1751012220274 0.9911589771601442 17
1751012220909 0.9917037724521569 18
1751012221544 0.9933332994567442 19
1751012222179 0.9906135974318501 20
1751012222814 0.9887102733434109 21
1751012223447 0.9931995530244793 22
1751012224084 0.9941509471067936 23
1751012224717 0.9917028334950113 24
1751012225352 0.9926555710619689 25
1751012225988 0.9941513233520954 26
1751012226626 0.9926540358542515 27
1751012227266 0.9946953862960864 28
1751012227905 0.9934714168344219 29
1751012228544 0.993743023223911 30
1751012229185 0.9948311321730045 31
1751012229825 0.9957836123995807 32
1751012230465 0.9953754080522307 33
1751012231107 0.9931996028351563 34
1751012231747 0.9946953862960864 35
1751012232393 0.9975516242605407 36
1751012233040 0.9952392195097731 37
1751012233682 0.9944242973496665 38
1751012234327 0.9946966690908264 39
1751012234978 0.9937432704888879 40
1751012235625 0.997687614705568 41
1751012236271 0.9959197617010939 42
1751012236922 0.9964632650889882 43
1751012237577 0.9946955741906286 44
1751012238229 0.9976875518787992 45
1751012238888 0.9967354990140542 46
1751012239542 0.9951017818993584 47
1751012240199 0.9927913296774069 48
1751012240851 0.9945584695545749 49
1751012241504 0.9970076548978215 50
1751012242158 0.9930626556363977 51
1751012242815 0.9955116889841159 52
1751012243467 0.9963275751280599 53
1751012244118 0.9978237743946219 54
1751012244775 0.9975517978140086 55
1751012245426 0.9970076136171713 56
1751012246078 0.9959192875434032 57
1751012246734 0.9968713937183753 58
1751012247395 0.9978238248847481 59
1751012248058 0.9980958025952942 60
1751012248716 0.9979591629748915 61
1751012248899 0.9979591629748915 0
1751012209572 0.8386016376352492 0
1751012248899 0.9979591629748915 0
