1751012209487 0.634825693737306 0
1751012210083 0.19321700427944694 1
1751012210704 0.11134072108613784 2
1751012211326 0.0874321350586622 3
1751012211950 0.06689398482409473 4
1751012212581 0.06063650482383853 5
1751012213216 0.05408273539399491 6
1751012213852 0.04825611923891196 7
1751012214488 0.04678041092297457 8
1751012215119 0.043143956556154155 9
1751012215748 0.03966126951436645 10
1751012216378 0.03900218527395201 11
1751012217008 0.04112945766298666 12
1751012217641 0.03446627022613395 13
1751012218271 0.033350137615691916 14
1751012218902 0.029500609953402337 15
1751012219533 0.028060483484771165 16
1751012220166 0.02825369426911703 17
1751012220802 0.025946552850006067 18
1751012221436 0.024781026583067644 19
1751012222072 0.0300635544510236 20
1751012222707 0.033491003643761875 21
1751012223340 0.02349519985727966 22
1751012223976 0.021778870473785066 23
1751012224611 0.02475546595110468 24
1751012225245 0.023442879982213605 25
1751012225880 0.01897752848585563 26
1751012226518 0.023177866983583137 27
1751012227158 0.01866818495273136 28
1751012227797 0.021989810322304952 29
1751012228434 0.022540274586921743 30
1751012229077 0.02160755244171869 31
1751012229715 0.01667064798324976 32
1751012230356 0.01576402767635355 33
1751012230997 0.01968543487119613 34
1751012231638 0.018760201351978575 35
1751012232284 0.013584555429735821 36
1751012232931 0.017941084763357443 37
1751012233571 0.020288113831472505 38
1751012234217 0.01887627378444596 39
1751012234863 0.018784363730785247 40
1751012235513 0.011991776278702557 41
1751012236160 0.01464785475352773 42
1751012236808 0.015166990282885543 43
1751012237464 0.01612553322714094 44
1751012238117 0.012392425314767511 45
1751012238770 0.012234515280962413 46
1751012239430 0.018937683219375886 47
1751012240084 0.025934772234069543 48
1751012240737 0.020585555639482785 49
1751012241390 0.012038611098049741 50
1751012242043 0.01967629881006168 51
1751012242700 0.015516732466205451 52
1751012243352 0.013325535518981687 53
1751012244003 0.011405168025439222 54
1751012244656 0.0148853070003318 55
1751012245312 0.014094927635244515 56
1751012245963 0.015649839253717136 57
1751012246619 0.01340920302000452 58
1751012247276 0.010684651332290213 59
1751012247941 0.009887043970421167 60
1751012248602 0.010595191924394969 61
1751012248899 0.010595191924394969 0
1751012209487 0.634825693737306 0
1751012248899 0.010595191924394969 0
