1751012537534 0.6187174710991333 0
1751012538134 0.18484338060005187 1
1751012538754 0.11117994816116461 2
1751012539377 0.08054126038644727 3
1751012540004 0.06792330075464778 4
1751012540633 0.06019473732150159 5
1751012541265 0.05275387156823644 6
1751012541900 0.04682011679990442 7
1751012542538 0.04198718820804967 8
1751012543175 0.03820567786839504 9
1751012543803 0.03774599722354502 10
1751012544444 0.03465383096220087 11
1751012545076 0.03326087229367309 12
1751012545708 0.03917660211213946 13
1751012546339 0.03434601713628615 14
1751012546974 0.030552543960187393 15
1751012547610 0.026348370944187287 16
1751012548242 0.026042585900626972 17
1751012548876 0.024443822796836545 18
1751012549510 0.0222221381944058 19
1751012550145 0.021664135318180552 20
1751012550782 0.02292974987974283 21
1751012551418 0.018955338798246475 22
1751012552054 0.024378928965944655 23
1751012552691 0.023355426985042838 24
1751012553327 0.02047684100194063 25
1751012553968 0.01893683330113346 26
1751012554606 0.01708472617248213 27
1751012555243 0.017920647512703843 28
1751012555887 0.017235158843325778 29
1751012556533 0.01460579734080764 30
1751012557183 0.021657134424509953 31
1751012557826 0.020038894147098356 32
1751012558462 0.01700236825262307 33
1751012559105 0.015740043492541853 34
1751012559749 0.015985367219728926 35
1751012560395 0.014248344326701919 36
1751012561046 0.0133344279835254 37
1751012561694 0.011610500013376702 38
1751012562336 0.017545756695425224 39
1751012562985 0.022984839688532533 40
1751012563632 0.015303317493413524 41
1751012564278 0.01791819690861481 42
1751012564929 0.010634640591488635 43
1751012565582 0.009818289715997365 44
1751012566228 0.011368085370045378 45
1751012566879 0.015358339825653197 46
1751012567527 0.016797567854034468 47
1751012568178 0.019061765910184034 48
1751012568474 0.019061765910184034 0
1751012537534 0.6187174710991333 0
1751012568474 0.019061765910184034 0
