1751012537577 0.8587916028357537 0
1751012538186 0.9531600008582711 1
1751012538807 0.9692365197118195 2
1751012539430 0.9783567964044122 3
1751012540057 0.9809550512814009 4
1751012540686 0.9828594546733215 5
1751012541318 0.9838207813948764 6
1751012541954 0.9862626782417919 7
1751012542592 0.9878962423146508 8
1751012543227 0.9887158050594879 9
1751012543857 0.9877669776251762 10
1751012544498 0.9895251218935025 11
1751012545130 0.9899282604890534 12
1751012545762 0.9885795663814202 13
1751012546393 0.9895277492917295 14
1751012547027 0.9912954492795888 15
1751012547663 0.991440719677934 16
1751012548295 0.9922562636615259 17
1751012548930 0.9930633832585986 18
1751012549564 0.9929270946681176 19
1751012550200 0.9922473104183559 20
1751012550836 0.9937446762375677 21
1751012551473 0.9953760244323062 22
1751012552108 0.9929276211595564 23
1751012552747 0.9944260600785763 24
1751012553382 0.9944218349361517 25
1751012554022 0.9941533294754602 26
1751012554660 0.9952377178355157 27
1751012555298 0.9944250729260549 28
1751012555943 0.9952406432786881 29
1751012556588 0.9961934950906897 30
1751012557238 0.9942905689384244 31
1751012557880 0.9959237831572867 32
1751012558517 0.9959210976478311 33
1751012559160 0.9959176775881227 34
1751012559805 0.9955204663583336 35
1751012560452 0.9966024988426131 36
1751012561103 0.996330089505608 37
1751012561750 0.9976884410506817 38
1751012562394 0.9949695202090215 39
1751012563041 0.9936077757335839 40
1751012563688 0.9964638591027428 41
1751012564334 0.9952405324814028 42
1751012564986 0.9980960543618721 43
1751012565637 0.998368278146828 44
1751012566284 0.9972799197062711 45
1751012566934 0.9960610881489226 46
1751012567584 0.9961933250678008 47
1751012568235 0.9948309310731507 48
1751012568474 0.9948309310731507 0
1751012537577 0.8587916028357537 0
1751012568474 0.9948309310731507 0
