1751012537555 0.8570457018498367 0
1751012538160 0.9532100108813928 1
1751012538780 0.969260065288357 2
1751012539404 0.9783732317736671 3
1751012540031 0.9809575625680087 4
1751012540660 0.9828618063112078 5
1751012541292 0.9838139281828074 6
1751012541927 0.9862622415669206 7
1751012542565 0.9878944504896626 8
1751012543201 0.9887105549510338 9
1751012543830 0.9877584330794341 10
1751012544472 0.9895266594124048 11
1751012545103 0.9899347116430903 12
1751012545735 0.9885745375408053 13
1751012546366 0.9895266594124048 14
1751012547001 0.9912948857453754 15
1751012547636 0.9914309031556039 16
1751012548268 0.9922470076169749 17
1751012548903 0.9930631120783461 18
1751012549537 0.9929270946681176 19
1751012550172 0.9922470076169749 20
1751012550809 0.9937431991294886 21
1751012551445 0.9953754080522307 22
1751012552081 0.9929270946681176 23
1751012552718 0.9944232861806311 24
1751012553355 0.9944232861806311 25
1751012553995 0.9941512513601741 26
1751012554633 0.9952393906420022 27
1751012555271 0.9944232861806311 28
1751012555915 0.9952393906420022 29
1751012556561 0.9961915125136017 30
1751012557211 0.9942872687704026 31
1751012557853 0.9959194776931447 32
1751012558490 0.9959194776931447 33
1751012559132 0.9959194776931447 34
1751012559777 0.9955114254624592 35
1751012560423 0.9965995647442872 36
1751012561074 0.9963275299238302 37
1751012561722 0.9976877040261154 38
1751012562365 0.9949673558215452 39
1751012563013 0.9936071817192601 40
1751012563660 0.9964635473340587 41
1751012564306 0.9952393906420022 42
1751012564958 0.9980957562568009 43
1751012565610 0.9983677910772579 44
1751012566256 0.9972796517954298 45
1751012566907 0.9960554951033732 46
1751012567555 0.9961915125136017 47
1751012568207 0.9948313384113167 48
1751012568474 0.9948313384113167 0
1751012537555 0.8570457018498367 0
1751012568474 0.9948313384113167 0
