1751012537622 0.8555354500339486 0
1751012538238 0.9531343351831117 1
1751012538860 0.9692410060377662 2
1751012539483 0.9783636817801513 3
1751012540110 0.980955115230591 4
1751012540738 0.9828567036908146 5
1751012541371 0.9838171438741128 6
1751012542006 0.9862624106642242 7
1751012542646 0.9878934979626581 8
1751012543279 0.9887113351682532 9
1751012543910 0.9877595413523405 10
1751012544551 0.9895252500547905 11
1751012545183 0.9899301169894185 12
1751012545814 0.9885753951605021 13
1751012546446 0.9895269007138282 14
1751012547081 0.9912933287074591 15
1751012547716 0.9914317649915717 16
1751012548349 0.9922502229640754 17
1751012548983 0.9930631974641131 18
1751012549618 0.9929270946681176 19
1751012550254 0.9922467081304341 20
1751012550891 0.9937434184220332 21
1751012551527 0.995375513968787 22
1751012552164 0.9929271811556867 23
1751012552801 0.9944237471528948 24
1751012553437 0.9944224127218158 25
1751012554076 0.9941503449787706 26
1751012554714 0.9952384964898108 27
1751012555353 0.994422919237104 28
1751012555999 0.9952395623866234 29
1751012556644 0.9961916935483093 30
1751012557294 0.9942879130797982 31
1751012557933 0.9959197440004584 32
1751012558573 0.995919594153575 33
1751012559215 0.9959183830436606 34
1751012559861 0.9955118495404751 35
1751012560508 0.9965997643819059 36
1751012561159 0.9963272476167517 37
1751012561804 0.997687614705568 38
1751012562451 0.9949669976882987 39
1751012563096 0.9936068449117342 40
1751012563744 0.9964635931186523 41
1751012564391 0.9952393104678684 42
1751012565043 0.998095553971735 43
1751012565693 0.9983678307959666 44
1751012566341 0.9972795825117118 45
1751012566991 0.99605581148786 46
1751012567641 0.9961914299317173 47
1751012568291 0.9948310220275356 48
1751012568474 0.9948310220275356 0
1751012537622 0.8555354500339486 0
1751012568474 0.9948310220275356 0
