1751012537599 0.8570457018498367 0
1751012538212 0.9532100108813928 1
1751012538834 0.969260065288357 2
1751012539456 0.9783732317736671 3
1751012540083 0.9809575625680087 4
1751012540712 0.9828618063112078 5
1751012541344 0.9838139281828074 6
1751012541980 0.9862622415669206 7
1751012542618 0.9878944504896626 8
1751012543253 0.9887105549510338 9
1751012543884 0.9877584330794341 10
1751012544525 0.9895266594124048 11
1751012545157 0.9899347116430903 12
1751012545788 0.9885745375408053 13
1751012546420 0.9895266594124048 14
1751012547054 0.9912948857453754 15
1751012547689 0.9914309031556039 16
1751012548322 0.9922470076169749 17
1751012548957 0.9930631120783461 18
1751012549591 0.9929270946681176 19
1751012550227 0.9922470076169749 20
1751012550863 0.9937431991294886 21
1751012551500 0.9953754080522307 22
1751012552135 0.9929270946681176 23
1751012552774 0.9944232861806311 24
1751012553409 0.9944232861806311 25
1751012554049 0.9941512513601741 26
1751012554687 0.9952393906420022 27
1751012555325 0.9944232861806311 28
1751012555971 0.9952393906420022 29
1751012556616 0.9961915125136017 30
1751012557266 0.9942872687704026 31
1751012557907 0.9959194776931447 32
1751012558545 0.9959194776931447 33
1751012559187 0.9959194776931447 34
1751012559832 0.9955114254624592 35
1751012560480 0.9965995647442872 36
1751012561131 0.9963275299238302 37
1751012561777 0.9976877040261154 38
1751012562422 0.9949673558215452 39
1751012563069 0.9936071817192601 40
1751012563716 0.9964635473340587 41
1751012564362 0.9952393906420022 42
1751012565015 0.9980957562568009 43
1751012565665 0.9983677910772579 44
1751012566312 0.9972796517954298 45
1751012566963 0.9960554951033732 46
1751012567613 0.9961915125136017 47
1751012568263 0.9948313384113167 48
1751012568474 0.9948313384113167 0
1751012537599 0.8570457018498367 0
1751012568474 0.9948313384113167 0
