1751011878909 0.6497167141639888 0
1751011879504 0.20004829667078916 1
1751011880122 0.11728670655205538 2
1751011880740 0.08508783008120914 3
1751011881362 0.06786214283407059 4
1751011881988 0.06067646946656691 5
1751011882618 0.05136763849280475 6
1751011883250 0.04821489618582422 7
1751011883880 0.042914153208958146 8
1751011884511 0.04317608421163733 9
1751011885142 0.03835576029962599 10
1751011885769 0.03645451743078699 11
1751011886398 0.03276701716521716 12
1751011887028 0.031014336871491976 13
1751011887656 0.030438022760489916 14
1751011888285 0.029577300142014443 15
1751011888914 0.02720068628525805 16
1751011889545 0.022492157567953194 17
1751011890173 0.022534481140301522 18
1751011890802 0.02042007160457145 19
1751011891433 0.02019958747642052 20
1751011892063 0.018781281937769047 21
1751011892694 0.019873884517671105 22
1751011893331 0.018493055084252058 23
1751011893960 0.01591369013557407 24
1751011894591 0.015088730356661082 25
1751011895225 0.017834332116430582 26
1751011895856 0.016545884602047478 27
1751011896491 0.014925823519330663 28
1751011897123 0.01402723859875008 29
1751011897762 0.017763924939503187 30
1751011898396 0.012164513286612564 31
1751011899034 0.013794907456886133 32
1751011899669 0.010450725719561725 33
1751011900307 0.011096132334962212 34
1751011900944 0.008729385098308666 35
1751011901581 0.010383743088959967 36
1751011902218 0.009063535194359599 37
1751011902858 0.015989082758249035 38
1751011903496 0.010474542014364667 39
1751011903784 0.010474542014364667 0
1751011878909 0.6497167141639888 0
1751011903784 0.010474542014364667 0
