1751011878972 0.8516050054406964 0
1751011879581 0.9518498367791077 1
1751011880199 0.971164309031556 2
1751011880817 0.9756528835690969 3
1751011881440 0.9802774755168662 4
1751011882066 0.9813656147986942 5
1751011882696 0.984221980413493 6
1751011883328 0.9851741022850925 7
1751011883958 0.9869423286180631 8
1751011884593 0.9863982589771491 9
1751011885222 0.9883025027203483 10
1751011885849 0.9887105549510338 11
1751011886477 0.9889825897714908 12
1751011887108 0.9889825897714908 13
1751011887736 0.9900707290533188 14
1751011888364 0.9900707290533188 15
1751011888993 0.9921109902067464 16
1751011889623 0.9926550598476604 17
1751011890253 0.9931991294885746 18
1751011890881 0.9933351468988031 19
1751011891513 0.9934711643090316 20
1751011892142 0.9948313384113167 21
1751011892776 0.9941512513601741 22
1751011893409 0.9951033732317737 23
1751011894040 0.9953754080522307 24
1751011894671 0.9953754080522307 25
1751011895306 0.9946953210010882 26
1751011895937 0.9946953210010882 27
1751011896571 0.9960554951033732 28
1751011897204 0.9956474428726877 29
1751011897843 0.9946953210010882 30
1751011898477 0.9968715995647442 31
1751011899115 0.9963275299238302 32
1751011899750 0.9978237214363439 33
1751011900388 0.9974156692056583 34
1751011901026 0.9982317736670294 35
1751011901662 0.9970076169749728 36
1751011902300 0.9985038084874864 37
1751011902939 0.9961915125136017 38
1751011903578 0.9982317736670294 39
1751011903784 0.9982317736670294 0
1751011878972 0.8516050054406964 0
1751011903784 0.9982317736670294 0
