1751011878994 0.8469333733674971 0
1751011879607 0.9517186436647764 1
1751011880225 0.9711455623734054 2
1751011880842 0.9756405483263562 3
1751011881466 0.9802776894452032 4
1751011882092 0.981363040487669 5
1751011882722 0.9842227174833734 6
1751011883354 0.9851764889628984 7
1751011883984 0.9869424904339857 8
1751011884619 0.9863989055296759 9
1751011885248 0.9883022048003609 10
1751011885875 0.9887104127882941 11
1751011886504 0.9889829872376139 12
1751011887134 0.988983473466092 13
1751011887762 0.9900703455003805 14
1751011888390 0.9900705914159508 15
1751011889019 0.9921117044270639 16
1751011889650 0.9926550598476604 17
1751011890279 0.9931990387812103 18
1751011890909 0.9933351806988754 19
1751011891539 0.99347161872175 20
1751011892168 0.9948313384113167 21
1751011892804 0.9941511001713481 22
1751011893436 0.9951034923878993 23
1751011894066 0.9953749317977297 24
1751011894698 0.9953757299279062 25
1751011895333 0.9946954316716684 26
1751011895963 0.9946943135231856 27
1751011896598 0.9960557266830109 28
1751011897232 0.9956473869472456 29
1751011897870 0.9946955603407894 30
1751011898504 0.996871638072051 31
1751011899142 0.9963277455324584 32
1751011899777 0.9978237214363439 33
1751011900415 0.9974157010160423 34
1751011901053 0.9982316573190818 35
1751011901689 0.9970077592165286 36
1751011902329 0.9985036729326445 37
1751011902967 0.9961918607798832 38
1751011903605 0.9982317954320288 39
1751011903784 0.9982317954320288 0
1751011878994 0.8469333733674971 0
1751011903784 0.9982317954320288 0
