1751011878950 0.8576108858192657 0
1751011879555 0.9517700486891383 1
1751011880174 0.9711343411839221 2
1751011880791 0.9756292243825953 3
1751011881414 0.980278819918862 4
1751011882040 0.9813613818684561 5
1751011882670 0.9842250220069134 6
1751011883302 0.9852041276207022 7
1751011883932 0.9869428832425066 8
1751011884567 0.9864011281725621 9
1751011885195 0.9883023031729631 10
1751011885822 0.9887103698095429 11
1751011886451 0.9889842778870319 12
1751011887082 0.9889892192245944 13
1751011887709 0.9900708581654256 14
1751011888338 0.9900710285355122 15
1751011888966 0.992118825579816 16
1751011889597 0.9926550598476604 17
1751011890226 0.9931991729830393 18
1751011890855 0.9933356692940457 19
1751011891487 0.9934756912042636 20
1751011892116 0.9948313384113167 21
1751011892748 0.9941513025610611 22
1751011893384 0.9951040154739502 23
1751011894013 0.9953765632130931 24
1751011894645 0.9953796893019851 25
1751011895279 0.9946960784457901 26
1751011895910 0.9946934064519933 27
1751011896544 0.9960584892304648 28
1751011897178 0.995647564514497 29
1751011897816 0.9946962785909619 30
1751011898450 0.99687177806801 31
1751011899088 0.996330494036539 32
1751011899723 0.9978237214363439 33
1751011900361 0.9974158344693546 34
1751011900999 0.9982340886207534 35
1751011901635 0.9970095256672004 36
1751011902273 0.9985040323680362 37
1751011902912 0.9961941378148901 38
1751011903551 0.9982319190713714 39
1751011903784 0.9982319190713714 0
1751011878950 0.8576108858192657 0
1751011903784 0.9982319190713714 0
