1751011610917 0.8456171840402728 0
1751011611524 0.9561723446344061 1
1751011612155 0.9718056591817198 2
1751011612784 0.9774088048293933 3
1751011613413 0.9791882484654372 4
1751011614048 0.9799917991304243 5
1751011614684 0.9832909649716428 6
1751011615321 0.9858487376926586 7
1751011615964 0.985863264276289 8
1751011616604 0.9881682302272508 9
1751011617244 0.9866702937976061 10
1751011617881 0.9874817493539193 11
1751011618521 0.9889809211626136 12
1751011619157 0.989799351414956 13
1751011619795 0.9904836941935585 14
1751011620431 0.9908839219944723 15
1751011621078 0.9906146620513446 16
1751011621714 0.9912970941802289 17
1751011622364 0.9937476909325096 18
1751011623008 0.9952424748122424 19
1751011623649 0.9933486741530991 20
1751011624308 0.9927900142587167 21
1751011624958 0.9938778749936706 22
1751011625601 0.9940162219378093 23
1751011626246 0.9964637727486975 24
1751011626895 0.9951035278194085 25
1751011627535 0.9953760373633568 26
1751011628180 0.9945593035908596 27
1751011628821 0.9952393717814346 28
1751011629465 0.9940177094943179 29
1751011630113 0.9949710195585818 30
1751011630759 0.9941522410447857 31
1751011631409 0.9934711643090316 32
1751011632056 0.9961921030315762 33
1751011632705 0.9959200682111192 34
1751011633357 0.9974163845190654 35
1751011634010 0.9978255562437109 36
1751011634652 0.99687177806801 37
1751011635295 0.9961917237628397 38
1751011635944 0.995520514834987 39
1751011636589 0.9934734275309427 40
1751011637235 0.9946970259824691 41
1751011637882 0.9968730236291807 42
1751011638526 0.997145798422268 43
1751011639171 0.9976883436034201 44
1751011639819 0.9934720931654522 45
1751011640471 0.9964655052828598 46
1751011641120 0.9971446034457889 47
1751011641770 0.9960559312398152 48
1751011642419 0.9968809827197126 49
1751011643072 0.9970076169749728 50
1751011643724 0.9974158344693546 51
1751011644374 0.9978240176779866 52
1751011645026 0.9961921030315762 53
1751011645684 0.99687177806801 54
1751011646338 0.9976878626700268 55
1751011646992 0.9975534659134044 56
1751011647672 0.9961935857890611 57
1751011648324 0.9971445607436514 58
1751011648991 0.9951049504366256 59
1751011649646 0.9974158278495698 60
1751011650316 0.9967361468103892 61
1751011650971 0.9980968557398676 62
1751011651629 0.9974157057720651 63
1751011652284 0.9980996865844443 64
1751011652939 0.9967361468103892 65
1751011653595 0.9956474428726877 66
1751011653842 0.9956474428726877 0
1751011610917 0.8456171840402728 0
1751011653842 0.9956474428726877 0
