1751011610873 0.6438614128398688 0
1751011611471 0.18139679426726632 1
1751011612103 0.10568459761674567 2
1751011612730 0.07944160605800035 3
1751011613360 0.06941473713880394 4
1751011613995 0.0623553395352374 5
1751011614631 0.0501647706470889 6
1751011615268 0.047509740223303454 7
1751011615909 0.043761968047188855 8
1751011616551 0.039315660158830965 9
1751011617189 0.03800321960065745 10
1751011617827 0.03670287517662504 11
1751011618466 0.03215948038585525 12
1751011619103 0.03656121982733787 13
1751011619741 0.02933590568427779 14
1751011620377 0.027754621926828878 15
1751011621022 0.02550662005111429 16
1751011621659 0.024488547987125256 17
1751011622309 0.020743818384097633 18
1751011622952 0.019268865244598882 19
1751011623593 0.023903512268228875 20
1751011624248 0.026619264156728887 21
1751011624903 0.02115481680409093 22
1751011625545 0.019761056140657023 23
1751011626187 0.01661679124808237 24
1751011626839 0.016140164476054212 25
1751011627478 0.016686033864907912 26
1751011628125 0.01793845471094025 27
1751011628764 0.015260507157568996 28
1751011629409 0.02200276981654118 29
1751011630057 0.019703449928166267 30
1751011630703 0.020223797620725095 31
1751011631353 0.018499756721887126 32
1751011632001 0.013906019662787593 33
1751011632649 0.014178665474683484 34
1751011633301 0.011675966760169987 35
1751011633953 0.010336285580650896 36
1751011634595 0.012227716489357547 37
1751011635238 0.012631997219575681 38
1751011635887 0.01563924708215153 39
1751011636532 0.020960945084232987 40
1751011637178 0.022601398386028763 41
1751011637825 0.01283931374254457 42
1751011638470 0.010232822558871988 43
1751011639115 0.00972815142524904 44
1751011639762 0.01609908193663995 45
1751011640413 0.011246501383755733 46
1751011641064 0.012651732536509098 47
1751011641712 0.014275205052803322 48
1751011642363 0.013761200528628354 49
1751011643015 0.012475517783384928 50
1751011643666 0.011740323188294119 51
1751011644316 0.008105980476779484 52
1751011644968 0.013394687775729205 53
1751011645626 0.011431084379555822 54
1751011646280 0.009803103006387107 55
1751011646935 0.009500985397877207 56
1751011647614 0.014839621845499022 57
1751011648266 0.011612230254148698 58
1751011648933 0.018262978475079777 59
1751011649587 0.01006502583567195 60
1751011650257 0.011020717765908928 61
1751011650913 0.009400154843468369 62
1751011651571 0.00958207415663095 63
1751011652226 0.009773585383432702 64
1751011652881 0.010030552445403153 65
1751011653537 0.015015445779593534 66
1751011653842 0.015015445779593534 0
1751011610873 0.6438614128398688 0
1751011653842 0.015015445779593534 0
