1751011610895 0.8363710554951034 0
1751011611498 0.95620239390642 1
1751011612129 0.9718443960826986 2
1751011612757 0.9774211099020674 3
1751011613386 0.9791893362350381 4
1751011614022 0.9800054406964092 5
1751011614657 0.9832698585418934 6
1751011615294 0.985854189336235 7
1751011615937 0.985854189336235 8
1751011616578 0.9881664853101197 9
1751011617217 0.9866702937976061 10
1751011617854 0.9874863982589771 11
1751011618494 0.9889825897714908 12
1751011619130 0.9897986942328618 13
1751011619768 0.9904787812840044 14
1751011620404 0.9908868335146899 15
1751011621050 0.9906147986942329 16
1751011621687 0.9912948857453754 17
1751011622336 0.9937431991294886 18
1751011622980 0.9952393906420022 19
1751011623621 0.9933351468988031 20
1751011624277 0.9927910772578891 21
1751011624931 0.9938792165397171 22
1751011625572 0.9940152339499456 23
1751011626215 0.9964635473340587 24
1751011626867 0.9951033732317737 25
1751011627507 0.9953754080522307 26
1751011628153 0.9945593035908596 27
1751011628793 0.9952393906420022 28
1751011629437 0.9940152339499456 29
1751011630085 0.9949673558215452 30
1751011630731 0.9941512513601741 31
1751011631381 0.9934711643090316 32
1751011632028 0.9961915125136017 33
1751011632677 0.9959194776931447 34
1751011633329 0.9974156692056583 35
1751011633982 0.9978237214363439 36
1751011634624 0.9968715995647442 37
1751011635266 0.9961915125136017 38
1751011635916 0.9955114254624592 39
1751011636560 0.9934711643090316 40
1751011637206 0.9946953210010882 41
1751011637853 0.9968715995647442 42
1751011638498 0.9971436343852013 43
1751011639143 0.9976877040261154 44
1751011639790 0.9934711643090316 45
1751011640442 0.9964635473340587 46
1751011641092 0.9971436343852013 47
1751011641741 0.9960554951033732 48
1751011642391 0.9968715995647442 49
1751011643044 0.9970076169749728 50
1751011643695 0.9974156692056583 51
1751011644345 0.9978237214363439 52
1751011644997 0.9961915125136017 53
1751011645655 0.9968715995647442 54
1751011646309 0.9976877040261154 55
1751011646964 0.9975516866158868 56
1751011647643 0.9961915125136017 57
1751011648295 0.9971436343852013 58
1751011648962 0.9951033732317737 59
1751011649617 0.9974156692056583 60
1751011650286 0.9967355821545157 61
1751011650942 0.9980957562568009 62
1751011651600 0.9974156692056583 63
1751011652255 0.9980957562568009 64
1751011652910 0.9967355821545157 65
1751011653566 0.9956474428726877 66
1751011653842 0.9956474428726877 0
1751011610895 0.8363710554951034 0
1751011653842 0.9956474428726877 0
