1751011610961 0.8344051234542176 0
1751011611577 0.9560855185289096 1
1751011612208 0.9718219767601926 2
1751011612837 0.9774138357705244 3
1751011613466 0.9791869480216485 4
1751011614101 0.9799971355908927 5
1751011614737 0.9832721657477776 6
1751011615374 0.9858513138221462 7
1751011616018 0.9858554004900901 8
1751011616658 0.988166912218178 9
1751011617299 0.9866702937976061 10
1751011617936 0.987483425578096 11
1751011618575 0.9889811083121887 12
1751011619213 0.9897981631162656 13
1751011619849 0.9904794439692188 14
1751011620493 0.990884879500421 15
1751011621132 0.9906146805107505 16
1751011621776 0.9912941909882788 17
1751011622419 0.9937436346083438 18
1751011623063 0.9952396701346684 19
1751011623706 0.9933358150312528 20
1751011624367 0.9927900719477316 21
1751011625014 0.993878398060557 22
1751011625657 0.9940149223111281 23
1751011626302 0.9964634572652253 24
1751011626950 0.9951032485210813 25
1751011627591 0.9953755205885716 26
1751011628236 0.9945593035908596 27
1751011628877 0.995239330693859 28
1751011629520 0.9940159137592968 29
1751011630170 0.9949680783713963 30
1751011630815 0.9941509669100577 31
1751011631465 0.9934711643090316 32
1751011632115 0.9961916051905884 33
1751011632761 0.9959195703701313 34
1751011633413 0.9974155693768114 35
1751011634064 0.9978238248847481 36
1751011634709 0.996871638072051 37
1751011635351 0.9961914155163966 38
1751011636000 0.9955118769003471 39
1751011636645 0.9934714284522521 40
1751011637291 0.9946952834960332 41
1751011637938 0.996871439764352 42
1751011638583 0.9971434464385167 43
1751011639227 0.9976877609132188 44
1751011639876 0.9934708243394124 45
1751011640527 0.9964637154377158 46
1751011641177 0.9971440685675456 47
1751011641827 0.9960555963516562 48
1751011642478 0.9968716688530631 49
1751011643129 0.9970076169749728 50
1751011643781 0.9974157010160423 51
1751011644431 0.9978236660093694 52
1751011645084 0.9961916051905884 53
1751011645742 0.996871638072051 54
1751011646395 0.9976877324880378 55
1751011647076 0.99755238124922 56
1751011647729 0.9961916749222488 57
1751011648383 0.9971438279862564 58
1751011649049 0.9951035781407577 59
1751011649704 0.9974156976675808 60
1751011650373 0.9967356615919328 61
1751011651030 0.9980959552658488 62
1751011651688 0.9974156366623805 63
1751011652343 0.9980958887938437 64
1751011652996 0.9967356615919328 65
1751011653653 0.9956474428726877 66
1751011653842 0.9956474428726877 0
1751011610961 0.8344051234542176 0
1751011653842 0.9956474428726877 0
