1751011610939 0.8363710554951034 0
1751011611551 0.95620239390642 1
1751011612182 0.9718443960826986 2
1751011612810 0.9774211099020674 3
1751011613440 0.9791893362350381 4
1751011614075 0.9800054406964092 5
1751011614711 0.9832698585418934 6
1751011615348 0.985854189336235 7
1751011615991 0.985854189336235 8
1751011616631 0.9881664853101197 9
1751011617272 0.9866702937976061 10
1751011617909 0.9874863982589771 11
1751011618548 0.9889825897714908 12
1751011619185 0.9897986942328618 13
1751011619822 0.9904787812840044 14
1751011620466 0.9908868335146899 15
1751011621105 0.9906147986942329 16
1751011621741 0.9912948857453754 17
1751011622392 0.9937431991294886 18
1751011623035 0.9952393906420022 19
1751011623678 0.9933351468988031 20
1751011624339 0.9927910772578891 21
1751011624986 0.9938792165397171 22
1751011625629 0.9940152339499456 23
1751011626274 0.9964635473340587 24
1751011626922 0.9951033732317737 25
1751011627563 0.9953754080522307 26
1751011628208 0.9945593035908596 27
1751011628849 0.9952393906420022 28
1751011629493 0.9940152339499456 29
1751011630142 0.9949673558215452 30
1751011630787 0.9941512513601741 31
1751011631437 0.9934711643090316 32
1751011632086 0.9961915125136017 33
1751011632733 0.9959194776931447 34
1751011633385 0.9974156692056583 35
1751011634037 0.9978237214363439 36
1751011634682 0.9968715995647442 37
1751011635323 0.9961915125136017 38
1751011635972 0.9955114254624592 39
1751011636617 0.9934711643090316 40
1751011637263 0.9946953210010882 41
1751011637910 0.9968715995647442 42
1751011638555 0.9971436343852013 43
1751011639199 0.9976877040261154 44
1751011639848 0.9934711643090316 45
1751011640499 0.9964635473340587 46
1751011641148 0.9971436343852013 47
1751011641798 0.9960554951033732 48
1751011642449 0.9968715995647442 49
1751011643101 0.9970076169749728 50
1751011643752 0.9974156692056583 51
1751011644403 0.9978237214363439 52
1751011645055 0.9961915125136017 53
1751011645713 0.9968715995647442 54
1751011646367 0.9976877040261154 55
1751011647041 0.9975516866158868 56
1751011647700 0.9961915125136017 57
1751011648354 0.9971436343852013 58
1751011649020 0.9951033732317737 59
1751011649675 0.9974156692056583 60
1751011650344 0.9967355821545157 61
1751011651001 0.9980957562568009 62
1751011651659 0.9974156692056583 63
1751011652314 0.9980957562568009 64
1751011652968 0.9967355821545157 65
1751011653624 0.9956474428726877 66
1751011653842 0.9956474428726877 0
1751011610939 0.8363710554951034 0
1751011653842 0.9956474428726877 0
