1750855933285 1.2996273171784958 0
1750855933740 0.898183630197689 1
1750855934201 0.6782051798957476 2
1750855934664 0.5441806320267222 3
1750855935125 0.44783973677633115 4
1750855935587 0.37314846294489207 5
1750855936050 0.31640558787930645 6
1750855936511 0.2761804501204807 7
1750855936972 0.24318582948066206 8
1750855937435 0.2205953419581461 9
1750855937899 0.19659912117611986 10
1750855938362 0.1810925665176732 11
1750855938824 0.16493991873469266 12
1750855939291 0.1585550949026114 13
1750855939752 0.14333461254218977 14
1750855940216 0.1266304341036425 15
1750855940679 0.12238047382225799 16
1750855941143 0.11024718264663051 17
1750855941605 0.11019749286806492 18
1750855942069 0.10224858929237941 19
1750855942533 0.09424720334053299 20
1750855942997 0.09538009461173555 21
1750855943462 0.09057007106558153 22
1750855943925 0.08516172048867851 23
1750855944388 0.08030411888063926 24
1750855944853 0.07765808569366706 25
1750855945316 0.07674557857936952 26
1750855945782 0.06917131972074574 27
1750855946249 0.06999162019871913 28
1750855946716 0.06966470772353882 29
1750855947190 0.06363129011386756 30
1750855947657 0.06206362413584991 31
1750855948125 0.05918773954837574 32
1750855948592 0.05414474192273046 33
1750855949060 0.05818608271260062 34
1750855949527 0.056021396571342655 35
1750855949994 0.050847156457724585 36
1750855950462 0.046085977616747265 37
1750855950929 0.04974794495036021 38
1750855951396 0.04971617763057367 39
1750855951866 0.046566282114230896 40
1750855952336 0.047265756690836186 41
1750855952803 0.04768319521580698 42
1750855953270 0.042203216532790494 43
1750855953737 0.042387303141258874 44
1750855954204 0.03820040727376743 45
1750855954673 0.04036183357826546 46
1750855955142 0.03685777616343573 47
1750855955610 0.03714569741039171 48
1750855956078 0.03689550166144983 49
1750855956546 0.033010310238030645 50
1750855957016 0.03270867430038499 51
1750855957485 0.0369583754090874 52
1750855957954 0.034375625560658055 53
1750855958429 0.0331253808070789 54
1750855958899 0.03224634309527307 55
1750855959369 0.03109182756580615 56
1750855959838 0.030564416123916912 57
1750855960312 0.0299151599563261 58
1750855960789 0.025596900377675924 59
1750855961259 0.02722493569129496 60
1750855961730 0.02950332162246084 61
1750855962201 0.02864285726992006 62
1750855962671 0.02643261370537914 63
1750855963142 0.02543139523827553 64
1750855963612 0.022499120549498465 65
1750855964084 0.02541699276333097 66
1750855964555 0.02384099891354554 67
1750855965027 0.024349074614902103 68
1750855965504 0.025899435613421933 69
1750855965975 0.023057117169191888 70
1750855966447 0.02558374525578865 71
1750855966921 0.026046751941994066 72
1750855967393 0.019712830923844262 73
1750855967866 0.020670816991670754 74
1750855968339 0.021940952163114657 75
1750855968812 0.024816339025430997 76
1750855969284 0.023332651638678224 77
1750855969760 0.023034499814886887 78
1750855970234 0.02216785894661242 79
1750855970710 0.020830710500861813 80
1750855971186 0.019832921967111016 81
1750855971662 0.01923732244411141 82
1750855933285 1.2996273171784958 0
