1750857147036 1.3081393071305376 0
1750857147612 0.8038374697292979 1
1750857148213 0.5817536916644581 2
1750857148817 0.45275463940529104 3
1750857149418 0.3610294131122294 4
1750857150024 0.2969992442930095 5
1750857150631 0.24861991666541136 6
1750857151240 0.21514900307595666 7
1750857151845 0.18690300120752187 8
1750857152452 0.15882115993523105 9
1750857153057 0.14404776270001704 10
1750857153665 0.13026134339814865 11
1750857154270 0.11975159461207696 12
1750857154879 0.1088958532509918 13
1750857155489 0.09923910068285219 14
1750857156101 0.08995302758454239 15
1750857156709 0.0808771880215867 16
1750857157323 0.08080162143819156 17
1750857157931 0.07415883346451639 18
1750857158541 0.06836895551431166 19
1750857159151 0.06351021141365122 20
1750857159763 0.06462234548689297 21
1750857160375 0.05969351204568206 22
1750857160988 0.057330038078267115 23
1750857161600 0.054187217820537106 24
1750857162213 0.04800562931668577 25
1750857162827 0.0461592244934919 26
1750857163440 0.046578384208228435 27
1750857164053 0.04570059757375678 28
1750857164667 0.041907185589300795 29
1750857165281 0.041982608430809115 30
1750857165897 0.04003155604410223 31
1750857166512 0.03660364166688543 32
1750857167129 0.03460134500668053 33
1750857167746 0.03354295135614532 34
1750857168366 0.03327686814500082 35
1750857168985 0.031911668782168036 36
1750857169614 0.029598913580114357 37
1750857170238 0.029861576400668857 38
1750857170860 0.02812526174907099 39
1750857171477 0.028380859828928042 40
1750857172095 0.025605378242795303 41
1750857172715 0.0251307827106376 42
1750857173336 0.02396747219539425 43
1750857173955 0.02549793837456209 44
1750857174574 0.026254366035193155 45
1750857175192 0.019459257771081664 46
1750857175814 0.019638580558933035 47
1750857176436 0.020213521595170744 48
1750857177058 0.01988260159005489 49
1750857177680 0.020049747800651097 50
1750857178305 0.01863422655205063 51
1750857178925 0.01577763813162695 52
1750857179546 0.016107664528932177 53
1750857180170 0.01618037849205614 54
1750857180797 0.01596273721669019 55
1750857181421 0.01609518738213716 56
1750857182045 0.015331429734388296 57
1750857182674 0.01487711388987648 58
1750857183299 0.01441721027408918 59
1750857183928 0.012762121032058009 60
1750857184563 0.013051788299572497 61
1750857185192 0.014655742900303166 62
1750857185823 0.01373603679260018 63
1750857186452 0.01344548963882856 64
1750857187080 0.012061965504739236 65
1750857187709 0.012657723949220887 66
1750857188337 0.013000463429682354 67
1750857188969 0.01099873242702921 68
1750857189604 0.010776509741504634 69
1750857190237 0.009642364353881955 70
1750857190870 0.010417742094012855 71
1750857191506 0.010312937699806582 72
1750857192140 0.009581712241726902 73
1750857192771 0.009554908204630171 74
1750857193402 0.008936134464324324 75
1750857194041 0.01110997200928075 76
1750857194675 0.009606756386853819 77
1750857195309 0.010383929404525353 78
1750857195946 0.009543460754586954 79
1750857196579 0.010017486512663513 80
1750857197229 0.007232043721069104 81
1750857197863 0.00832600665283293 82
1750857198503 0.007818316993424192 83
1750857199143 0.009171817265754978 84
1750857199780 0.008834323475814563 85
1750857200417 0.006569766119133653 86
1750857201056 0.0077408007348627175 87
1750857201701 0.00771559256624777 88
1750857202342 0.008723631506011506 89
1750857202983 0.007425088756060292 90
1750857203636 0.007146429557142216 91
1750857204280 0.006848965152952809 92
1750857204923 0.005247018576467408 93
1750857205566 0.006712420883935459 94
1750857206208 0.007279137973259411 95
1750857206847 0.006509347842986998 96
1750857207490 0.005095312539537481 97
1750857208134 0.007438831039049721 98
1750857208779 0.006717228379869612 99
1750857147036 1.3081393071305376 0
