1750857147115 0.6714207717402404 0
1750857147708 0.8549530838383492 1
1750857148311 0.9012196335598252 2
1750857148914 0.9239773243491658 3
1750857149517 0.9380158593414227 4
1750857150124 0.9489590158310084 5
1750857150730 0.9574876067118653 6
1750857151339 0.9606329621828598 7
1750857151944 0.9641840044978576 8
1750857152551 0.9727780375907479 9
1750857153156 0.9736009060062735 10
1750857153763 0.9719653281671362 11
1750857154370 0.9752282020405609 12
1750857154980 0.9753703745084391 13
1750857155591 0.9801337246032747 14
1750857156200 0.98027334033093 15
1750857156811 0.9820470671068972 16
1750857157423 0.9801454561992178 17
1750857158033 0.9817767044924809 18
1750857158641 0.9843589638318708 19
1750857159252 0.9855812108013714 20
1750857159864 0.984762545550224 21
1750857160477 0.9851719740575772 22
1750857161089 0.9853113774967098 23
1750857161701 0.9846303255240375 24
1750857162316 0.9878928420859359 25
1750857162928 0.9887101133366192 26
1750857163542 0.9869439380494409 27
1750857164156 0.9880287373254225 28
1750857164769 0.9895247640475505 29
1750857165383 0.9881714749899649 30
1750857165999 0.9891182482300032 31
1750857166615 0.9896606017056843 32
1750857167233 0.9897989434721269 33
1750857167850 0.9912943554160186 34
1750857168469 0.9906143237929694 35
1750857169089 0.9914322407859776 36
1750857169722 0.9926551513458924 37
1750857170342 0.9919748717410766 38
1750857170964 0.9926561084280473 39
1750857171580 0.9921107989763395 40
1750857172199 0.9926551264653223 41
1750857172820 0.9922477011378309 42
1750857173439 0.9936070978631122 43
1750857174059 0.9926561583612928 44
1750857174678 0.9923825403985029 45
1750857175297 0.9951036059906833 46
1750857175920 0.995375354293699 47
1750857176542 0.9948308580344012 48
1750857177162 0.9940142535474821 49
1750857177785 0.9941515189312518 50
1750857178410 0.9948315841012768 51
1750857179030 0.9971438020808009 52
1750857179652 0.9961913141979906 53
1750857180277 0.9959193737675678 54
1750857180904 0.9961924667054098 55
1750857181528 0.9959193778674243 56
1750857182154 0.9957835238977225 57
1750857182779 0.9960565217055372 58
1750857183407 0.9960554978673766 59
1750857184037 0.9970078183690688 60
1750857184671 0.9967350493698008 61
1750857185300 0.996192197798403 62
1750857185930 0.9952392767885071 63
1750857186560 0.9963268528887227 64
1750857187189 0.9963270370119848 65
1750857187817 0.9963277727412022 66
1750857188445 0.9964634508677755 67
1750857189078 0.9970075770251033 68
1750857189713 0.9971436057707489 69
1750857190346 0.9980959286548085 70
1750857190980 0.9976877324880378 71
1750857191615 0.997551664220581 72
1750857192250 0.9979597427753977 73
1750857192880 0.9978236465529217 74
1750857193516 0.9978240918502151 75
1750857194151 0.9964629141163202 76
1750857194784 0.9978239184626383 77
1750857195420 0.997007540762883 78
1750857196056 0.9975518570206563 79
1750857196689 0.9965996328597456 80
1750857197339 0.9980957751932852 81
1750857197974 0.9982316953969884 82
1750857198614 0.9975513711523143 83
1750857199255 0.9972790366849456 84
1750857199892 0.9974161780871998 85
1750857200529 0.998775629397195 86
1750857201169 0.9979597639600333 87
1750857201813 0.9986397413681524 88
1750857202455 0.9965996582229641 89
1750857203096 0.9978236660093694 90
1750857203752 0.9976874864275159 91
1750857204394 0.9979603285701943 92
1750857205036 0.9990478154795056 93
1750857205678 0.997959713154511 94
1750857206320 0.9979595555131671 95
1750857206960 0.9989118958636312 96
1750857207603 0.9990478395610234 97
1750857208248 0.9982317764310328 98
1750857208891 0.997823691763299 99
1750857147115 0.6714207717402404 0
