1750857147094 0.6814472252448314 0
1750857147684 0.8570457018498367 1
1750857148287 0.9020674646354734 2
1750857148890 0.9243743199129488 3
1750857149492 0.9382480957562568 4
1750857150099 0.9491294885745375 5
1750857150706 0.9575625680087051 6
1750857151315 0.9606909684439608 7
1750857151919 0.9642274211099021 8
1750857152526 0.9727965179542981 9
1750857153132 0.9736126224156693 10
1750857153738 0.9719804134929271 11
1750857154345 0.9752448313384113 12
1750857154954 0.9753808487486398 13
1750857155566 0.9801414581066377 14
1750857156176 0.9802774755168662 15
1750857156786 0.9820457018498367 16
1750857157398 0.9801414581066377 17
1750857158007 0.9817736670293797 18
1750857158616 0.9843579978237215 19
1750857159226 0.985582154515778 20
1750857159839 0.984766050054407 21
1750857160451 0.9851741022850925 22
1750857161064 0.985310119695321 23
1750857161675 0.9846300326441785 24
1750857162290 0.9878944504896626 25
1750857162903 0.9887105549510338 26
1750857163516 0.9869423286180631 27
1750857164130 0.9880304678998912 28
1750857164744 0.9895266594124048 29
1750857165358 0.9881664853101197 30
1750857165974 0.9891186071817193 31
1750857166590 0.9896626768226333 32
1750857167207 0.9897986942328618 33
1750857167824 0.9912948857453754 34
1750857168444 0.9906147986942329 35
1750857169063 0.9914309031556039 36
1750857169695 0.9926550598476604 37
1750857170316 0.9919749727965179 38
1750857170938 0.9926550598476604 39
1750857171554 0.9921109902067464 40
1750857172173 0.9926550598476604 41
1750857172794 0.9922470076169749 42
1750857173414 0.9936071817192601 43
1750857174032 0.9926550598476604 44
1750857174652 0.9923830250272034 45
1750857175271 0.9951033732317737 46
1750857175894 0.9953754080522307 47
1750857176516 0.9948313384113167 48
1750857177137 0.9940152339499456 49
1750857177759 0.9941512513601741 50
1750857178384 0.9948313384113167 51
1750857179004 0.9971436343852013 52
1750857179626 0.9961915125136017 53
1750857180250 0.9959194776931447 54
1750857180877 0.9961915125136017 55
1750857181502 0.9959194776931447 56
1750857182127 0.9957834602829162 57
1750857182753 0.9960554951033732 58
1750857183380 0.9960554951033732 59
1750857184010 0.9970076169749728 60
1750857184644 0.9967355821545157 61
1750857185273 0.9961915125136017 62
1750857185903 0.9952393906420022 63
1750857186533 0.9963275299238302 64
1750857187162 0.9963275299238302 65
1750857187790 0.9963275299238302 66
1750857188418 0.9964635473340587 67
1750857189051 0.9970076169749728 68
1750857189686 0.9971436343852013 69
1750857190319 0.9980957562568009 70
1750857190952 0.9976877040261154 71
1750857191588 0.9975516866158868 72
1750857192223 0.9979597388465724 73
1750857192853 0.9978237214363439 74
1750857193488 0.9978237214363439 75
1750857194123 0.9964635473340587 76
1750857194758 0.9978237214363439 77
1750857195392 0.9970076169749728 78
1750857196029 0.9975516866158868 79
1750857196662 0.9965995647442872 80
1750857197311 0.9980957562568009 81
1750857197947 0.9982317736670294 82
1750857198586 0.9975516866158868 83
1750857199227 0.9972796517954298 84
1750857199863 0.9974156692056583 85
1750857200501 0.9987758433079434 86
1750857201141 0.9979597388465724 87
1750857201785 0.9986398258977149 88
1750857202427 0.9965995647442872 89
1750857203068 0.9978237214363439 90
1750857203723 0.9976877040261154 91
1750857204366 0.9979597388465724 92
1750857205008 0.9990478781284005 93
1750857205650 0.9979597388465724 94
1750857206292 0.9979597388465724 95
1750857206932 0.998911860718172 96
1750857207574 0.9990478781284005 97
1750857208219 0.9982317736670294 98
1750857208863 0.9978237214363439 99
1750857147094 0.6814472252448314 0
