1750857147074 0.6782852986641859 0
1750857147660 0.8567387495431591 1
1750857148262 0.9024497438331839 2
1750857148865 0.924641940093617 3
1750857149468 0.9384961013947648 4
1750857150075 0.9492811944765486 5
1750857150681 0.957794642519404 6
1750857151290 0.9606916844457816 7
1750857151895 0.9642709394994144 8
1750857152501 0.9727795291979556 9
1750857153107 0.9736041549353229 10
1750857153714 0.9719765601233217 11
1750857154320 0.9752494653764676 12
1750857154929 0.9753934545158089 13
1750857155540 0.9801313405048245 14
1750857156151 0.9802709803755697 15
1750857156760 0.9820524413539687 16
1750857157373 0.9801529224157303 17
1750857157982 0.9818022710555117 18
1750857158591 0.9843635805209426 19
1750857159201 0.9855828447815792 20
1750857159814 0.9847616515083304 21
1750857160426 0.9851704175588072 22
1750857161039 0.9853193113140982 23
1750857161650 0.9846313883933407 24
1750857162264 0.9878925101399257 25
1750857162878 0.9887110402719569 26
1750857163491 0.9869664900490493 27
1750857164105 0.9880279819358592 28
1750857164718 0.9895233456723593 29
1750857165332 0.9881792592847966 30
1750857165949 0.9891189090548305 31
1750857166564 0.9896597265576321 32
1750857167181 0.9898001199117222 33
1750857167798 0.9912968013104501 34
1750857168418 0.9906155697023635 35
1750857169037 0.9914338027151258 36
1750857169668 0.9926554754566239 37
1750857170290 0.9919748707954886 38
1750857170912 0.9926578487127695 39
1750857171529 0.9921111409492996 40
1750857172147 0.992655647199454 41
1750857172768 0.9922549253123859 42
1750857173388 0.9936072390704684 43
1750857174007 0.9926586807121239 44
1750857174626 0.9923867401472154 45
1750857175245 0.9951054543220088 46
1750857175867 0.995375533928961 47
1750857176489 0.9948354506263593 48
1750857177110 0.9940141047910125 49
1750857177733 0.9941535171889048 50
1750857178358 0.9948334441298387 51
1750857178978 0.9971465084547614 52
1750857179599 0.9961927370272383 53
1750857180224 0.9959196747769818 54
1750857180850 0.9961956835792551 55
1750857181475 0.9959198155880161 56
1750857182100 0.9957848936172807 57
1750857182726 0.9960596849751663 58
1750857183353 0.9960556329122995 59
1750857183982 0.9970148746600533 60
1750857184617 0.9967358227909948 61
1750857185247 0.9961931081341066 62
1750857185876 0.995239686040671 63
1750857186506 0.9963264830717645 64
1750857187134 0.9963273700809232 65
1750857187763 0.9963321418238231 66
1750857188391 0.9964645236937318 67
1750857189023 0.9970077574666427 68
1750857189659 0.9971437975972415 69
1750857190292 0.9981026165174456 70
1750857190924 0.9976878626700268 71
1750857191561 0.9975518679195916 72
1750857192196 0.9979598654922058 73
1750857192825 0.9978246068177029 74
1750857193456 0.9978247597829887 75
1750857194096 0.9964625003814702 76
1750857194730 0.9978306260202806 77
1750857195364 0.9970078707204133 78
1750857196002 0.9975556871279524 79
1750857196634 0.9965999369654142 80
1750857197283 0.9980960283067762 81
1750857197919 0.998233372515365 82
1750857198559 0.9975513607074653 83
1750857199199 0.9972798788108321 84
1750857199836 0.9974171265593826 85
1750857200472 0.9987755165107189 86
1750857201112 0.9979598908706993 87
1750857201758 0.9986423271634025 88
1750857202399 0.9966001863010066 89
1750857203040 0.9978240176779866 90
1750857203695 0.9976922552175965 91
1750857204338 0.9979653128087064 92
1750857204980 0.9990503062696173 93
1750857205622 0.9979597892697226 94
1750857206264 0.997962314420605 95
1750857206904 0.998912530321149 96
1750857207546 0.9990495545106081 97
1750857208191 0.9982319114759557 98
1750857208836 0.9978238827131293 99
1750857147074 0.6782852986641859 0
