1750857147055 0.6814472252448314 0
1750857147636 0.8570457018498367 1
1750857148238 0.9020674646354734 2
1750857148841 0.9243743199129488 3
1750857149443 0.9382480957562568 4
1750857150049 0.9491294885745375 5
1750857150656 0.9575625680087051 6
1750857151264 0.9606909684439608 7
1750857151870 0.9642274211099021 8
1750857152477 0.9727965179542981 9
1750857153082 0.9736126224156693 10
1750857153689 0.9719804134929271 11
1750857154295 0.9752448313384113 12
1750857154904 0.9753808487486398 13
1750857155515 0.9801414581066377 14
1750857156126 0.9802774755168662 15
1750857156734 0.9820457018498367 16
1750857157348 0.9801414581066377 17
1750857157957 0.9817736670293797 18
1750857158566 0.9843579978237215 19
1750857159177 0.985582154515778 20
1750857159788 0.984766050054407 21
1750857160401 0.9851741022850925 22
1750857161014 0.985310119695321 23
1750857161625 0.9846300326441785 24
1750857162238 0.9878944504896626 25
1750857162852 0.9887105549510338 26
1750857163465 0.9869423286180631 27
1750857164079 0.9880304678998912 28
1750857164692 0.9895266594124048 29
1750857165307 0.9881664853101197 30
1750857165923 0.9891186071817193 31
1750857166538 0.9896626768226333 32
1750857167155 0.9897986942328618 33
1750857167772 0.9912948857453754 34
1750857168392 0.9906147986942329 35
1750857169011 0.9914309031556039 36
1750857169641 0.9926550598476604 37
1750857170264 0.9919749727965179 38
1750857170886 0.9926550598476604 39
1750857171503 0.9921109902067464 40
1750857172121 0.9926550598476604 41
1750857172742 0.9922470076169749 42
1750857173362 0.9936071817192601 43
1750857173981 0.9926550598476604 44
1750857174600 0.9923830250272034 45
1750857175219 0.9951033732317737 46
1750857175841 0.9953754080522307 47
1750857176463 0.9948313384113167 48
1750857177084 0.9940152339499456 49
1750857177707 0.9941512513601741 50
1750857178333 0.9948313384113167 51
1750857178952 0.9971436343852013 52
1750857179572 0.9961915125136017 53
1750857180197 0.9959194776931447 54
1750857180824 0.9961915125136017 55
1750857181448 0.9959194776931447 56
1750857182073 0.9957834602829162 57
1750857182700 0.9960554951033732 58
1750857183326 0.9960554951033732 59
1750857183955 0.9970076169749728 60
1750857184590 0.9967355821545157 61
1750857185219 0.9961915125136017 62
1750857185850 0.9952393906420022 63
1750857186479 0.9963275299238302 64
1750857187107 0.9963275299238302 65
1750857187736 0.9963275299238302 66
1750857188364 0.9964635473340587 67
1750857188996 0.9970076169749728 68
1750857189631 0.9971436343852013 69
1750857190264 0.9980957562568009 70
1750857190897 0.9976877040261154 71
1750857191533 0.9975516866158868 72
1750857192168 0.9979597388465724 73
1750857192798 0.9978237214363439 74
1750857193429 0.9978237214363439 75
1750857194069 0.9964635473340587 76
1750857194703 0.9978237214363439 77
1750857195337 0.9970076169749728 78
1750857195974 0.9975516866158868 79
1750857196607 0.9965995647442872 80
1750857197256 0.9980957562568009 81
1750857197890 0.9982317736670294 82
1750857198531 0.9975516866158868 83
1750857199172 0.9972796517954298 84
1750857199808 0.9974156692056583 85
1750857200445 0.9987758433079434 86
1750857201085 0.9979597388465724 87
1750857201729 0.9986398258977149 88
1750857202371 0.9965995647442872 89
1750857203012 0.9978237214363439 90
1750857203665 0.9976877040261154 91
1750857204309 0.9979597388465724 92
1750857204952 0.9990478781284005 93
1750857205595 0.9979597388465724 94
1750857206236 0.9979597388465724 95
1750857206876 0.998911860718172 96
1750857207518 0.9990478781284005 97
1750857208162 0.9982317736670294 98
1750857208807 0.9978237214363439 99
1750857147055 0.6814472252448314 0
