1750948650426 0.8542275020882117 0
1750948651046 0.9570776965245817 1
1750948651672 0.9706127223445634 2
1750948652302 0.9769998579055063 3
1750948652934 0.9801398771377849 4
1750948653566 0.9846320017368255 5
1750948654201 0.9830002990836606 6
1750948654837 0.9866712053870466 7
1750948655471 0.9872133430140344 8
1750948656102 0.9899358221752567 9
1750948656734 0.9902076330818723 10
1750948657370 0.9906139154999176 11
1750948658001 0.9903432231829083 12
1750948658633 0.9915670266227323 13
1750948659265 0.9921096031917026 14
1750948659897 0.993335817215667 15
1750948660530 0.9922474627907455 16
1750948661163 0.9934709980281085 17
1750948661796 0.9955112520755145 18
1750948662429 0.9948310692687016 19
1750948663064 0.9961915125136017 20
1750948663698 0.9956477458145 21
1750948664333 0.995647548789244 22
1750948664967 0.9968717832313534 23
1750948665605 0.9982317954320288 24
1750948666239 0.99687150304592 25
1750948666880 0.9979597360180572 26
1750948667517 0.9975516242605407 27
1750948668154 0.9980958467741545 28
1750948668792 0.9987758278927066 29
1750948670835 0.9979598586291436 30
1750948671493 0.9971434464385167 31
1750948672142 0.998367868663561 32
1750948672793 0.9971435240480547 33
1750948673443 0.9953753487011805 34
1750948674219 0.9978236660093694 35
1750948675431 0.9978237922126664 36
1750948676087 0.9978236718449808 37
1750948676739 0.998911860718172 38
1750948677394 0.9995919426309022 39
1750948678044 0.9983677495070271 40
1750948678697 0.9980952584649833 41
1750948679350 0.9976872784974592 42
1750948680012 0.9989118537032108 43
1750948680668 0.9985037896466413 44
1750948681322 0.9986398905529675 45
1750948681975 0.9976877067901188 46
1750948682629 0.9979596600343248 47
1750948683285 0.9995919426309022 48
1750948683940 0.9993199213200111 49
1750948684600 0.9986398258977149 50
1750948685257 0.9989118330046848 51
1750948685914 0.9990478914431028 52
1750948686571 0.9993199213200111 53
1750948687231 0.9986398258977149 54
1750948687889 0.9978237214363439 55
1750948688070 0.9978237214363439 0
1750948650426 0.8542275020882117 0
1750948688070 0.9978237214363439 0
