1750948650404 0.8573177366702938 0
1750948651020 0.9571545157780196 1
1750948651643 0.970620239390642 2
1750948652276 0.9770130576713819 3
1750948652908 0.9801414581066377 4
1750948653540 0.9846300326441785 5
1750948654175 0.9829978237214363 6
1750948654810 0.9866702937976061 7
1750948655445 0.9872143634385201 8
1750948656075 0.9899347116430903 9
1750948656708 0.9902067464635473 10
1750948657343 0.9906147986942329 11
1750948657975 0.9903427638737758 12
1750948658607 0.9915669205658324 13
1750948659239 0.9921109902067464 14
1750948659871 0.9933351468988031 15
1750948660503 0.9922470076169749 16
1750948661137 0.9934711643090316 17
1750948661769 0.9955114254624592 18
1750948662402 0.9948313384113167 19
1750948663037 0.9961915125136017 20
1750948663672 0.9956474428726877 21
1750948664306 0.9956474428726877 22
1750948664940 0.9968715995647442 23
1750948665578 0.9982317736670294 24
1750948666212 0.9968715995647442 25
1750948666852 0.9979597388465724 26
1750948667490 0.9975516866158868 27
1750948668127 0.9980957562568009 28
1750948668765 0.9987758433079434 29
1750948670807 0.9979597388465724 30
1750948671467 0.9971436343852013 31
1750948672115 0.9983677910772579 32
1750948672766 0.9971436343852013 33
1750948673416 0.9953754080522307 34
1750948674192 0.9978237214363439 35
1750948675404 0.9978237214363439 36
1750948676061 0.9978237214363439 37
1750948676712 0.998911860718172 38
1750948677367 0.9995919477693145 39
1750948678018 0.9983677910772579 40
1750948678670 0.9980957562568009 41
1750948679323 0.9976877040261154 42
1750948679985 0.998911860718172 43
1750948680641 0.9985038084874864 44
1750948681295 0.9986398258977149 45
1750948681948 0.9976877040261154 46
1750948682602 0.9979597388465724 47
1750948683258 0.9995919477693145 48
1750948683912 0.9993199129488575 49
1750948684573 0.9986398258977149 50
1750948685230 0.998911860718172 51
1750948685886 0.9990478781284005 52
1750948686544 0.9993199129488575 53
1750948687203 0.9986398258977149 54
1750948687861 0.9978237214363439 55
1750948688070 0.9978237214363439 0
1750948650404 0.8573177366702938 0
1750948688070 0.9978237214363439 0
