1750948650341 0.61831791721633 0
1750948650943 0.1765609888017372 1
1750948651566 0.1049362572560632 2
1750948652195 0.07616980889076377 3
1750948652829 0.06269002077499074 4
1750948653462 0.05392366319781289 5
1750948654097 0.049128399760552534 6
1750948654731 0.04123932614180709 7
1750948655367 0.03947537532430933 8
1750948655997 0.031128918752580947 9
1750948656629 0.029706972508292982 10
1750948657264 0.027413067703314684 11
1750948657896 0.02907778595759654 12
1750948658528 0.023738365861059242 13
1750948659160 0.024309900574086152 14
1750948659791 0.02242985855655236 15
1750948660424 0.020670410074644253 16
1750948661057 0.02126506338011518 17
1750948661690 0.015259424185479653 18
1750948662323 0.014962159339399346 19
1750948662957 0.01405844506223015 20
1750948663591 0.012063816610203856 21
1750948664226 0.013593774910998998 22
1750948664860 0.011247634330067188 23
1750948665497 0.008280016611212656 24
1750948666132 0.010982295229128573 25
1750948666769 0.01012375005898375 26
1750948667409 0.009536654237071021 27
1750948668047 0.0075434159811428305 28
1750948668683 0.00573225872041617 29
1750948670726 0.007626862461707566 30
1750948671386 0.008552938563640505 31
1750948672035 0.00769026527511639 32
1750948672685 0.00956200421816934 33
1750948673336 0.012908136285955473 34
1750948673986 0.008037862508221793 35
1750948675323 0.0074479518662449035 36
1750948675979 0.008556149454946479 37
1750948676631 0.004731880355551859 38
1750948677286 0.0034203858784135426 39
1750948677937 0.005904306786251888 40
1750948678589 0.008554418833671194 41
1750948679241 0.008096523174024931 42
1750948679898 0.004923987463172384 43
1750948680559 0.004294961621515885 44
1750948681213 0.0057319468948036235 45
1750948681866 0.007835976960900647 46
1750948682520 0.005615544738184652 47
1750948683176 0.0028076927913659403 48
1750948683830 0.003537427259862962 49
1750948684490 0.00490756949447972 50
1750948685147 0.005279467027227498 51
1750948685803 0.005315029152904123 52
1750948686461 0.0039465894344781136 53
1750948687120 0.005801144844897485 54
1750948687779 0.006501385717789802 55
1750948688070 0.006501385717789802 0
1750948650341 0.61831791721633 0
1750948688070 0.006501385717789802 0
