1750948650382 0.8603798949535373 0
1750948650995 0.9570514220822532 1
1750948651618 0.9706093362254469 2
1750948652250 0.9769900897495836 3
1750948652882 0.980144073360709 4
1750948653514 0.9846482034802336 5
1750948654149 0.9830220119084855 6
1750948654784 0.986675800714831 7
1750948655419 0.987215878849884 8
1750948656049 0.9899468811164992 9
1750948656682 0.9902148920996611 10
1750948657317 0.9906179203275228 11
1750948657949 0.990345401453813 12
1750948658581 0.9915673514906421 13
1750948659213 0.9921083129662579 14
1750948659844 0.9933446240845588 15
1750948660476 0.9922504219454268 16
1750948661110 0.9934712339042616 17
1750948661743 0.9955119887977513 18
1750948662376 0.9948324150963452 19
1750948663011 0.9961915125136017 20
1750948663645 0.995651689030231 21
1750948664279 0.9956480592527632 22
1750948664913 0.9968745036486871 23
1750948665551 0.9982319190713714 24
1750948666186 0.996872310529039 25
1750948666824 0.9979598654922058 26
1750948667463 0.9975519686921288 27
1750948668101 0.9980975664358811 28
1750948668738 0.9987759145162091 29
1750948670781 0.9979625228729838 30
1750948671440 0.997145798422268 31
1750948672089 0.9983695766280514 32
1750948672738 0.997144327987449 33
1750948673389 0.9953755227656682 34
1750948674164 0.9978240176779866 35
1750948675377 0.9978249113800304 36
1750948676033 0.9978237542173851 37
1750948676685 0.998911860718172 38
1750948677340 0.9995920397626955 39
1750948677991 0.9983681156497023 40
1750948678643 0.9980951510151108 41
1750948679296 0.9976869538283921 42
1750948679953 0.9989139709800383 43
1750948680613 0.9985038727673803 44
1750948681268 0.9986415868202216 45
1750948681921 0.9976878418350417 46
1750948682575 0.997960497582298 47
1750948683231 0.9995920397626955 48
1750948683884 0.9993200318740603 49
1750948684546 0.9986398258977149 50
1750948685202 0.9989122136214179 51
1750948685859 0.9990481391697587 52
1750948686516 0.9993200318740603 53
1750948687175 0.9986398258977149 54
1750948687834 0.9978237214363439 55
1750948688070 0.9978237214363439 0
1750948650382 0.8603798949535373 0
1750948688070 0.9978237214363439 0
