1750948650362 0.8573177366702938 0
1750948650969 0.9571545157780196 1
1750948651592 0.970620239390642 2
1750948652222 0.9770130576713819 3
1750948652856 0.9801414581066377 4
1750948653488 0.9846300326441785 5
1750948654124 0.9829978237214363 6
1750948654758 0.9866702937976061 7
1750948655393 0.9872143634385201 8
1750948656023 0.9899347116430903 9
1750948656655 0.9902067464635473 10
1750948657291 0.9906147986942329 11
1750948657923 0.9903427638737758 12
1750948658555 0.9915669205658324 13
1750948659186 0.9921109902067464 14
1750948659818 0.9933351468988031 15
1750948660450 0.9922470076169749 16
1750948661083 0.9934711643090316 17
1750948661716 0.9955114254624592 18
1750948662350 0.9948313384113167 19
1750948662984 0.9961915125136017 20
1750948663618 0.9956474428726877 21
1750948664253 0.9956474428726877 22
1750948664887 0.9968715995647442 23
1750948665524 0.9982317736670294 24
1750948666159 0.9968715995647442 25
1750948666797 0.9979597388465724 26
1750948667436 0.9975516866158868 27
1750948668074 0.9980957562568009 28
1750948668710 0.9987758433079434 29
1750948670753 0.9979597388465724 30
1750948671413 0.9971436343852013 31
1750948672062 0.9983677910772579 32
1750948672712 0.9971436343852013 33
1750948673363 0.9953754080522307 34
1750948674033 0.9978237214363439 35
1750948675351 0.9978237214363439 36
1750948676006 0.9978237214363439 37
1750948676658 0.998911860718172 38
1750948677313 0.9995919477693145 39
1750948677964 0.9983677910772579 40
1750948678616 0.9980957562568009 41
1750948679269 0.9976877040261154 42
1750948679926 0.998911860718172 43
1750948680586 0.9985038084874864 44
1750948681240 0.9986398258977149 45
1750948681894 0.9976877040261154 46
1750948682547 0.9979597388465724 47
1750948683204 0.9995919477693145 48
1750948683857 0.9993199129488575 49
1750948684518 0.9986398258977149 50
1750948685174 0.998911860718172 51
1750948685831 0.9990478781284005 52
1750948686489 0.9993199129488575 53
1750948687148 0.9986398258977149 54
1750948687806 0.9978237214363439 55
1750948688070 0.9978237214363439 0
1750948650362 0.8573177366702938 0
1750948688070 0.9978237214363439 0
