1750857214493 1.3344485619641493 0
1750857215069 0.9049481505667942 1
1750857215675 0.6904890994511959 2
1750857216283 0.5483176018130662 3
1750857216891 0.4518439443184061 4
1750857217494 0.3741317426905409 5
1750857218097 0.3171109488240004 6
1750857218701 0.27264503101788873 7
1750857219306 0.23784857519757371 8
1750857219911 0.2109279187803559 9
1750857220518 0.18701427328573605 10
1750857221126 0.16483061817414874 11
1750857221732 0.1499647454513689 12
1750857222339 0.13620367185724444 13
1750857222945 0.12372059332889883 14
1750857223555 0.11443452793249498 15
1750857224161 0.10850249979973359 16
1750857224769 0.0955398238615677 17
1750857225378 0.09143069005440577 18
1750857225988 0.08796038931809261 19
1750857226598 0.08040972667116919 20
1750857227212 0.07587909325146572 21
1750857227822 0.07062725888583424 22
1750857228431 0.06871510634322421 23
1750857229044 0.06583271320135017 24
1750857229656 0.06160883308754133 25
1750857230267 0.05848274309638081 26
1750857230881 0.056260031993552576 27
1750857231494 0.050887971480049685 28
1750857232110 0.04996939960125352 29
1750857232722 0.04524840552753022 30
1750857233337 0.04643771069791164 31
1750857233952 0.04414219279308379 32
1750857234568 0.04207981992776428 33
1750857235183 0.04284899743827175 34
1750857235799 0.040296688315106945 35
1750857236417 0.037111845844393844 36
1750857237035 0.03794519915128931 37
1750857237656 0.0375987022661151 38
1750857238272 0.03519719047623892 39
1750857238891 0.03172330783479427 40
1750857239509 0.03229003715591345 41
1750857240138 0.029331668167576697 42
1750857240760 0.030161054638722127 43
1750857241382 0.02771280326812616 44
1750857242001 0.025973945516602454 45
1750857242621 0.026786802587898954 46
1750857243240 0.025675928790195236 47
1750857243861 0.023844110468347782 48
1750857244480 0.02419350189699004 49
1750857245103 0.022998707041638915 50
1750857245724 0.022353012833523363 51
1750857246343 0.020596902411617542 52
1750857246966 0.018777969841043726 53
1750857247586 0.020217097292414037 54
1750857248211 0.021349802881051604 55
1750857248834 0.018811678834121687 56
1750857249452 0.019571799344065985 57
1750857250078 0.019785052128652995 58
1750857250705 0.01749157673178668 59
1750857251331 0.01751924041629251 60
1750857251954 0.01724116570342604 61
1750857252581 0.015732514389493666 62
1750857253211 0.016552612112766138 63
1750857253840 0.014615536752532889 64
1750857254464 0.014366566541633072 65
1750857255095 0.018135170597214173 66
1750857255724 0.015092384713292486 67
1750857256355 0.015156538610552337 68
1750857256984 0.01684086267447243 69
1750857257613 0.014604480898867121 70
1750857258241 0.013613347300572546 71
1750857258873 0.014219544615628962 72
1750857259506 0.012766325558253014 73
1750857260141 0.014556096910050097 74
1750857260773 0.012968690921750094 75
1750857261403 0.01206836606118974 76
1750857262034 0.011049941905963683 77
1750857262670 0.011838855706086894 78
1750857263304 0.010058580319852172 79
1750857263936 0.009613301699613226 80
1750857264571 0.01048357397967988 81
1750857265207 0.011511548395294969 82
1750857265844 0.010636528231982868 83
1750857266479 0.011932476949449872 84
1750857267111 0.009057638383854557 85
1750857267750 0.008731751906294355 86
1750857214493 1.3344485619641493 0
