1750857214572 0.5792732971635979 0
1750857215167 0.793486797391196 1
1750857215774 0.8521188124884237 2
1750857216381 0.8921017818721207 3
1750857216989 0.9138943340849628 4
1750857217591 0.9310567362595945 5
1750857218195 0.9400731870818387 6
1750857218800 0.9515941263286604 7
1750857219404 0.9547450540577784 8
1750857220011 0.9621501287772154 9
1750857220618 0.961979373350451 10
1750857221225 0.9665155422616956 11
1750857221832 0.9700674865944995 12
1750857222438 0.9733257351952536 13
1750857223045 0.9737390496915043 14
1750857223654 0.975514880763165 15
1750857224262 0.9738750484963862 16
1750857224868 0.9793186294161745 17
1750857225478 0.9783683649545173 18
1750857226088 0.9800017468408652 19
1750857226700 0.9805489857425378 20
1750857227313 0.9801424003799789 21
1750857227922 0.9830011991833849 22
1750857228533 0.9819070069391664 23
1750857229145 0.9834028675403451 24
1750857229757 0.9836725365076925 25
1750857230368 0.9843566768220514 26
1750857230982 0.9850387572894919 27
1750857231596 0.9868048839419379 28
1750857232211 0.9870793824602312 29
1750857232823 0.9889857672646288 30
1750857233439 0.9889832365973753 31
1750857234055 0.9887102680592749 32
1750857234671 0.9893915618487975 33
1750857235286 0.9887104767848065 34
1750857235902 0.9893899863750297 35
1750857236521 0.990750822826825 36
1750857237139 0.9884400673056276 37
1750857237759 0.9878949160988992 38
1750857238376 0.990478590362638 39
1750857238995 0.9914302233297028 40
1750857239612 0.9912936784121178 41
1750857240245 0.9925187534591908 42
1750857240866 0.9927909010490477 43
1750857241486 0.9922473821322235 44
1750857242107 0.9930629348880676 45
1750857242725 0.9925201869708319 46
1750857243345 0.9922472873153579 47
1750857243966 0.9936072604081043 48
1750857244586 0.9925187534591908 49
1750857245208 0.9942878228678148 50
1750857245829 0.9941513401326788 51
1750857246447 0.9942871232745949 52
1750857247071 0.995647548789244 53
1750857247693 0.9942874077858825 54
1750857248317 0.9933359128067334 55
1750857248938 0.9956473255355912 56
1750857249559 0.9944224803431455 57
1750857250185 0.9945595651116447 58
1750857250811 0.9945595622118704 59
1750857251437 0.9946966757552123 60
1750857252062 0.9953742779279161 61
1750857252690 0.9963274267065346 62
1750857253319 0.996871590370164 63
1750857253947 0.9968725713594487 64
1750857254572 0.9963275905931421 65
1750857255202 0.9946968074312071 66
1750857255832 0.9960552845616929 67
1750857256463 0.9959196286453907 68
1750857257093 0.9952401174583291 69
1750857257721 0.9957836123995807 70
1750857258349 0.9963283571941797 71
1750857258981 0.9961917775876875 72
1750857259616 0.9968713937183753 73
1750857260251 0.9959194776931447 74
1750857260882 0.9967356615919328 75
1750857261512 0.9968722513959859 76
1750857262145 0.9971435412787181 77
1750857262779 0.9965996066000555 78
1750857263414 0.9978237989700068 79
1750857264048 0.9983678557325105 80
1750857264682 0.9970075770251033 81
1750857265319 0.9971438020808009 82
1750857265955 0.9970082354339923 83
1750857266590 0.9971437190589393 84
1750857267222 0.9982318374578886 85
1750857267861 0.9978237743946219 86
1750857214572 0.5792732971635979 0
