1750857214531 0.6370689028991535 0
1750857215119 0.7943283467499964 1
1750857215725 0.8565789702566348 2
1750857216332 0.8939540753518727 3
1750857216940 0.9153096272359651 4
1750857217542 0.9324203743084043 5
1750857218147 0.9416995236311031 6
1750857218750 0.9522407759471394 7
1750857219355 0.9552053458281597 8
1750857219961 0.9623128299678474 9
1750857220568 0.962062314106567 10
1750857221175 0.9666035419425195 11
1750857221782 0.9700989616514789 12
1750857222388 0.9733350598618671 13
1750857222995 0.9737819004963699 14
1750857223604 0.9755189269311905 15
1750857224212 0.9738831033223403 16
1750857224818 0.9793275921198562 17
1750857225429 0.9783931939583603 18
1750857226038 0.9800182074471934 19
1750857226649 0.9805687507420554 20
1750857227263 0.980151229749334 21
1750857227873 0.9830053906733203 22
1750857228483 0.9819166193762041 23
1750857229095 0.9834004930710489 24
1750857229706 0.983700282109852 25
1750857230317 0.9843610915514224 26
1750857230932 0.9850410033268506 27
1750857231545 0.9868118397722893 28
1750857232161 0.9870852545141985 29
1750857232773 0.9889965666128463 30
1750857233388 0.988986364272537 31
1750857234004 0.9887105103800835 32
1750857234620 0.9893993193383276 33
1750857235235 0.9887237025339395 34
1750857235851 0.9893922934631008 35
1750857236469 0.9907509539133876 36
1750857237087 0.9884619022468729 37
1750857237708 0.9878970997725652 38
1750857238324 0.9904791522786799 39
1750857238943 0.9914332686456585 40
1750857239561 0.9913024676678973 41
1750857240192 0.9925193669499721 42
1750857240814 0.9927912451679507 43
1750857241434 0.9922506405936052 44
1750857242053 0.9930632783618103 45
1750857242673 0.9925319604259338 46
1750857243294 0.9922484685261569 47
1750857243914 0.993607439659943 48
1750857244533 0.9925193669499721 49
1750857245155 0.9942966629031796 50
1750857245776 0.9941527195796596 51
1750857246395 0.994287380861835 52
1750857247018 0.9956480592527632 53
1750857247640 0.9942879498057308 54
1750857248263 0.9933488417309226 55
1750857248888 0.9956477377404543 56
1750857249506 0.9944223034983223 57
1750857250132 0.9945612387979158 58
1750857250758 0.9945614339376684 59
1750857251384 0.9947001591717544 60
1750857252008 0.995374472802159 61
1750857252635 0.9963324177328665 62
1750857253265 0.9968721798805533 63
1750857253893 0.9968794643479418 64
1750857254519 0.9963284107512447 65
1750857255149 0.9946991726947916 66
1750857255778 0.9960588569858329 67
1750857256409 0.9959210456945706 68
1750857257038 0.9952416733268484 69
1750857257667 0.9957846750518756 70
1750857258295 0.9963298990848997 71
1750857258927 0.9961956884867227 72
1750857259561 0.9968737258726468 73
1750857260195 0.9959194776931447 74
1750857260827 0.9967361468103892 75
1750857261458 0.996873751668191 76
1750857262090 0.9971444875075347 77
1750857262724 0.9965997498673379 78
1750857263359 0.9978249113800304 79
1750857263991 0.9983695519997646 80
1750857264626 0.9970077574666427 81
1750857265263 0.9971465084547614 82
1750857265900 0.9970091608023909 83
1750857266535 0.997143905334531 84
1750857267167 0.9982328180312193 85
1750857267806 0.997824234368015 86
1750857214531 0.6370689028991535 0
