1750857214512 0.5894994559303591 0
1750857215094 0.7961099020674647 1
1750857215700 0.8551414581066377 2
1750857216308 0.8930903155603918 3
1750857216915 0.9145810663764962 4
1750857217518 0.9314472252448314 5
1750857218122 0.940424374319913 6
1750857218725 0.9517138193688792 7
1750857219331 0.954842219804135 8
1750857219937 0.9621871599564744 9
1750857220543 0.9620511425462459 10
1750857221151 0.9665397170837867 11
1750857221757 0.970076169749728 12
1750857222363 0.9733405875952121 13
1750857222970 0.9737486398258978 14
1750857223579 0.9755168661588683 15
1750857224187 0.9738846572361263 16
1750857224793 0.9793253536452666 17
1750857225404 0.9783732317736671 18
1750857226013 0.9800054406964092 19
1750857226624 0.9805495103373232 20
1750857227238 0.9801414581066377 21
1750857227847 0.9829978237214363 22
1750857228457 0.9819096844396082 23
1750857229069 0.9834058759521219 24
1750857229681 0.9836779107725789 25
1750857230292 0.9843579978237215 26
1750857230906 0.985038084874864 27
1750857231520 0.9868063112078346 28
1750857232135 0.9870783460282916 29
1750857232747 0.9889825897714908 30
1750857233362 0.9889825897714908 31
1750857233978 0.9887105549510338 32
1750857234594 0.9893906420021763 33
1750857235209 0.9887105549510338 34
1750857235825 0.9893906420021763 35
1750857236443 0.9907508161044614 36
1750857237061 0.9884385201305768 37
1750857237682 0.9878944504896626 38
1750857238298 0.9904787812840044 39
1750857238917 0.9914309031556039 40
1750857239535 0.9912948857453754 41
1750857240165 0.9925190424374319 42
1750857240787 0.9927910772578891 43
1750857241407 0.9922470076169749 44
1750857242027 0.9930631120783461 45
1750857242647 0.9925190424374319 46
1750857243267 0.9922470076169749 47
1750857243887 0.9936071817192601 48
1750857244507 0.9925190424374319 49
1750857245129 0.9942872687704026 50
1750857245750 0.9941512513601741 51
1750857246369 0.9942872687704026 52
1750857246992 0.9956474428726877 53
1750857247613 0.9942872687704026 54
1750857248237 0.9933351468988031 55
1750857248861 0.9956474428726877 56
1750857249479 0.9944232861806311 57
1750857250105 0.9945593035908596 58
1750857250732 0.9945593035908596 59
1750857251358 0.9946953210010882 60
1750857251981 0.9953754080522307 61
1750857252608 0.9963275299238302 62
1750857253239 0.9968715995647442 63
1750857253867 0.9968715995647442 64
1750857254491 0.9963275299238302 65
1750857255121 0.9946953210010882 66
1750857255751 0.9960554951033732 67
1750857256382 0.9959194776931447 68
1750857257011 0.9952393906420022 69
1750857257640 0.9957834602829162 70
1750857258268 0.9963275299238302 71
1750857258900 0.9961915125136017 72
1750857259534 0.9968715995647442 73
1750857260168 0.9959194776931447 74
1750857260800 0.9967355821545157 75
1750857261431 0.9968715995647442 76
1750857262062 0.9971436343852013 77
1750857262697 0.9965995647442872 78
1750857263332 0.9978237214363439 79
1750857263964 0.9983677910772579 80
1750857264599 0.9970076169749728 81
1750857265235 0.9971436343852013 82
1750857265872 0.9970076169749728 83
1750857266507 0.9971436343852013 84
1750857267139 0.9982317736670294 85
1750857267778 0.9978237214363439 86
1750857214512 0.5894994559303591 0
