1750857214551 0.5894994559303591 0
1750857215143 0.7961099020674647 1
1750857215749 0.8551414581066377 2
1750857216357 0.8930903155603918 3
1750857216965 0.9145810663764962 4
1750857217567 0.9314472252448314 5
1750857218171 0.940424374319913 6
1750857218775 0.9517138193688792 7
1750857219380 0.954842219804135 8
1750857219986 0.9621871599564744 9
1750857220593 0.9620511425462459 10
1750857221200 0.9665397170837867 11
1750857221807 0.970076169749728 12
1750857222413 0.9733405875952121 13
1750857223020 0.9737486398258978 14
1750857223629 0.9755168661588683 15
1750857224236 0.9738846572361263 16
1750857224843 0.9793253536452666 17
1750857225453 0.9783732317736671 18
1750857226063 0.9800054406964092 19
1750857226674 0.9805495103373232 20
1750857227288 0.9801414581066377 21
1750857227897 0.9829978237214363 22
1750857228508 0.9819096844396082 23
1750857229120 0.9834058759521219 24
1750857229732 0.9836779107725789 25
1750857230343 0.9843579978237215 26
1750857230957 0.985038084874864 27
1750857231570 0.9868063112078346 28
1750857232186 0.9870783460282916 29
1750857232798 0.9889825897714908 30
1750857233414 0.9889825897714908 31
1750857234030 0.9887105549510338 32
1750857234646 0.9893906420021763 33
1750857235261 0.9887105549510338 34
1750857235876 0.9893906420021763 35
1750857236495 0.9907508161044614 36
1750857237113 0.9884385201305768 37
1750857237734 0.9878944504896626 38
1750857238350 0.9904787812840044 39
1750857238969 0.9914309031556039 40
1750857239587 0.9912948857453754 41
1750857240218 0.9925190424374319 42
1750857240840 0.9927910772578891 43
1750857241460 0.9922470076169749 44
1750857242079 0.9930631120783461 45
1750857242699 0.9925190424374319 46
1750857243320 0.9922470076169749 47
1750857243940 0.9936071817192601 48
1750857244560 0.9925190424374319 49
1750857245181 0.9942872687704026 50
1750857245803 0.9941512513601741 51
1750857246421 0.9942872687704026 52
1750857247045 0.9956474428726877 53
1750857247667 0.9942872687704026 54
1750857248290 0.9933351468988031 55
1750857248913 0.9956474428726877 56
1750857249532 0.9944232861806311 57
1750857250158 0.9945593035908596 58
1750857250785 0.9945593035908596 59
1750857251410 0.9946953210010882 60
1750857252035 0.9953754080522307 61
1750857252661 0.9963275299238302 62
1750857253293 0.9968715995647442 63
1750857253920 0.9968715995647442 64
1750857254546 0.9963275299238302 65
1750857255176 0.9946953210010882 66
1750857255805 0.9960554951033732 67
1750857256436 0.9959194776931447 68
1750857257066 0.9952393906420022 69
1750857257694 0.9957834602829162 70
1750857258322 0.9963275299238302 71
1750857258954 0.9961915125136017 72
1750857259589 0.9968715995647442 73
1750857260223 0.9959194776931447 74
1750857260855 0.9967355821545157 75
1750857261485 0.9968715995647442 76
1750857262118 0.9971436343852013 77
1750857262752 0.9965995647442872 78
1750857263387 0.9978237214363439 79
1750857264019 0.9983677910772579 80
1750857264654 0.9970076169749728 81
1750857265291 0.9971436343852013 82
1750857265927 0.9970076169749728 83
1750857266562 0.9971436343852013 84
1750857267194 0.9982317736670294 85
1750857267834 0.9978237214363439 86
1750857214551 0.5894994559303591 0
