1750948730263 0.8596300326441785 0
1750948730875 0.9552502720348205 1
1750948731507 0.9687159956474428 2
1750948732138 0.9783732317736671 3
1750948732776 0.9805495103373232 4
1750948733415 0.9828618063112078 5
1750948734059 0.9849020674646355 6
1750948734706 0.985854189336235 7
1750948735350 0.9868063112078346 8
1750948735991 0.9900707290533188 9
1750948736631 0.9896626768226333 10
1750948737277 0.9883025027203483 11
1750948737918 0.9914309031556039 12
1750948738561 0.9910228509249184 13
1750948739202 0.9922470076169749 14
1750948739842 0.9923830250272034 15
1750948740485 0.9942872687704026 16
1750948741127 0.9945593035908596 17
1750948741769 0.9938792165397171 18
1750948742412 0.9942872687704026 19
1750948743054 0.9965995647442872 20
1750948743697 0.9961915125136017 21
1750948744343 0.9968715995647442 22
1750948744986 0.9965995647442872 23
1750948745630 0.9960554951033732 24
1750948746274 0.9961915125136017 25
1750948746918 0.9956474428726877 26
1750948747564 0.9979597388465724 27
1750948748209 0.9974156692056583 28
1750948748861 0.9982317736670294 29
1750948749505 0.9986398258977149 30
1750948750153 0.9985038084874864 31
1750948750804 0.9974156692056583 32
1750948751451 0.9974156692056583 33
1750948752098 0.9985038084874864 34
1750948752745 0.9985038084874864 35
1750948753392 0.9983677910772579 36
1750948754044 0.999455930359086 37
1750948754694 0.9980957562568009 38
1750948755341 0.9990478781284005 39
1750948755992 0.9975516866158868 40
1750948756644 0.9993199129488575 41
1750948757303 0.999455930359086 42
1750948757955 0.9987758433079434 43
1750948758607 0.9975516866158868 44
1750948759266 0.9957834602829162 45
1750948759917 0.9976877040261154 46
1750948760569 0.9985038084874864 47
1750948761220 0.999183895538629 48
1750948761873 0.998911860718172 49
1750948762525 0.9983677910772579 50
1750948763181 0.9993199129488575 51
1750948763836 0.999727965179543 52
1750948764490 0.9978237214363439 53
1750948765144 0.9985038084874864 54
1750948765799 0.9983677910772579 55
1750948766455 0.9998639825897715 56
1750948767114 0.9998639825897715 57
1750948767770 0.9998639825897715 58
1750948768426 0.9998639825897715 59
1750948769087 0.9976877040261154 60
1750948769351 0.9976877040261154 0
1750948730263 0.8596300326441785 0
1750948769351 0.9976877040261154 0
