1750948730283 0.8626532969116194 0
1750948730901 0.955255309965834 1
1750948731532 0.968698545265524 2
1750948732164 0.978354111634758 3
1750948732802 0.9805474487626982 4
1750948733441 0.9828676667104618 5
1750948734084 0.984901784064716 6
1750948734731 0.985854189336235 7
1750948735376 0.9868151153690862 8
1750948736017 0.9900743834968337 9
1750948736657 0.9896635776858206 10
1750948737303 0.9883149861255446 11
1750948737944 0.9914322748802202 12
1750948738587 0.9910228509249184 13
1750948739229 0.9922494458437132 14
1750948739868 0.9923831787718644 15
1750948740511 0.9942879333505829 16
1750948741154 0.9945625586435005 17
1750948741795 0.9938805638457193 18
1750948742438 0.9942872687704026 19
1750948743081 0.9965997498673379 20
1750948743724 0.9961921030315762 21
1750948744369 0.99687177806801 22
1750948745012 0.9965995805255785 23
1750948745656 0.9960597163968101 24
1750948746300 0.9961986830372908 25
1750948746945 0.995648608254881 26
1750948747591 0.9979625228729838 27
1750948748236 0.9974167703714382 28
1750948748887 0.9982325541139142 29
1750948749532 0.9986398258977149 30
1750948750180 0.9985038727673803 31
1750948750831 0.9974157057720651 32
1750948751478 0.9974194925893892 33
1750948752125 0.9985039472720437 34
1750948752772 0.9985039462964127 35
1750948753420 0.9983692521166673 36
1750948754070 0.9994563115931335 37
1750948754720 0.9980960666638444 38
1750948755368 0.9990480036733882 39
1750948756018 0.9975516866158868 40
1750948756671 0.9993200318740603 41
1750948757330 0.9994563657044541 42
1750948757982 0.9987759145162091 43
1750948758634 0.997553293079433 44
1750948759293 0.9957849093043403 45
1750948759945 0.9976880140136893 46
1750948760596 0.9985038727673803 47
1750948761247 0.9991843438150475 48
1750948761900 0.998911860718172 49
1750948762553 0.998368278146828 50
1750948763209 0.9993199980138667 51
1750948763863 0.999727965179543 52
1750948764518 0.9978237214363439 53
1750948765172 0.9985035690466858 54
1750948765827 0.9983673923512889 55
1750948766483 0.9998640815115244 56
1750948767142 0.999864088275405 57
1750948767798 0.999864088275405 58
1750948768453 0.9998640815115244 59
1750948769115 0.9976896496871175 60
1750948769351 0.9976896496871175 0
1750948730283 0.8626532969116194 0
1750948769351 0.9976896496871175 0
