1750948730242 0.5994018721308101 0
1750948730850 0.17108889454337275 1
1750948731481 0.10235486227423114 2
1750948732113 0.0763506750060373 3
1750948732750 0.06171337744956826 4
1750948733389 0.05243393082183839 5
1750948734033 0.047834357644012754 6
1750948734680 0.04260403406527603 7
1750948735324 0.03885426680163214 8
1750948735965 0.031487472118228124 9
1750948736604 0.032399767916548236 10
1750948737251 0.03287714654660831 11
1750948737892 0.025408872483263727 12
1750948738533 0.0259759693048789 13
1750948739176 0.022070144802753502 14
1750948739816 0.022586462505960327 15
1750948740458 0.020328502526448005 16
1750948741101 0.01729597120269144 17
1750948741742 0.016521165890505656 18
1750948742385 0.01610808697796677 19
1750948743028 0.012322304063244551 20
1750948743671 0.01322748723325357 21
1750948744316 0.010945348540433482 22
1750948744959 0.010753376236625251 23
1750948745603 0.012622822447876538 24
1750948746247 0.010545224628930098 25
1750948746892 0.01159321185709631 26
1750948747537 0.007729665833356627 27
1750948748182 0.010587932504470318 28
1750948748834 0.007155354633778881 29
1750948749479 0.0065898489359294 30
1750948750126 0.006484896871262565 31
1750948750777 0.01020223500057082 32
1750948751425 0.011319731562185558 33
1750948752071 0.008132547393600306 34
1750948752718 0.0061898762500825644 35
1750948753365 0.005588323260762377 36
1750948754016 0.004197075797644696 37
1750948754667 0.0073581192660755025 38
1750948755315 0.0039797068459019305 39
1750948755965 0.006661103187316129 40
1750948756616 0.004727986928545393 41
1750948757276 0.0028677477286268437 42
1750948757928 0.004482551408969362 43
1750948758579 0.007780698085228088 44
1750948759238 0.011782121034591156 45
1750948759890 0.008039747318202251 46
1750948760541 0.006072189893547681 47
1750948761192 0.003915207563890337 48
1750948761845 0.004065959733861202 49
1750948762498 0.00405185552580197 50
1750948763153 0.00333695926076181 51
1750948763808 0.001813967504292654 52
1750948764462 0.006222877367461071 53
1750948765117 0.004821867173435258 54
1750948765771 0.005391747076928279 55
1750948766427 0.0021703556419164754 56
1750948767087 0.0011121007648895326 57
1750948767742 0.0020214395146816084 58
1750948768397 0.001138107096846988 59
1750948769059 0.007329580558074909 60
1750948769351 0.007329580558074909 0
1750948730242 0.5994018721308101 0
1750948769351 0.007329580558074909 0
