1750948730326 0.8573023797306568 0
1750948730952 0.9552074524523282 1
1750948731583 0.9687013602708338 2
1750948732215 0.978361517822974 3
1750948732853 0.980545070936237 4
1750948733492 0.9828629802107307 5
1750948734136 0.9849014842540033 6
1750948734783 0.985854189336235 7
1750948735428 0.9868074972944267 8
1750948736069 0.9900713119951653 9
1750948736709 0.9896629283744542 10
1750948737355 0.9883037933388117 11
1750948737996 0.99143033931555 12
1750948738639 0.9910228509249184 13
1750948739280 0.9922473657054064 14
1750948739920 0.9923828418899903 15
1750948740563 0.9942873635957602 16
1750948741206 0.994559608245581 17
1750948741847 0.9938794373542299 18
1750948742490 0.9942872687704026 19
1750948743134 0.9965996066000555 20
1750948743776 0.9961916051905884 21
1750948744421 0.996871638072051 22
1750948745065 0.996599521924185 23
1750948745709 0.9960551239057625 24
1750948746353 0.9961918573096171 25
1750948746998 0.9956472162262748 26
1750948747644 0.9979598586291436 27
1750948748290 0.9974157624384526 28
1750948748940 0.9982317053630814 29
1750948749585 0.9986398258977149 30
1750948750233 0.9985037896466413 31
1750948750884 0.9974156366623805 32
1750948751531 0.9974154840732763 33
1750948752178 0.9985038269040244 34
1750948752825 0.9985038152098501 35
1750948753473 0.9983677060848531 36
1750948754124 0.9994559165023423 37
1750948754774 0.9980957077581983 38
1750948755422 0.9990478898480155 39
1750948756072 0.9975516866158868 40
1750948756725 0.9993199213200111 41
1750948757385 0.9994559435986555 42
1750948758036 0.9987758278927066 43
1750948758689 0.9975517670478788 44
1750948759348 0.995783530458487 45
1750948759999 0.9976877459582059 46
1750948760650 0.9985037896466413 47
1750948761301 0.9991839153979831 48
1750948761955 0.998911860718172 49
1750948762607 0.9983678307959666 50
1750948763264 0.999319904384837 51
1750948763918 0.999727965179543 52
1750948764573 0.9978237214363439 53
1750948765227 0.9985036383098528 54
1750948765882 0.9983675429047459 55
1750948766539 0.9998639808769674 56
1750948767197 0.9998639842640021 57
1750948767853 0.9998639842640021 58
1750948768510 0.9998639808769674 59
1750948769171 0.997687803493536 60
1750948769351 0.997687803493536 0
1750948730326 0.8573023797306568 0
1750948769351 0.997687803493536 0
