1751011992082 0.6399929357268994 0
1751011992681 0.18840293232777172 1
1751011993305 0.11375070695681204 2
1751011993933 0.08219132633217012 3
1751011994564 0.06730331353624316 4
1751011995197 0.05904571159506648 5
1751011995834 0.053705445505978625 6
1751011996479 0.048908877193571045 7
1751011997119 0.044351042579693294 8
1751011997754 0.04126761902541214 9
1751011998388 0.03923620785544986 10
1751011999023 0.037459028409479816 11
1751011999659 0.033943230317656246 12
1751012000292 0.03346954549078032 13
1751012000929 0.031728778241183996 14
1751012001565 0.029690310493784514 15
1751012002198 0.03075789349098914 16
1751012002834 0.02815538882384314 17
1751012003467 0.02461150737927256 18
1751012004104 0.024662643467340623 19
1751012004744 0.025157417291299045 20
1751012005384 0.02077292241824951 21
1751012006023 0.01921623544534415 22
1751012006661 0.02700237566564674 23
1751012007303 0.023864582811317064 24
1751012007943 0.02152244669260605 25
1751012008582 0.01859178256914344 26
1751012009226 0.019020119365770877 27
1751012009865 0.015333934194561381 28
1751012010510 0.015040884826330304 29
1751012011149 0.013498936030888064 30
1751012011790 0.020577311966268264 31
1751012012434 0.01949745252874393 32
1751012013076 0.019263026866984834 33
1751012013716 0.01947365232066366 34
1751012014358 0.0133603141894939 35
1751012014999 0.011027911294381397 36
1751012015640 0.019092180333693105 37
1751012016277 0.015224637264554045 38
1751012016919 0.01061644279286549 39
1751012017562 0.011958274306522701 40
1751012018202 0.01334480189219709 41
1751012018848 0.024375006659118553 42
1751012019496 0.020363247504415267 43
1751012020139 0.015335986004347818 44
1751012020778 0.01330201375025595 45
1751012021422 0.014491094925903976 46
1751012022067 0.01479451470325323 47
1751012022710 0.01050720577811269 48
1751012023371 0.014285625974770323 49
1751012024015 0.01266323071848743 50
1751012024666 0.012768919788446922 51
1751012025314 0.01387985414314622 52
1751012025966 0.009496125034882532 53
1751012026614 0.0173988564966512 54
1751012027273 0.014356949439087843 55
1751012027571 0.014356949439087843 0
1751011992082 0.6399929357268994 0
1751012027571 0.014356949439087843 0
