1751011992148 0.8502448313384113 0
1751011992760 0.9523939064200218 1
1751011993385 0.9677638737758433 2
1751011994013 0.9767410228509249 3
1751011994644 0.9802774755168662 4
1751011995277 0.9838139281828074 5
1751011995916 0.9838139281828074 6
1751011996558 0.9843579978237215 7
1751011997198 0.985310119695321 8
1751011997835 0.9869423286180631 9
1751011998469 0.9878944504896626 10
1751011999103 0.9897986942328618 11
1751011999740 0.9906147986942329 12
1751012000373 0.9899347116430903 13
1751012001010 0.9902067464635473 14
1751012001645 0.9911588683351469 15
1751012002279 0.9904787812840044 16
1751012002914 0.9917029379760609 17
1751012003549 0.9926550598476604 18
1751012004185 0.9922470076169749 19
1751012004826 0.9929270946681176 20
1751012005466 0.9936071817192601 21
1751012006103 0.9942872687704026 22
1751012006742 0.9926550598476604 23
1751012007385 0.9945593035908596 24
1751012008026 0.9948313384113167 25
1751012008663 0.9955114254624592 26
1751012009307 0.9948313384113167 27
1751012009948 0.9948313384113167 28
1751012010593 0.9949673558215452 29
1751012011230 0.9964635473340587 30
1751012011874 0.9938792165397171 31
1751012012518 0.9945593035908596 32
1751012013159 0.9953754080522307 33
1751012013798 0.9948313384113167 34
1751012014441 0.9965995647442872 35
1751012015081 0.9976877040261154 36
1751012015722 0.9937431991294886 37
1751012016360 0.9955114254624592 38
1751012017002 0.9978237214363439 39
1751012017646 0.9979597388465724 40
1751012018285 0.9972796517954298 41
1751012018937 0.9931991294885746 42
1751012019578 0.9948313384113167 43
1751012020221 0.9959194776931447 44
1751012020862 0.9967355821545157 45
1751012021506 0.9968715995647442 46
1751012022150 0.9965995647442872 47
1751012022793 0.9974156692056583 48
1751012023454 0.9959194776931447 49
1751012024101 0.9963275299238302 50
1751012024750 0.9964635473340587 51
1751012025399 0.9964635473340587 52
1751012026051 0.9976877040261154 53
1751012026698 0.9955114254624592 54
1751012027358 0.9967355821545157 55
1751012027571 0.9967355821545157 0
1751011992148 0.8502448313384113 0
1751012027571 0.9967355821545157 0
