1751011992126 0.8516701431984992 0
1751011992734 0.952262212848219 1
1751011993359 0.9677304601192398 2
1751011993986 0.9767370909017908 3
1751011994618 0.9802772423387087 4
1751011995251 0.9838120704341871 5
1751011995889 0.9838593323275625 6
1751011996532 0.9843577377696514 7
1751011997172 0.9853056272155347 8
1751011997807 0.9869433587917558 9
1751011998442 0.9879074845726333 10
1751011999077 0.9897990316109618 11
1751011999713 0.9906113264356267 12
1751012000346 0.9899372606707748 13
1751012000983 0.9902165124027454 14
1751012001619 0.9911591792341078 15
1751012002252 0.9904805098062988 16
1751012002888 0.9917043474298417 17
1751012003522 0.9926550869466881 18
1751012004158 0.9922470081618434 19
1751012004799 0.9929262691550582 20
1751012005439 0.9936075930764373 21
1751012006077 0.9942879498057308 22
1751012006715 0.9926586699769376 23
1751012007358 0.9945623577467169 24
1751012007999 0.9948338624141703 25
1751012008636 0.9955151345715916 26
1751012009280 0.9948313384113167 27
1751012009920 0.9948313384113167 28
1751012010566 0.9949675806633043 29
1751012011203 0.9964635473340587 30
1751012011846 0.9938791630372904 31
1751012012490 0.9945601727680944 32
1751012013131 0.9953785964908928 33
1751012013771 0.9948313384113167 34
1751012014414 0.9965997498673379 35
1751012015054 0.9976877475208938 36
1751012015695 0.9937439060269179 37
1751012016332 0.9955172676542238 38
1751012016975 0.9978237214363439 39
1751012017618 0.9979606988788436 40
1751012018258 0.9972796517954298 41
1751012018904 0.9932012849230222 42
1751012019551 0.9948324409809218 43
1751012020194 0.9959210048995221 44
1751012020834 0.9967365735531075 45
1751012021478 0.9968749160414097 46
1751012022123 0.9966009750350003 47
1751012022765 0.9974157057720651 48
1751012023427 0.9959196747769818 49
1751012024073 0.9963287068250631 50
1751012024722 0.9964651536317382 51
1751012025371 0.9964618352650727 52
1751012026023 0.9976877475208938 53
1751012026670 0.9955138946729263 54
1751012027330 0.9967363742395547 55
1751012027571 0.9967363742395547 0
1751011992126 0.8516701431984992 0
1751012027571 0.9967363742395547 0
