1751011992171 0.8501346811930809 0
1751011992786 0.9522819416133905 1
1751011993411 0.9677413728366738 2
1751011994039 0.9767362794932866 3
1751011994670 0.9802767334588262 4
1751011995304 0.9838119160607255 5
1751011995942 0.9838170123502026 6
1751011996585 0.9843576096288927 7
1751011997225 0.9853077251194949 8
1751011997861 0.9869426463677317 9
1751011998496 0.9878957520351399 10
1751011999132 0.9897988131032436 11
1751011999767 0.9906130051659333 12
1751012000400 0.9899351900919601 13
1751012001037 0.9902094179025849 14
1751012001673 0.9911589738116827 15
1751012002306 0.9904790153775037 16
1751012002941 0.9917023920356912 17
1751012003578 0.9926548727816219 18
1751012004212 0.992245073074124 19
1751012004853 0.992920829429602 20
1751012005493 0.9936069347742176 21
1751012006130 0.9942874077858825 22
1751012006771 0.9926554188629336 23
1751012007412 0.9945595671125163 24
1751012008053 0.9948309710984606 25
1751012008691 0.9955118177122703 26
1751012009334 0.9948313384113167 27
1751012009976 0.9948313384113167 28
1751012010620 0.9949674177680822 29
1751012011258 0.9964635473340587 30
1751012011902 0.9938791394635329 31
1751012012546 0.9945593197041301 32
1751012013186 0.9953757407991974 33
1751012013827 0.9948313384113167 34
1751012014469 0.9965996066000555 35
1751012015109 0.9976876749084458 36
1751012015749 0.9937433513845381 37
1751012016388 0.9955133790589593 38
1751012017029 0.9978237214363439 39
1751012017674 0.9979595635748557 40
1751012018315 0.9972796517954298 41
1751012018965 0.9931989103005314 42
1751012019606 0.9948314905642268 43
1751012020248 0.9959193115865099 44
1751012020890 0.9967360291529131 45
1751012021534 0.9968713635059957 46
1751012022178 0.9965993986883032 47
1751012022821 0.9974156366623805 48
1751012023482 0.9959193737675678 49
1751012024129 0.996327662412538 50
1751012024778 0.9964640012145083 51
1751012025427 0.9964620767517433 52
1751012026079 0.9976876749084458 53
1751012026729 0.995511233931647 54
1751012027386 0.9967357088761586 55
1751012027571 0.9967357088761586 0
1751011992171 0.8501346811930809 0
1751012027571 0.9967357088761586 0
