1751011992104 0.8502448313384113 0
1751011992707 0.9523939064200218 1
1751011993331 0.9677638737758433 2
1751011993960 0.9767410228509249 3
1751011994592 0.9802774755168662 4
1751011995224 0.9838139281828074 5
1751011995861 0.9838139281828074 6
1751011996505 0.9843579978237215 7
1751011997145 0.985310119695321 8
1751011997781 0.9869423286180631 9
1751011998415 0.9878944504896626 10
1751011999050 0.9897986942328618 11
1751011999686 0.9906147986942329 12
1751012000319 0.9899347116430903 13
1751012000956 0.9902067464635473 14
1751012001592 0.9911588683351469 15
1751012002225 0.9904787812840044 16
1751012002861 0.9917029379760609 17
1751012003495 0.9926550598476604 18
1751012004131 0.9922470076169749 19
1751012004771 0.9929270946681176 20
1751012005412 0.9936071817192601 21
1751012006050 0.9942872687704026 22
1751012006688 0.9926550598476604 23
1751012007331 0.9945593035908596 24
1751012007970 0.9948313384113167 25
1751012008609 0.9955114254624592 26
1751012009253 0.9948313384113167 27
1751012009892 0.9948313384113167 28
1751012010539 0.9949673558215452 29
1751012011176 0.9964635473340587 30
1751012011818 0.9938792165397171 31
1751012012462 0.9945593035908596 32
1751012013104 0.9953754080522307 33
1751012013743 0.9948313384113167 34
1751012014386 0.9965995647442872 35
1751012015026 0.9976877040261154 36
1751012015667 0.9937431991294886 37
1751012016305 0.9955114254624592 38
1751012016947 0.9978237214363439 39
1751012017590 0.9979597388465724 40
1751012018230 0.9972796517954298 41
1751012018876 0.9931991294885746 42
1751012019524 0.9948313384113167 43
1751012020166 0.9959194776931447 44
1751012020806 0.9967355821545157 45
1751012021450 0.9968715995647442 46
1751012022095 0.9965995647442872 47
1751012022737 0.9974156692056583 48
1751012023399 0.9959194776931447 49
1751012024044 0.9963275299238302 50
1751012024694 0.9964635473340587 51
1751012025342 0.9964635473340587 52
1751012025995 0.9976877040261154 53
1751012026642 0.9955114254624592 54
1751012027302 0.9967355821545157 55
1751012027571 0.9967355821545157 0
1751011992104 0.8502448313384113 0
1751012027571 0.9967355821545157 0
