1750948774758 0.8511969532100109 0
1750948775379 0.9576985854189336 1
1750948776010 0.9704842219804135 2
1750948776644 0.9789173014145811 3
1750948777287 0.9808215451577802 4
1750948777927 0.9840859630032645 5
1750948778570 0.984221980413493 6
1750948779214 0.9866702937976061 7
1750948779858 0.9884385201305768 8
1750948780498 0.9895266594124048 9
1750948781138 0.9888465723612623 10
1750948781776 0.9908868335146899 11
1750948782417 0.9927910772578891 12
1750948783058 0.9923830250272034 13
1750948783698 0.9937431991294886 14
1750948784340 0.9938792165397171 15
1750948784981 0.9944232861806311 16
1750948785624 0.9959194776931447 17
1750948786265 0.9951033732317737 18
1750948786907 0.9979597388465724 19
1750948787549 0.9960554951033732 20
1750948788192 0.9953754080522307 21
1750948788836 0.9957834602829162 22
1750948789480 0.9959194776931447 23
1750948790125 0.9972796517954298 24
1750948790769 0.9980957562568009 25
1750948791416 0.9979597388465724 26
1750948792063 0.9983677910772579 27
1750948792711 0.999183895538629 28
1750948793359 0.9967355821545157 29
1750948794006 0.9978237214363439 30
1750948794657 0.9986398258977149 31
1750948795304 0.9979597388465724 32
1750948795954 0.9956474428726877 33
1750948796587 0.9979597388465724 34
1750948797269 0.9987758433079434 35
1750948797945 0.9990478781284005 36
1750948798622 0.9985038084874864 37
1750948799300 1.0 38
1750948799976 0.9998639825897715 39
1750948800628 0.999727965179543 40
1750948801270 0.9970076169749728 41
1750948801910 0.9982317736670294 42
1750948802551 0.999455930359086 43
1750948803193 1.0 44
1750948803834 0.999183895538629 45
1750948804475 0.9987758433079434 46
1750948805116 0.9972796517954298 47
1750948805760 0.999727965179543 48
1750948806402 0.999455930359086 49
1750948807046 0.998911860718172 50
1750948807690 0.999727965179543 51
1750948808331 0.9990478781284005 52
1750948808979 0.9976877040261154 53
1750948809626 0.999455930359086 54
1750948810270 0.9985038084874864 55
1750948810916 0.9979597388465724 56
1750948811562 0.9990478781284005 57
1750948812208 0.999183895538629 58
1750948812860 0.999183895538629 59
1750948813514 0.9993199129488575 60
1750948814161 0.999455930359086 61
1750948814807 0.9998639825897715 62
1750948815455 0.9987758433079434 63
1750948816105 0.999455930359086 64
1750948816756 1.0 65
1750948816975 1.0 0
1750948774758 0.8511969532100109 0
1750948816975 1.0 0
