1750948774780 0.8485474635670351 0
1750948775404 0.9576228058201697 1
1750948776036 0.9704620022371196 2
1750948776669 0.9789070782511788 3
1750948777313 0.9808189145198314 4
1750948777952 0.9840794364236328 5
1750948778596 0.9842198186094765 6
1750948779240 0.9866702937976061 7
1750948779883 0.9884383745422288 8
1750948780524 0.9895272742962703 9
1750948781164 0.9888475821210213 10
1750948781802 0.9908862338752674 11
1750948782443 0.9927915004896405 12
1750948783084 0.9923830250272034 13
1750948783724 0.9937433513845381 14
1750948784366 0.9938800606394308 15
1750948785007 0.9944232159556634 16
1750948785650 0.9959194776931447 17
1750948786291 0.9951038165409362 18
1750948786933 0.9979597639600333 19
1750948787575 0.9960555436560643 20
1750948788218 0.9953750389625231 21
1750948788862 0.9957837078335634 22
1750948789507 0.9959195769899161 23
1750948790152 0.9972798980782979 24
1750948790796 0.9980957562568009 25
1750948791443 0.9979597639600333 26
1750948792090 0.9983678307959666 27
1750948792739 0.999183895538629 28
1750948793386 0.9967357373271223 29
1750948794033 0.9978237743946219 30
1750948794684 0.9986397618280257 31
1750948795330 0.9979594606657022 32
1750948795980 0.995645586520099 33
1750948796614 0.9979597506330488 34
1750948797295 0.9987758583760199 35
1750948797971 0.9990478898480155 36
1750948798648 0.9985038269040244 37
1750948799326 1.0 38
1750948800002 0.9998639808769674 39
1750948800655 0.9997279582511712 40
1750948801298 0.9970076897926052 41
1750948801937 0.9982318774785911 42
1750948802579 0.999455930359086 43
1750948803221 1.0 44
1750948803862 0.999183895538629 45
1750948804503 0.9987757960205947 46
1750948805144 0.9972795101414219 47
1750948805787 0.999727965179543 48
1750948806429 0.999455930359086 49
1750948807074 0.998911860718172 50
1750948807717 0.999727965179543 51
1750948808359 0.9990478123426115 52
1750948809007 0.9976877368071566 53
1750948809652 0.9994559234307142 54
1750948810298 0.9985038348064464 55
1750948810944 0.9979594674356596 56
1750948811589 0.9990478661387717 57
1750948812236 0.9991839197052123 58
1750948812890 0.999183895538629 59
1750948813542 0.9993198711349435 60
1750948814189 0.9994559429103897 61
1750948814835 0.9998639808769674 62
1750948815484 0.998775887470846 63
1750948816133 0.999455930359086 64
1750948816785 1.0 65
1750948816975 1.0 0
1750948774780 0.8485474635670351 0
1750948816975 1.0 0
