1750948774696 0.603210547916648 0
1750948775303 0.17208159793577724 1
1750948775934 0.10328412134609752 2
1750948776567 0.07677211835615588 3
1750948777208 0.06352166780822943 4
1750948777850 0.05223342418970623 5
1750948778494 0.04821857109957732 6
1750948779137 0.04198559543059103 7
1750948779781 0.0358404652058462 8
1750948780421 0.03340959984209222 9
1750948781060 0.03283118315079575 10
1750948781698 0.02659146724901161 11
1750948782338 0.02329336572286467 12
1750948782980 0.022637640088046692 13
1750948783620 0.020039131266994237 14
1750948784260 0.018506964415279385 15
1750948784903 0.0191186862226 16
1750948785545 0.01483321469226473 17
1750948786187 0.01545762987320957 18
1750948786828 0.010072938891209285 19
1750948787470 0.01388473065962186 20
1750948788112 0.012857450232096218 21
1750948788757 0.013041766029904202 22
1750948789400 0.012237481810142397 23
1750948790045 0.008605711812698673 24
1750948790690 0.008641412674276597 25
1750948791336 0.007752594726843713 26
1750948791983 0.006615631256345128 27
1750948792630 0.005653513822528727 28
1750948793279 0.011129871088749464 29
1750948793926 0.00666156848159115 30
1750948794576 0.0070543619875656285 31
1750948795224 0.009363435341173964 32
1750948795871 0.01304343638037685 33
1750948796507 0.007437589259106783 34
1750948797191 0.006359355486052818 35
1750948797867 0.004777894552939716 36
1750948798544 0.006525484733440598 37
1750948799222 0.0020706492725210478 38
1750948799897 0.00162329457051861 39
1750948800545 0.002505475980486448 40
1750948801188 0.008644439614236292 41
1750948801829 0.006047661731339347 42
1750948802469 0.004312657714581094 43
1750948803111 0.0020258728613275364 44
1750948803752 0.0031951781868540287 45
1750948804392 0.004444208809865489 46
1750948805033 0.0069407698176056345 47
1750948805677 0.0022792618338758 48
1750948806320 0.003093189046965452 49
1750948806963 0.004793644955038966 50
1750948807607 0.0021768415015832074 51
1750948808248 0.00444698088606176 52
1750948808895 0.006832614548971027 53
1750948809542 0.005833000919902727 54
1750948810187 0.004691285239996224 55
1750948810832 0.007090510536931248 56
1750948811479 0.004915433797110744 57
1750948812123 0.003789661238392459 58
1750948812774 0.004048366405875045 59
1750948813429 0.0033367830883801264 60
1750948814078 0.002803330472847842 61
1750948814723 0.0018652084258702199 62
1750948815369 0.003166703094284735 63
1750948816020 0.002972257257073989 64
1750948816669 0.0008894707868962735 65
1750948816975 0.0008894707868962735 0
1750948774696 0.603210547916648 0
1750948816975 0.0008894707868962735 0
