1750948774716 0.8511969532100109 0
1750948775328 0.9576985854189336 1
1750948775959 0.9704842219804135 2
1750948776592 0.9789173014145811 3
1750948777233 0.9808215451577802 4
1750948777876 0.9840859630032645 5
1750948778519 0.984221980413493 6
1750948779163 0.9866702937976061 7
1750948779807 0.9884385201305768 8
1750948780447 0.9895266594124048 9
1750948781086 0.9888465723612623 10
1750948781724 0.9908868335146899 11
1750948782365 0.9927910772578891 12
1750948783006 0.9923830250272034 13
1750948783646 0.9937431991294886 14
1750948784286 0.9938792165397171 15
1750948784929 0.9944232861806311 16
1750948785571 0.9959194776931447 17
1750948786213 0.9951033732317737 18
1750948786854 0.9979597388465724 19
1750948787497 0.9960554951033732 20
1750948788139 0.9953754080522307 21
1750948788783 0.9957834602829162 22
1750948789427 0.9959194776931447 23
1750948790072 0.9972796517954298 24
1750948790716 0.9980957562568009 25
1750948791363 0.9979597388465724 26
1750948792010 0.9983677910772579 27
1750948792657 0.999183895538629 28
1750948793306 0.9967355821545157 29
1750948793953 0.9978237214363439 30
1750948794603 0.9986398258977149 31
1750948795251 0.9979597388465724 32
1750948795899 0.9956474428726877 33
1750948796534 0.9979597388465724 34
1750948797217 0.9987758433079434 35
1750948797893 0.9990478781284005 36
1750948798570 0.9985038084874864 37
1750948799248 1.0 38
1750948799923 0.9998639825897715 39
1750948800573 0.999727965179543 40
1750948801215 0.9970076169749728 41
1750948801857 0.9982317736670294 42
1750948802496 0.999455930359086 43
1750948803138 1.0 44
1750948803780 0.999183895538629 45
1750948804420 0.9987758433079434 46
1750948805061 0.9972796517954298 47
1750948805704 0.999727965179543 48
1750948806348 0.999455930359086 49
1750948806991 0.998911860718172 50
1750948807635 0.999727965179543 51
1750948808276 0.9990478781284005 52
1750948808923 0.9976877040261154 53
1750948809570 0.999455930359086 54
1750948810215 0.9985038084874864 55
1750948810861 0.9979597388465724 56
1750948811507 0.9990478781284005 57
1750948812151 0.999183895538629 58
1750948812803 0.999183895538629 59
1750948813458 0.9993199129488575 60
1750948814106 0.999455930359086 61
1750948814751 0.9998639825897715 62
1750948815398 0.9987758433079434 63
1750948816049 0.999455930359086 64
1750948816697 1.0 65
1750948816975 1.0 0
1750948774716 0.8511969532100109 0
1750948816975 1.0 0
