1750948774736 0.8586747794455617 0
1750948775354 0.9576834192068333 1
1750948775985 0.970448086756686 2
1750948776618 0.9789041267922751 3
1750948777261 0.9808187920829243 4
1750948777902 0.9840742663892829 5
1750948778545 0.9842190387830531 6
1750948779189 0.9866702937976061 7
1750948779832 0.9884383280607142 8
1750948780473 0.9895303738846853 9
1750948781112 0.9888549396138362 10
1750948781750 0.9908881297809776 11
1750948782391 0.9927944315575751 12
1750948783032 0.9923830250272034 13
1750948783673 0.9937439060269179 14
1750948784314 0.9938979045764827 15
1750948784955 0.9944232465349481 16
1750948785598 0.9959194776931447 17
1750948786239 0.9951107210486307 18
1750948786881 0.9979598908706993 19
1750948787523 0.9960556934659933 20
1750948788165 0.9953783095105738 21
1750948788809 0.9957864844243907 22
1750948789454 0.9959200811421697 23
1750948790099 0.9972866450259507 24
1750948790743 0.9980957562568009 25
1750948791389 0.9979598908706993 26
1750948792036 0.998368278146828 27
1750948792684 0.999183895538629 28
1750948793333 0.9967375154750301 29
1750948793979 0.997824234368015 30
1750948794630 0.9986399242075963 31
1750948795277 0.9979594078060079 32
1750948795927 0.995645806425971 33
1750948796561 0.9979598811032185 34
1750948797243 0.9987759754727158 35
1750948797919 0.9990480036733882 36
1750948798596 0.9985039472720437 37
1750948799274 1.0 38
1750948799950 0.9998640815115244 39
1750948800601 0.9997283605789913 40
1750948801243 0.9970081686997956 41
1750948801884 0.9982345276790578 42
1750948802524 0.999455930359086 43
1750948803166 1.0 44
1750948803807 0.999183895538629 45
1750948804448 0.9987766671771469 46
1750948805089 0.9972809945719529 47
1750948805732 0.999727965179543 48
1750948806375 0.999455930359086 49
1750948807019 0.998911860718172 50
1750948807663 0.999727965179543 51
1750948808304 0.9990479810487952 52
1750948808951 0.9976882973801315 53
1750948809597 0.9994563257585343 54
1750948810243 0.998504393479641 55
1750948810889 0.9979609612363346 56
1750948811534 0.999047956265038 57
1750948812179 0.9991848815617712 58
1750948812832 0.999183895538629 59
1750948813486 0.9993201283329238 60
1750948814134 0.9994566605838365 61
1750948814779 0.9998640815115244 62
1750948815426 0.9987768498044067 63
1750948816077 0.999455930359086 64
1750948816725 1.0 65
1750948816975 1.0 0
1750948774736 0.8586747794455617 0
1750948816975 1.0 0
