1750948201116 0.8634385201305768 0
1750948201727 0.9568824809575626 1
1750948202346 0.971164309031556 2
1750948202968 0.9763329706202394 3
1750948203593 0.9800054406964092 4
1750948204222 0.9812295973884657 5
1750948204853 0.9851741022850925 6
1750948205484 0.9870783460282916 7
1750948206115 0.9851741022850925 8
1750948206745 0.9874863982589771 9
1750948207379 0.9900707290533188 10
1750948208008 0.9908868335146899 11
1750948208636 0.9911588683351469 12
1750948209266 0.9910228509249184 13
1750948209895 0.9933351468988031 14
1750948210526 0.9934711643090316 15
1750948211159 0.9925190424374319 16
1750948211790 0.9948313384113167 17
1750948212419 0.9948313384113167 18
1750948213054 0.9941512513601741 19
1750948213684 0.9951033732317737 20
1750948214316 0.9967355821545157 21
1750948214948 0.9963275299238302 22
1750948215581 0.9970076169749728 23
1750948216216 0.9978237214363439 24
1750948216855 0.9961915125136017 25
1750948217489 0.9985038084874864 26
1750948218124 0.9957834602829162 27
1750948218759 0.9971436343852013 28
1750948219400 0.9971436343852013 29
1750948220036 0.9957834602829162 30
1750948220673 0.9982317736670294 31
1750948221309 0.9980957562568009 32
1750948221944 0.9972796517954298 33
1750948222581 0.9985038084874864 34
1750948223221 0.9978237214363439 35
1750948223860 0.9985038084874864 36
1750948224497 0.999455930359086 37
1750948225136 0.9990478781284005 38
1750948225775 0.9949673558215452 39
1750948226412 0.9942872687704026 40
1750948227051 0.9978237214363439 41
1750948227691 0.9985038084874864 42
1750948228331 0.9986398258977149 43
1750948228970 0.9985038084874864 44
1750948229613 0.9972796517954298 45
1750948230254 0.9982317736670294 46
1750948230896 0.9995919477693145 47
1750948231544 0.999183895538629 48
1750948232189 0.9986398258977149 49
1750948232832 0.9960554951033732 50
1750948233477 0.9979597388465724 51
1750948234121 0.9986398258977149 52
1750948234764 0.9985038084874864 53
1750948235411 0.9983677910772579 54
1750948236056 0.9990478781284005 55
1750948236701 0.999183895538629 56
1750948237354 0.9993199129488575 57
1750948237999 0.9983677910772579 58
1750948238647 0.9959194776931447 59
1750948239293 0.9968715995647442 60
1750948239938 0.9979597388465724 61
1750948240589 0.9987758433079434 62
1750948241238 0.999183895538629 63
1750948241887 0.998911860718172 64
1750948242536 0.9982317736670294 65
1750948243185 0.9985038084874864 66
1750948243835 0.998911860718172 67
1750948244484 0.998911860718172 68
1750948245133 0.9987758433079434 69
1750948245784 0.9978237214363439 70
1750948246435 0.9990478781284005 71
1750948247086 0.998911860718172 72
1750948247739 0.9986398258977149 73
1750948248392 0.999455930359086 74
1750948249045 0.9985038084874864 75
1750948249698 0.9995919477693145 76
1750948250352 0.9983677910772579 77
1750948251008 0.9983677910772579 78
1750948251663 0.999727965179543 79
1750948252321 0.9995919477693145 80
1750948252978 0.9995919477693145 81
1750948253634 0.9990478781284005 82
1750948254289 0.9993199129488575 83
1750948254945 0.999727965179543 84
1750948255604 0.999183895538629 85
1750948256262 0.9942872687704026 86
1750948256480 0.9942872687704026 0
1750948201116 0.8634385201305768 0
1750948256480 0.9942872687704026 0
