1750948201052 0.6011982091395458 0
1750948201650 0.16817049897793718 1
1750948202270 0.10002325899226103 2
1750948202891 0.07719987496263443 3
1750948203517 0.06511549828057223 4
1750948204145 0.0528592972593611 5
1750948204777 0.0462225151366845 6
1750948205407 0.03844498038713509 7
1750948206037 0.042446966814049504 8
1750948206666 0.03677203974071424 9
1750948207301 0.032472606649028464 10
1750948207930 0.026162776888284316 11
1750948208558 0.025616327098492733 12
1750948209188 0.026707467129524955 13
1750948209817 0.021487294107987682 14
1750948210447 0.020468063148597948 15
1750948211080 0.02246729084984749 16
1750948211711 0.016968154899220635 17
1750948212340 0.01756042582403475 18
1750948212975 0.01734393233153665 19
1750948213605 0.015301141932113167 20
1750948214236 0.011151041545204908 21
1750948214868 0.012730537575831225 22
1750948215501 0.01035700195344313 23
1750948216137 0.008507740019564239 24
1750948216771 0.012999974517633083 25
1750948217409 0.007098704149593904 26
1750948218044 0.010705581688034826 27
1750948218678 0.010326943549586479 28
1750948219319 0.00955062286580697 29
1750948219956 0.01334280526099303 30
1750948220593 0.008110029540382938 31
1750948221229 0.007184546939563513 32
1750948221864 0.00818340114474406 33
1750948222501 0.006022424999864162 34
1750948223140 0.010057109185574035 35
1750948223779 0.007755955126363545 36
1750948224416 0.004173568725624954 37
1750948225054 0.004345485643045145 38
1750948225693 0.017466228375245814 39
1750948226332 0.017596433848199373 40
1750948226970 0.00819098095223865 41
1750948227610 0.00711990451401959 42
1750948228250 0.005756050096639818 43
1750948228890 0.00486381582387417 44
1750948229531 0.008297906822409183 45
1750948230172 0.006019194299775461 46
1750948230814 0.002969174942611519 47
1750948231461 0.00391641155866905 48
1750948232105 0.004717573482684221 49
1750948232750 0.009866778131574898 50
1750948233394 0.007836165808871393 51
1750948234037 0.006497639816310622 52
1750948234682 0.005756719247729369 53
1750948235327 0.005645721809822262 54
1750948235973 0.0033656703430308753 55
1750948236618 0.003115910420609006 56
1750948237271 0.002531705617718956 57
1750948237916 0.004318579010971593 58
1750948238563 0.010748001730270426 59
1750948239209 0.009452130901842591 60
1750948239855 0.007237131631617983 61
1750948240504 0.004417958294846608 62
1750948241154 0.0038759136046362754 63
1750948241802 0.003913841949333969 64
1750948242452 0.0054869175109476705 65
1750948243100 0.003938814141146354 66
1750948243750 0.004159062685238089 67
1750948244399 0.004704922871137574 68
1750948245047 0.0046137985062137945 69
1750948245698 0.007451586756182346 70
1750948246350 0.004447516240192207 71
1750948247001 0.004509239481869473 72
1750948247651 0.003944289882847749 73
1750948248306 0.002409804762699322 74
1750948248959 0.0038265378872706997 75
1750948249612 0.002569956974430041 76
1750948250266 0.0055304239942021854 77
1750948250922 0.005982946832095535 78
1750948251578 0.0035208727027136546 79
1750948252234 0.0021197527127971095 80
1750948252891 0.002644393716613743 81
1750948253547 0.003073201855745038 82
1750948254203 0.0032623804056269834 83
1750948254859 0.0014958236095439404 84
1750948255515 0.002641160932196744 85
1750948256175 0.015278266428225452 86
1750948256480 0.015278266428225452 0
1750948201052 0.6011982091395458 0
1750948256480 0.015278266428225452 0
