1750948201094 0.8628023802970965 0
1750948201702 0.9567975395138004 1
1750948202321 0.9711499343495661 2
1750948202943 0.9763106596556015 3
1750948203568 0.9800141883960825 4
1750948204197 0.9812513291699408 5
1750948204828 0.9851773083850943 6
1750948205458 0.9870784568819266 7
1750948206089 0.9851760554747195 8
1750948206719 0.9874916971828535 9
1750948207353 0.9900743834968337 10
1750948207982 0.9908871576532203 11
1750948208610 0.9911587455490022 12
1750948209240 0.9910253014394556 13
1750948209869 0.9933446240845588 14
1750948210500 0.9934720931654522 15
1750948211133 0.9925216689068651 16
1750948211763 0.9948334441298387 17
1750948212393 0.9948334441298387 18
1750948213027 0.9941512047861192 19
1750948213658 0.9951035278194085 20
1750948214290 0.9967358217345553 21
1750948214921 0.9963275387767497 22
1750948215555 0.9970089301857742 23
1750948216190 0.9978240176779866 24
1750948216827 0.9961927370272383 25
1750948217462 0.998506532485132 26
1750948218098 0.9957846750518756 27
1750948218732 0.9971438062686824 28
1750948219373 0.9971436640232362 29
1750948220010 0.9957840453293677 30
1750948220646 0.9982319190713714 31
1750948221282 0.9980962562574216 32
1750948221917 0.9972809945719529 33
1750948222554 0.998504833917813 34
1750948223194 0.9978241307230125 35
1750948223832 0.9985048918979539 36
1750948224470 0.9994563657044541 37
1750948225108 0.9990480159373267 38
1750948225748 0.9949678430415874 39
1750948226385 0.9942879498057308 40
1750948227025 0.9978240176779866 41
1750948227664 0.9985039193411215 42
1750948228304 0.9986403000362345 43
1750948228944 0.9985046106455305 44
1750948229586 0.9972815358593705 45
1750948230226 0.9982319190713714 46
1750948230869 0.9995924698143963 47
1750948231516 0.999183895538629 48
1750948232161 0.9986415868202216 49
1750948232805 0.9960556059570083 50
1750948233449 0.9979601175614842 51
1750948234093 0.9986409702031045 52
1750948234737 0.9985059470451922 53
1750948235383 0.998368278146828 54
1750948236029 0.9990480998356706 55
1750948236673 0.9991841253174669 56
1750948237327 0.9993199980138667 57
1750948237972 0.9983716863126901 58
1750948238619 0.9959196747769818 59
1750948239265 0.9968737258726468 60
1750948239911 0.9979594912782649 61
1750948240561 0.9987759541615785 62
1750948241210 0.9991856072045621 63
1750948241859 0.9989122136214179 64
1750948242508 0.9982319190713714 65
1750948243157 0.9985039472720437 66
1750948243807 0.998911860718172 67
1750948244456 0.9989123219256411 68
1750948245105 0.9987766671771469 69
1750948245756 0.9978237214363439 70
1750948246407 0.999047956265038 71
1750948247058 0.9989122136214179 72
1750948247711 0.9986415868202216 73
1750948248363 0.9994561804734304 74
1750948249016 0.9985044092716393 75
1750948249670 0.9995920397626955 76
1750948250323 0.9983685062057438 77
1750948250979 0.9983693867882922 78
1750948251634 0.9997282296341027 79
1750948252292 0.9995920397626955 80
1750948252949 0.9995928367719956 81
1750948253605 0.9990488656910006 82
1750948254260 0.9993208815775944 83
1750948254916 0.999727965179543 84
1750948255574 0.9991855516211123 85
1750948256233 0.9942942033495662 86
1750948256480 0.9942942033495662 0
1750948201094 0.8628023802970965 0
1750948256480 0.9942942033495662 0
