1750948201073 0.8634385201305768 0
1750948201676 0.9568824809575626 1
1750948202295 0.971164309031556 2
1750948202917 0.9763329706202394 3
1750948203542 0.9800054406964092 4
1750948204171 0.9812295973884657 5
1750948204802 0.9851741022850925 6
1750948205433 0.9870783460282916 7
1750948206063 0.9851741022850925 8
1750948206693 0.9874863982589771 9
1750948207327 0.9900707290533188 10
1750948207956 0.9908868335146899 11
1750948208584 0.9911588683351469 12
1750948209214 0.9910228509249184 13
1750948209843 0.9933351468988031 14
1750948210474 0.9934711643090316 15
1750948211106 0.9925190424374319 16
1750948211737 0.9948313384113167 17
1750948212366 0.9948313384113167 18
1750948213001 0.9941512513601741 19
1750948213632 0.9951033732317737 20
1750948214263 0.9967355821545157 21
1750948214895 0.9963275299238302 22
1750948215528 0.9970076169749728 23
1750948216164 0.9978237214363439 24
1750948216800 0.9961915125136017 25
1750948217436 0.9985038084874864 26
1750948218071 0.9957834602829162 27
1750948218705 0.9971436343852013 28
1750948219346 0.9971436343852013 29
1750948219983 0.9957834602829162 30
1750948220619 0.9982317736670294 31
1750948221255 0.9980957562568009 32
1750948221891 0.9972796517954298 33
1750948222528 0.9985038084874864 34
1750948223167 0.9978237214363439 35
1750948223805 0.9985038084874864 36
1750948224443 0.999455930359086 37
1750948225081 0.9990478781284005 38
1750948225721 0.9949673558215452 39
1750948226359 0.9942872687704026 40
1750948226997 0.9978237214363439 41
1750948227637 0.9985038084874864 42
1750948228277 0.9986398258977149 43
1750948228917 0.9985038084874864 44
1750948229558 0.9972796517954298 45
1750948230199 0.9982317736670294 46
1750948230842 0.9995919477693145 47
1750948231489 0.999183895538629 48
1750948232134 0.9986398258977149 49
1750948232777 0.9960554951033732 50
1750948233421 0.9979597388465724 51
1750948234065 0.9986398258977149 52
1750948234709 0.9985038084874864 53
1750948235355 0.9983677910772579 54
1750948236001 0.9990478781284005 55
1750948236646 0.999183895538629 56
1750948237299 0.9993199129488575 57
1750948237944 0.9983677910772579 58
1750948238591 0.9959194776931447 59
1750948239237 0.9968715995647442 60
1750948239882 0.9979597388465724 61
1750948240532 0.9987758433079434 62
1750948241182 0.999183895538629 63
1750948241830 0.998911860718172 64
1750948242480 0.9982317736670294 65
1750948243129 0.9985038084874864 66
1750948243778 0.998911860718172 67
1750948244428 0.998911860718172 68
1750948245076 0.9987758433079434 69
1750948245727 0.9978237214363439 70
1750948246378 0.9990478781284005 71
1750948247029 0.998911860718172 72
1750948247680 0.9986398258977149 73
1750948248335 0.999455930359086 74
1750948248988 0.9985038084874864 75
1750948249641 0.9995919477693145 76
1750948250295 0.9983677910772579 77
1750948250951 0.9983677910772579 78
1750948251606 0.999727965179543 79
1750948252263 0.9995919477693145 80
1750948252920 0.9995919477693145 81
1750948253576 0.9990478781284005 82
1750948254232 0.9993199129488575 83
1750948254888 0.999727965179543 84
1750948255545 0.999183895538629 85
1750948256204 0.9942872687704026 86
1750948256480 0.9942872687704026 0
1750948201073 0.8634385201305768 0
1750948256480 0.9942872687704026 0
