1750948201137 0.8622889220795692 0
1750948201753 0.9568231123699122 1
1750948202372 0.9711557867004995 2
1750948202994 0.9763206186922927 3
1750948203619 0.9800043813899125 4
1750948204248 0.9812321969687426 5
1750948204879 0.985172498956162 6
1750948205510 0.9870783420473082 7
1750948206141 0.9851746371469127 8
1750948206772 0.9874872692166877 9
1750948207405 0.9900713119951653 10
1750948208034 0.9908869456881487 11
1750948208662 0.991158757002881 12
1750948209292 0.9910232776495861 13
1750948209922 0.993335817215667 14
1750948210553 0.9934708243394124 15
1750948211185 0.9925193554062791 16
1750948211816 0.9948315841012768 17
1750948212445 0.9948315841012768 18
1750948213080 0.9941511777095983 19
1750948213711 0.9951032485210813 20
1750948214342 0.9967354990140542 21
1750948214973 0.9963274836781197 22
1750948215608 0.997007461155564 23
1750948216243 0.9978236660093694 24
1750948216881 0.9961913141979906 25
1750948217516 0.9985038963280387 26
1750948218151 0.9957836123995807 27
1750948218787 0.9971436695440467 28
1750948219426 0.9971435984163153 29
1750948220063 0.9957832974042712 30
1750948220699 0.9982317954320288 31
1750948221335 0.9980958025952942 32
1750948221971 0.9972795101414219 33
1750948222607 0.9985038624643674 34
1750948223248 0.997823659823038 35
1750948223887 0.9985039569875148 36
1750948224523 0.9994559435986555 37
1750948225163 0.9990478808924038 38
1750948225802 0.9949674827745494 39
1750948226439 0.9942874077858825 40
1750948227078 0.9978236660093694 41
1750948227718 0.9985038017075227 42
1750948228359 0.9986398589966387 43
1750948228998 0.998503750691838 44
1750948229640 0.9972797811059352 45
1750948230281 0.9982317954320288 46
1750948230923 0.9995919380124275 47
1750948231571 0.999183895538629 48
1750948232217 0.9986398905529675 49
1750948232859 0.9960554883234095 50
1750948233504 0.9979596648850028 51
1750948234148 0.9986398728246209 52
1750948234792 0.9985038842623032 53
1750948235438 0.9983678307959666 54
1750948236084 0.9990479267978497 55
1750948236729 0.9991838971298189 56
1750948237382 0.999319904384837 57
1750948238028 0.9983679046804375 58
1750948238675 0.9959193737675678 59
1750948239320 0.9968713937183753 60
1750948239967 0.9979594660201857 61
1750948240617 0.9987758365279797 62
1750948241266 0.9991839343317807 63
1750948241914 0.9989118330046848 64
1750948242564 0.9982317954320288 65
1750948243213 0.9985038269040244 66
1750948243863 0.998911860718172 67
1750948244512 0.998911887197311 68
1750948245161 0.9987757960205947 69
1750948245812 0.9978237214363439 70
1750948246464 0.9990478661387717 71
1750948247114 0.9989118330046848 72
1750948247767 0.9986398905529675 73
1750948248420 0.9994559381457815 74
1750948249073 0.998503838757895 75
1750948249727 0.9995919426309022 76
1750948250381 0.9983676868474394 77
1750948251037 0.9983677058116528 78
1750948251692 0.999727920290771 79
1750948252349 0.9995919426309022 80
1750948253007 0.999591932006865 81
1750948253662 0.9990479124773247 82
1750948254318 0.9993199374838034 83
1750948254974 0.999727965179543 84
1750948255633 0.9991840673687483 85
1750948256293 0.9942885550545985 86
1750948256480 0.9942885550545985 0
1750948201137 0.8622889220795692 0
1750948256480 0.9942885550545985 0
