1750855858687 1.2899881375627238 0
1750855859143 0.942564167901144 1
1750855859607 0.7647380153684025 2
1750855860072 0.6371438350848716 3
1750855860537 0.5271464295044817 4
1750855861002 0.4443238586090075 5
1750855861466 0.3787528143808554 6
1750855861930 0.32726173886017906 7
1750855862393 0.29168408997235284 8
1750855862858 0.2612479475364332 9
1750855863322 0.23580570225487338 10
1750855863788 0.21169995658415836 11
1750855864252 0.19377255459215748 12
1750855864715 0.17850071365283285 13
1750855865180 0.16140051597934033 14
1750855865646 0.15560179979614386 15
1750855866109 0.1424712971160928 16
1750855866576 0.13256021152869663 17
1750855867038 0.1208132812439163 18
1750855867503 0.11865457464354082 19
1750855867970 0.10896059529403868 20
1750855868435 0.09989059535265618 21
1750855868901 0.09687281196472824 22
1750855869368 0.09275225602633545 23
1750855869835 0.09020626135535287 24
1750855870299 0.08185677775977356 25
1750855870764 0.07930823972487216 26
1750855871230 0.0727478678827706 27
1750855871695 0.07035539937697116 28
1750855872160 0.06622220581079204 29
1750855872625 0.06792103620783159 30
1750855873090 0.06595408897421305 31
1750855873556 0.05955116757646738 32
1750855874021 0.0568009669830672 33
1750855874486 0.06019237134463769 34
1750855874952 0.05353881359927283 35
1750855875425 0.05357612169452085 36
1750855875892 0.04995655764190235 37
1750855876358 0.04771435756734912 38
1750855876827 0.0438181005369657 39
1750855877296 0.04538409758492964 40
1750855877764 0.04305997537094309 41
1750855878231 0.04116520045023164 42
1750855878700 0.03981262291006347 43
1750855879172 0.03994527362465405 44
1750855879640 0.037675533506520684 45
1750855880106 0.039866882257804 46
1750855880574 0.0349910473177398 47
1750855881042 0.03299839032653788 48
1750855881510 0.03264892772671091 49
1750855881977 0.03319196480856367 50
1750855882446 0.033692277582834544 51
1750855882912 0.03129595068665434 52
1750855883382 0.03357001000830865 53
1750855883852 0.030016211658043298 54
1750855884320 0.030628214566943045 55
1750855884793 0.030240779817590775 56
1750855885263 0.025988973847411015 57
1750855885731 0.02890820661205008 58
1750855886201 0.032130998948445066 59
1750855886670 0.03077694017569797 60
1750855887142 0.028563292556714928 61
1750855887612 0.026876210563403672 62
1750855888083 0.024481553119436002 63
1750855888553 0.024373418788331377 64
1750855889024 0.02309306912322785 65
1750855889496 0.02401355678272374 66
1750855889968 0.024195472183368767 67
1750855890438 0.024757139571720453 68
1750855890911 0.022328520087794814 69
1750855891382 0.02105108112445399 70
1750855891854 0.02256831616949659 71
1750855892324 0.02329446036587505 72
1750855892797 0.02254618354540995 73
1750855893267 0.02046417966697839 74
1750855893739 0.021615797356865547 75
1750855894211 0.021202293888922127 76
1750855894683 0.023397928573012806 77
1750855895156 0.02052419828007786 78
1750855895629 0.021500189694139187 79
1750855896103 0.0189729647934376 80
1750855896577 0.017430548264033955 81
1750855897050 0.019067879414446327 82
1750855897522 0.01985879176117934 83
1750855897995 0.016874043391794533 84
1750855858687 1.2899881375627238 0
