1750857433492 0.6715179542981502 0
1750857434324 0.8471164309031556 1
1750857435104 0.9173014145810664 2
1750857435870 0.9411044613710555 3
1750857436640 0.9502176278563657 4
1750857437378 0.9617791077257889 5
1750857438043 0.9642274211099021 6
1750857438702 0.969804134929271 7
1750857439380 0.9727965179542981 8
1750857440029 0.9764689880304679 9
1750857440665 0.9789173014145811 10
1750857441294 0.9768770402611534 11
1750857441922 0.9806855277475517 12
1750857443282 0.9827257889009793 13
1750857443929 0.9820457018498367 14
1750857444581 0.9843579978237215 15
1750857445233 0.985038084874864 16
1750857445892 0.985038084874864 17
1750857446534 0.9854461371055495 18
1750857447177 0.9870783460282916 19
1750857447812 0.9885745375408053 20
1750857448448 0.9877584330794341 21
1750857449093 0.9878944504896626 22
1750857449728 0.9912948857453754 23
1750857450358 0.9902067464635473 24
1750857450992 0.9900707290533188 25
1750857451625 0.9903427638737758 26
1750857452257 0.9918389553862894 27
1750857452887 0.9910228509249184 28
1750857453518 0.9921109902067464 29
1750857454147 0.9919749727965179 30
1750857454774 0.9911588683351469 31
1750857455403 0.9922470076169749 32
1750857456034 0.9934711643090316 33
1750857456663 0.9927910772578891 34
1750857457301 0.9936071817192601 35
1750857457932 0.9942872687704026 36
1750857458569 0.9941512513601741 37
1750857459222 0.9952393906420022 38
1750857459865 0.9926550598476604 39
1750857460513 0.9945593035908596 40
1750857461156 0.9956474428726877 41
1750857461791 0.9942872687704026 42
1750857462453 0.9961915125136017 43
1750857463111 0.9955114254624592 44
1750857463770 0.9952393906420022 45
1750857464424 0.9968715995647442 46
1750857465077 0.9957834602829162 47
1750857465712 0.9968715995647442 48
1750857433492 0.6715179542981502 0
