1750857433521 0.6481036955670084 0
1750857434357 0.864412605310518 1
1750857435137 0.9191707378775784 2
1750857435903 0.9412541259382565 3
1750857436674 0.9501247755081864 4
1750857437409 0.9618106754568762 5
1750857438071 0.9642001258202042 6
1750857438730 0.9698039421847688 7
1750857439408 0.9727916908919743 8
1750857440055 0.9764450012440501 9
1750857440691 0.9789581229933109 10
1750857441320 0.9768497800345838 11
1750857441947 0.9806784150364293 12
1750857443308 0.9827232818299102 13
1750857443955 0.9820460454850163 14
1750857444609 0.9843527635457308 15
1750857445262 0.9850401727580281 16
1750857445920 0.9850338314359838 17
1750857446562 0.9854382845730063 18
1750857447204 0.9870752973317639 19
1750857447838 0.9885814426117614 20
1750857448476 0.9877565499724568 21
1750857449120 0.9878969356398711 22
1750857449753 0.991301317465413 23
1750857450384 0.9902119080356628 24
1750857451018 0.990073391261643 25
1750857451650 0.9903407394595929 26
1750857452283 0.9918423853257541 27
1750857452913 0.9910245253784796 28
1750857453545 0.9921117712345588 29
1750857454173 0.9919764526395631 30
1750857454799 0.9911624193720185 31
1750857455428 0.9922484685261569 32
1750857456060 0.9934706942244689 33
1750857456689 0.9927936895477718 34
1750857457327 0.9936148889615036 35
1750857457957 0.9942894237454982 36
1750857458595 0.994149737567579 37
1750857459248 0.9952406642674002 38
1750857459892 0.9926573625924769 39
1750857460540 0.9945603507101666 40
1750857461182 0.9956480592527632 41
1750857461820 0.9942879498057308 42
1750857462479 0.9961917237628397 43
1750857463139 0.9955144796183165 44
1750857463798 0.9952395172876356 45
1750857464452 0.9968722779352005 46
1750857465103 0.9957834552790921 47
1750857465739 0.9968716222744074 48
1750857433521 0.6481036955670084 0
