1750857433573 0.6715179542981502 0
1750857434390 0.8471164309031556 1
1750857435170 0.9173014145810664 2
1750857435937 0.9411044613710555 3
1750857436706 0.9502176278563657 4
1750857437439 0.9617791077257889 5
1750857438099 0.9642274211099021 6
1750857438758 0.969804134929271 7
1750857439437 0.9727965179542981 8
1750857440082 0.9764689880304679 9
1750857440717 0.9789173014145811 10
1750857441347 0.9768770402611534 11
1750857441974 0.9806855277475517 12
1750857443334 0.9827257889009793 13
1750857443980 0.9820457018498367 14
1750857444636 0.9843579978237215 15
1750857445288 0.985038084874864 16
1750857445947 0.985038084874864 17
1750857446588 0.9854461371055495 18
1750857447230 0.9870783460282916 19
1750857447864 0.9885745375408053 20
1750857448505 0.9877584330794341 21
1750857449147 0.9878944504896626 22
1750857449779 0.9912948857453754 23
1750857450410 0.9902067464635473 24
1750857451044 0.9900707290533188 25
1750857451676 0.9903427638737758 26
1750857452309 0.9918389553862894 27
1750857452939 0.9910228509249184 28
1750857453571 0.9921109902067464 29
1750857454198 0.9919749727965179 30
1750857454825 0.9911588683351469 31
1750857455454 0.9922470076169749 32
1750857456085 0.9934711643090316 33
1750857456714 0.9927910772578891 34
1750857457353 0.9936071817192601 35
1750857457983 0.9942872687704026 36
1750857458622 0.9941512513601741 37
1750857459274 0.9952393906420022 38
1750857459918 0.9926550598476604 39
1750857460566 0.9945593035908596 40
1750857461208 0.9956474428726877 41
1750857461850 0.9942872687704026 42
1750857462508 0.9961915125136017 43
1750857463169 0.9955114254624592 44
1750857463825 0.9952393906420022 45
1750857464479 0.9968715995647442 46
1750857465130 0.9957834602829162 47
1750857465766 0.9968715995647442 48
1750857433573 0.6715179542981502 0
