1750857433603 0.6348593610288124 0
1750857434424 0.8361861008852397 1
1750857435203 0.9162969040730566 2
1750857435970 0.9408096008377982 3
1750857436738 0.9500664064192265 4
1750857437470 0.9616976952789961 5
1750857438126 0.9641953198555647 6
1750857438788 0.9697824603852293 7
1750857439464 0.9727798420061297 8
1750857440109 0.9764556071535522 9
1750857440742 0.9789128479059771 10
1750857441373 0.976862686758085 11
1750857442002 0.9806797124830949 12
1750857443360 0.9827226870309577 13
1750857444007 0.9820415014394048 14
1750857444662 0.9843545825920361 15
1750857445315 0.9850366546363029 16
1750857445973 0.985035754014865 17
1750857446614 0.9854415685079482 18
1750857447257 0.9870753119413508 19
1750857447890 0.9885754968971568 20
1750857448532 0.9877567915888485 21
1750857449173 0.9878950098403886 22
1750857449805 0.9912943982531102 23
1750857450436 0.9902073444612493 24
1750857451070 0.9900711973351415 25
1750857451702 0.9903413408249376 26
1750857452334 0.991839358994226 27
1750857452965 0.9910231726432182 28
1750857453596 0.9921105794101234 29
1750857454223 0.9919752623088793 30
1750857454851 0.9911580170515653 31
1750857455480 0.9922472873153579 32
1750857456111 0.9934693606990634 33
1750857456740 0.9927905166965733 34
1750857457379 0.9936077548922203 35
1750857458009 0.9942875403224638 36
1750857458648 0.9941503392156215 37
1750857459300 0.9952391565525522 38
1750857459944 0.9926554089860249 39
1750857460593 0.9945590202828436 40
1750857461234 0.995647548789244 41
1750857461879 0.9942874077858825 42
1750857462537 0.9961914155163966 43
1750857463198 0.9955116889841159 44
1750857463854 0.995239387813487 45
1750857464505 0.9968716695538615 46
1750857465157 0.9957834071859893 47
1750857465793 0.9968715601702502 48
1750857433603 0.6348593610288124 0
