1750857433462 1.2852810957875422 0
1750857434290 0.7946388695522802 1
1750857435070 0.5474475056614009 2
1750857435836 0.4066547570796734 3
1750857436605 0.3115394757868027 4
1750857437347 0.24599112164922327 5
1750857438015 0.206717800871916 6
1750857438674 0.17276941821935776 7
1750857439351 0.14794457024439633 8
1750857440002 0.13139734357206295 9
1750857440637 0.11349586780072556 10
1750857441269 0.10643163029108525 11
1750857441896 0.09310723174772792 12
1750857443252 0.08378720661307056 13
1750857443901 0.07925001547243182 14
1750857444552 0.06987633787995454 15
1750857445204 0.06526710031406145 16
1750857445863 0.06382040130998028 17
1750857446508 0.059255099534112815 18
1750857447150 0.05453205475496519 19
1750857447786 0.050747972160123764 20
1750857448422 0.04663590674711162 21
1750857449065 0.04741403009434422 22
1750857449702 0.04133373520299549 23
1750857450333 0.04078715778198154 24
1750857450965 0.040398854845415264 25
1750857451600 0.03728297631478219 26
1750857452231 0.03339698609122774 27
1750857452861 0.033164377041542105 28
1750857453492 0.03148375187875851 29
1750857454122 0.030857647335414205 30
1750857454748 0.030601683727407805 31
1750857455377 0.028992351372062478 32
1750857456008 0.026559898822332232 33
1750857456637 0.025572740090798112 34
1750857457275 0.025538846935521532 35
1750857457906 0.02309156517914706 36
1750857458542 0.02085866788209652 37
1750857459196 0.020534116641027493 38
1750857459839 0.020313297273232413 39
1750857460486 0.01998406726262969 40
1750857461130 0.017888864066038318 41
1750857461763 0.018751437499130122 42
1750857462427 0.01660674373630406 43
1750857463083 0.016091616170620698 44
1750857463740 0.015900083188721516 45
1750857464395 0.014132372037253227 46
1750857465050 0.01614041175980575 47
1750857465686 0.01320023140963775 48
1750857433462 1.2852810957875422 0
