1750855654058 1.2796038022108773 0
1750855654513 0.8409095840433347 1
1750855654976 0.6320241664387326 2
1750855655437 0.5002583359997472 3
1750855655903 0.41359651824854665 4
1750855656370 0.34494016900804536 5
1750855656833 0.2971548515901991 6
1750855657296 0.2572136865411931 7
1750855657761 0.22381108616589201 8
1750855658225 0.20282086509485628 9
1750855658689 0.17983464270797725 10
1750855659154 0.16099647699294853 11
1750855659618 0.14538360817582874 12
1750855660090 0.13405912304631515 13
1750855660559 0.12443788836469977 14
1750855661028 0.11212479417598416 15
1750855661494 0.10614372853096474 16
1750855661956 0.09937827820130608 17
1750855662419 0.09550502015454077 18
1750855662886 0.08958346997433311 19
1750855663353 0.08456959997600713 20
1750855663819 0.08009106008552817 21
1750855664283 0.07749110489467542 22
1750855664747 0.07425719316566405 23
1750855665212 0.06861850055860877 24
1750855665678 0.06557712898112356 25
1750855666147 0.06651503180474919 26
1750855666613 0.059970050229325125 27
1750855667078 0.05873215766836432 28
1750855667544 0.058615779830497546 29
1750855668009 0.053556212780427624 30
1750855668478 0.05424565050276695 31
1750855668945 0.05165015653148699 32
1750855669413 0.05004216575543107 33
1750855669880 0.04883621076286099 34
1750855670349 0.04526247049482201 35
1750855670815 0.04680285516769602 36
1750855671283 0.04430983879859838 37
1750855671750 0.04451620767867928 38
1750855672219 0.0398755181080158 39
1750855672687 0.04016948010016464 40
1750855673154 0.038322240554031405 41
1750855673621 0.037028816754101766 42
1750855674088 0.036942662899225334 43
1750855674556 0.0337640510687566 44
1750855675026 0.03367909684602954 45
1750855675497 0.032899147494705204 46
1750855675965 0.03271220188478456 47
1750855676435 0.029726013387690205 48
1750855676906 0.028940488183029783 49
1750855677375 0.027753630867359654 50
1750855677844 0.0280093097333696 51
1750855678314 0.027475018246541198 52
1750855678786 0.021976464190363268 53
1750855679256 0.022243235333340286 54
1750855679726 0.022020920607949464 55
1750855680196 0.021338399161682977 56
1750855680667 0.02088068449115776 57
1750855681136 0.022045432668740702 58
1750855681608 0.021217564770737024 59
1750855682079 0.018765524634610054 60
1750855682550 0.01948807579900976 61
1750855683021 0.019232509664707777 62
1750855683491 0.019286294215915156 63
1750855683962 0.01799629585613761 64
1750855684434 0.01851099578476733 65
1750855684907 0.017320211796886545 66
1750855685379 0.019297823209254227 67
1750855685852 0.01489477686625039 68
1750855686325 0.017347395827971457 69
1750855686798 0.014829599795867086 70
1750855687272 0.01486048872214747 71
1750855687745 0.015095768096287744 72
1750855688217 0.015790930347313437 73
1750855688689 0.01729011786425176 74
1750855689163 0.015191551656649732 75
1750855689637 0.01401346456329161 76
1750855690111 0.013194611881237875 77
1750855654058 1.2796038022108773 0
