1750857274303 0.6545505806836123 0
1750857274898 0.8160835570757388 1
1750857275508 0.864890542519838 2
1750857276121 0.8982352182955418 3
1750857276726 0.917728739854921 4
1750857277335 0.9331260966331626 5
1750857277943 0.9412061401296457 6
1750857278552 0.9501342364284435 7
1750857279163 0.9539477865880802 8
1750857279772 0.962083803083159 9
1750857280384 0.9639392566202342 10
1750857280998 0.969519581768063 11
1750857281609 0.9708562684835138 12
1750857282219 0.9730247498768148 13
1750857282831 0.9744355950951021 14
1750857283444 0.9735793029467263 15
1750857284055 0.9771342255451685 16
1750857284670 0.9782158962146132 17
1750857285285 0.9779340819646529 18
1750857285897 0.979593629880165 19
1750857286511 0.9776906399915702 20
1750857287127 0.9799920179460976 21
1750857287738 0.9814948392426093 22
1750857288354 0.9816373748222834 23
1750857288970 0.9805729758289555 24
1750857289585 0.9822127468116798 25
1750857290201 0.9828636016033879 26
1750857290815 0.9861169178730502 27
1750857291430 0.9855629021171002 28
1750857292044 0.9854528200796475 29
1750857292658 0.9870707487205272 30
1750857293273 0.9880429546944958 31
1750857293891 0.9881588513634421 32
1750857294508 0.986411034192864 33
1750857295124 0.9891170033470107 34
1750857295744 0.9895266313506904 35
1750857296362 0.9887158027498819 36
1750857296980 0.9878996909290729 37
1750857297598 0.9889792867175159 38
1750857298215 0.9888392257318932 39
1750857298834 0.9903398937989338 40
1750857299453 0.9911556835845557 41
1750857300074 0.9907985300634594 42
1750857300696 0.9930641491779711 43
1750857301317 0.9918389553862894 44
1750857301940 0.9896608252630824 45
1750857302561 0.9921274390041551 46
1750857303185 0.9916975099592874 47
1750857303812 0.991836120144874 48
1750857304436 0.992791113823982 49
1750857305065 0.9931998622481049 50
1750857305689 0.9914277847884612 51
1750857306314 0.993060764813729 52
1750857306941 0.9929301326252268 53
1750857307566 0.9946955722769572 54
1750857308195 0.9927922521664404 55
1750857308825 0.9940156299947215 56
1750857309466 0.9951034652248412 57
1750857310102 0.9940130576641593 58
1750857310731 0.9944240218817141 59
1750857311361 0.9953742326789469 60
1750857311990 0.9941530381055979 61
1750857312621 0.9946960843324912 62
1750857313255 0.9949676370548133 63
1750857313890 0.9956481460678188 64
1750857314521 0.9956504670141622 65
1750857315154 0.9942873950272357 66
1750857315785 0.9956464619862248 67
1750857316416 0.9953760373633568 68
1750857317052 0.9949666216118053 69
1750857317684 0.9961921030315762 70
1750857318318 0.9946952952121486 71
1750857318956 0.9963294325557368 72
1750857319593 0.9975519719054318 73
1750857320228 0.996600830423427 74
1750857320864 0.9975530589581314 75
1750857321498 0.995105429693722 76
1750857322132 0.9952381421535405 77
1750857322770 0.9967368657995955 78
1750857323406 0.9970088479282508 79
1750857324046 0.9970072647721119 80
1750857324678 0.9972828766647349 81
1750857325313 0.9960562295559707 82
1750857325949 0.9970095256672004 83
1750857326585 0.9963295807734042 84
1750857327226 0.9975525344940882 85
1750857327866 0.9975509906923717 86
1750857274303 0.6545505806836123 0
