1750857274345 0.5835569812937397 0
1750857274948 0.8064555427139177 1
1750857275557 0.8588260680258271 2
1750857276169 0.8959260038359042 3
1750857276777 0.9152712358752472 4
1750857277384 0.9319420481081059 5
1750857277993 0.9405396293820577 6
1750857278601 0.9497848602171068 7
1750857279213 0.9536189268050584 8
1750857279822 0.9618341862853247 9
1750857280435 0.963879763218995 10
1750857281047 0.9694731526888398 11
1750857281659 0.9708527558358611 12
1750857282270 0.9730442845938255 13
1750857282881 0.9744121178346795 14
1750857283495 0.9735953432838456 15
1750857284106 0.9771383362667487 16
1750857284720 0.9782232054756376 17
1750857285335 0.9779472128759481 18
1750857285947 0.9795948177750342 19
1750857286563 0.9776904097414819 20
1750857287177 0.979998376540852 21
1750857287789 0.9814971455163218 22
1750857288404 0.9816374042261472 23
1750857289020 0.9805493018708978 24
1750857289636 0.982184570895282 25
1750857290251 0.9828595784108942 26
1750857290865 0.9861201124994969 27
1750857291480 0.9855701306018966 28
1750857292093 0.9854479055968978 29
1750857292709 0.9870739378340916 30
1750857293326 0.9880282755384115 31
1750857293942 0.9881612053692126 32
1750857294559 0.9864002000393474 33
1750857295175 0.9891171615801911 34
1750857295795 0.9895236043116479 35
1750857296414 0.9887091601846698 36
1750857297031 0.9878940663959622 37
1750857297650 0.9889807922627849 38
1750857298267 0.9888427063305896 39
1750857298886 0.9903407265871502 40
1750857299505 0.9911572260035211 41
1750857300126 0.9907526254488866 42
1750857300748 0.9930627646656898 43
1750857301369 0.9918389553862894 44
1750857301991 0.9896611694910723 45
1750857302613 0.9921120078808684 46
1750857303237 0.9916995501204235 47
1750857303865 0.9918374216276208 48
1750857304489 0.9927909831249165 49
1750857305118 0.9931992949831935 50
1750857305742 0.991428990524115 51
1750857306366 0.9930617164560321 52
1750857306994 0.9929265675001485 53
1750857307619 0.9946951825820602 54
1750857308249 0.9927907987846195 55
1750857308878 0.994015319412035 56
1750857309522 0.995103309302647 57
1750857310156 0.9940139932022787 58
1750857310785 0.9944230819884038 59
1750857311415 0.9953743969133215 60
1750857312044 0.994150884416647 61
1750857312676 0.994695185775293 62
1750857313309 0.9949672350396782 63
1750857313944 0.9956474033407442 64
1750857314576 0.9956476904233349 65
1750857315209 0.9942871302029667 66
1750857315839 0.9956465913720751 67
1750857316471 0.9953755205885716 68
1750857317106 0.9949660451911166 69
1750857317739 0.9961916051905884 70
1750857318374 0.9946952576273368 71
1750857319011 0.9963281321329714 72
1750857319648 0.9975517190066346 73
1750857320283 0.9965996815338637 74
1750857320918 0.9975515591272798 75
1750857321553 0.9951035930596327 76
1750857322187 0.9952386480573568 77
1750857322826 0.9967354121697062 78
1750857323462 0.997007716040762 79
1750857324101 0.9970070717955393 80
1750857324732 0.9972794346838372 81
1750857325368 0.9960555154874988 82
1750857326005 0.9970077592165286 83
1750857326641 0.9963272882780928 84
1750857327283 0.9975515905153758 85
1750857327921 0.9975512898986968 86
1750857274345 0.5835569812937397 0
