1750857274265 1.379934026185784 0
1750857274847 0.9650686218507661 1
1750857275459 0.7368805180177076 2
1750857276071 0.5810885201081617 3
1750857276676 0.47006456587986534 4
1750857277286 0.38624658976337983 5
1750857277893 0.32908066124599566 6
1750857278502 0.2858299066244713 7
1750857279112 0.24675728907652597 8
1750857279722 0.21376783425906537 9
1750857280334 0.1905674937630115 10
1750857280948 0.1729269033547195 11
1750857281558 0.15594831679798704 12
1750857282169 0.14251202465692722 13
1750857282781 0.12999073189801827 14
1750857283394 0.12098633826297826 15
1750857284005 0.11191550627658883 16
1750857284620 0.10026807669586663 17
1750857285235 0.09948097100892835 18
1750857285846 0.0917845047702273 19
1750857286461 0.09097951789253814 20
1750857287077 0.08385543299026146 21
1750857287688 0.07682293589643413 22
1750857288303 0.0758620704219183 23
1750857288920 0.07382573777155077 24
1750857289534 0.06759137701409361 25
1750857290149 0.06786358039278914 26
1750857290764 0.06220900562061838 27
1750857291380 0.05772023324340874 28
1750857291994 0.05881507252469675 29
1750857292607 0.05486871903687229 30
1750857293221 0.0527833763396487 31
1750857293840 0.04843081830837587 32
1750857294456 0.048514997570393396 33
1750857295072 0.04373906506782842 34
1750857295691 0.043162657296582974 35
1750857296311 0.04099757778858594 36
1750857296929 0.04273767144570251 37
1750857297546 0.04097719853328413 38
1750857298164 0.04081566351079772 39
1750857298782 0.038319579466480166 40
1750857299401 0.03701796350033875 41
1750857300020 0.03515860176786083 42
1750857300643 0.03287649488682586 43
1750857301264 0.031435398286628065 44
1750857301888 0.033668868289297695 45
1750857302509 0.02983369330254356 46
1750857303132 0.029140486319116657 47
1750857303759 0.028068862175437196 48
1750857304383 0.029309585525312737 49
1750857305011 0.025980815068454816 50
1750857305637 0.02860352990822512 51
1750857306260 0.024940766542096003 52
1750857306887 0.02535547329603377 53
1750857307512 0.022678136476948937 54
1750857308141 0.02481730461426655 55
1750857308771 0.022204799117506262 56
1750857309410 0.020753587986787496 57
1750857310048 0.021156853029678725 58
1750857310677 0.02092801080560626 59
1750857311307 0.019528498865767373 60
1750857311937 0.020632401884506102 61
1750857312567 0.019731275772501566 62
1750857313199 0.018669542679927993 63
1750857313836 0.018345891326256462 64
1750857314466 0.017219994861685285 65
1750857315100 0.018830424437645956 66
1750857315731 0.01758889153435567 67
1750857316361 0.015610975930968884 68
1750857316996 0.01680567351796171 69
1750857317629 0.015802644243842888 70
1750857318263 0.01632384584557419 71
1750857318900 0.01455094603369655 72
1750857319537 0.012563140679913917 73
1750857320172 0.01440305055460616 74
1750857320808 0.011863046332837059 75
1750857321443 0.01573164434900854 76
1750857322076 0.015323356460269147 77
1750857322714 0.01343063955115189 78
1750857323350 0.013239040946005464 79
1750857323990 0.012509886708953727 80
1750857324623 0.01108755097814184 81
1750857325258 0.01226218583549234 82
1750857325894 0.011436154173587787 83
1750857326531 0.01167229434193575 84
1750857327170 0.011886139248292063 85
1750857327810 0.010263720518930677 86
1750857274265 1.379934026185784 0
