1750857274324 0.6020130576713819 0
1750857274923 0.8107997823721437 1
1750857275533 0.8618063112078346 2
1750857276145 0.897170837867247 3
1750857276752 0.9162132752992383 4
1750857277360 0.9323993471164309 5
1750857277968 0.9408324265505985 6
1750857278576 0.9499455930359086 7
1750857279189 0.9537540805223068 8
1750857279797 0.9619151251360174 9
1750857280411 0.9639553862894451 10
1750857281022 0.969532100108814 11
1750857281634 0.970892274211099 12
1750857282244 0.9730685527747551 13
1750857282856 0.9744287268770403 14
1750857283469 0.9736126224156693 15
1750857284080 0.9771490750816104 16
1750857284695 0.9782372143634385 17
1750857285310 0.9779651795429815 18
1750857285922 0.9795973884657236 19
1750857286536 0.9776931447225244 20
1750857287152 0.9800054406964092 21
1750857287763 0.9815016322089227 22
1750857288379 0.9816376496191512 23
1750857288995 0.9805495103373232 24
1750857289610 0.9821817192600653 25
1750857290226 0.9828618063112078 26
1750857290840 0.986126224156692 27
1750857291455 0.985582154515778 28
1750857292069 0.9854461371055495 29
1750857292683 0.9870783460282916 30
1750857293300 0.9880304678998912 31
1750857293916 0.9881664853101197 32
1750857294534 0.9863982589771491 33
1750857295149 0.9891186071817193 34
1750857295769 0.9895266594124048 35
1750857296389 0.9887105549510338 36
1750857297006 0.9878944504896626 37
1750857297625 0.9889825897714908 38
1750857298241 0.9888465723612623 39
1750857298860 0.9903427638737758 40
1750857299479 0.9911588683351469 41
1750857300100 0.9907508161044614 42
1750857300722 0.9930631120783461 43
1750857301343 0.9918389553862894 44
1750857301965 0.9896626768226333 45
1750857302587 0.9921109902067464 46
1750857303211 0.9917029379760609 47
1750857303838 0.9918389553862894 48
1750857304463 0.9927910772578891 49
1750857305091 0.9931991294885746 50
1750857305716 0.9914309031556039 51
1750857306340 0.9930631120783461 52
1750857306967 0.9929270946681176 53
1750857307592 0.9946953210010882 54
1750857308222 0.9927910772578891 55
1750857308852 0.9940152339499456 56
1750857309494 0.9951033732317737 57
1750857310129 0.9940152339499456 58
1750857310758 0.9944232861806311 59
1750857311388 0.9953754080522307 60
1750857312017 0.9941512513601741 61
1750857312648 0.9946953210010882 62
1750857313282 0.9949673558215452 63
1750857313917 0.9956474428726877 64
1750857314548 0.9956474428726877 65
1750857315182 0.9942872687704026 66
1750857315812 0.9956474428726877 67
1750857316444 0.9953754080522307 68
1750857317079 0.9949673558215452 69
1750857317712 0.9961915125136017 70
1750857318346 0.9946953210010882 71
1750857318983 0.9963275299238302 72
1750857319620 0.9975516866158868 73
1750857320256 0.9965995647442872 74
1750857320891 0.9975516866158868 75
1750857321525 0.9951033732317737 76
1750857322159 0.9952393906420022 77
1750857322798 0.9967355821545157 78
1750857323434 0.9970076169749728 79
1750857324073 0.9970076169749728 80
1750857324705 0.9972796517954298 81
1750857325340 0.9960554951033732 82
1750857325977 0.9970076169749728 83
1750857326613 0.9963275299238302 84
1750857327254 0.9975516866158868 85
1750857327894 0.9975516866158868 86
1750857274324 0.6020130576713819 0
