1750930803105 1.1855989893709873 0
1750930803711 0.6934926114871012 1
1750930804337 0.49522554692817333 2
1750930804965 0.37965013578096335 3
1750930805596 0.2946236296045119 4
1750930806228 0.2358547488513268 5
1750930806860 0.19311902435320116 6
1750930807494 0.1636931027110435 7
1750930808130 0.14370110217923698 8
1750930808764 0.13032732453193188 9
1750930809401 0.11039960590293539 10
1750930810037 0.10562646023369718 11
1750930810674 0.0919687756913855 12
1750930811298 0.0856299733416754 13
1750930811919 0.08175950637644601 14
1750930812545 0.07336827449832958 15
1750930813166 0.06801504292348004 16
1750930813793 0.06456616679784133 17
1750930814419 0.06383824074829364 18
1750930815043 0.06181878536550472 19
1750930815671 0.060180140182910985 20
1750930816297 0.05829842655764441 21
1750930816921 0.05060086355334851 22
1750930817550 0.051723106626433375 23
1750930818178 0.050737602832819355 24
1750930818806 0.04760421879216623 25
1750930819433 0.049727980839949955 26
1750930820059 0.043464397576812884 27
1750930820687 0.04320899940828536 28
1750930821317 0.044945687057614585 29
1750930821948 0.04083301028048253 30
1750930822579 0.03881329186139091 31
1750930823207 0.04035493104401429 32
1750930823835 0.03915474237316775 33
1750930824465 0.04104329740894113 34
1750930825097 0.03512715546199414 35
1750930825726 0.03670498912077766 36
1750930826359 0.0344955844478327 37
1750930826988 0.03199612872494675 38
1750930827617 0.03502184551278123 39
1750930828249 0.03596078211561218 40
1750930828880 0.03112566110022342 41
1750930829513 0.034021492889890766 42
1750930830144 0.028822387943740518 43
1750930830777 0.031031869006291502 44
1750930831412 0.027783258571831653 45
1750930832045 0.031175856304205996 46
1750930832678 0.026981989691952108 47
1750930833312 0.02646233316285939 48
1750930833946 0.027360601346104754 49
1750930834580 0.025222860362838804 50
1750930835218 0.02823284672526592 51
1750930835852 0.0250621424043922 52
1750930836487 0.027017702153955825 53
1750930837124 0.026808698660611977 54
1750930837761 0.027230708525436034 55
1750930838413 0.026326541010071487 56
1750930839070 0.025439529899878667 57
1750930839726 0.027180882434789354 58
1750930840385 0.025777150849458055 59
1750930841042 0.026847770534378756 60
1750930841700 0.02126728493965538 61
1750930842358 0.02367102012536828 62
1750930843014 0.021346244019059966 63
1750930843672 0.02488464100227587 64
1750930844316 0.023208091761592584 65
1750930844956 0.025828798538655592 66
1750930845604 0.021903280356252348 67
1750930846246 0.022472053227117195 68
1750930846892 0.0227911168601976 69
1750930847534 0.020865199888799993 70
1750930848178 0.02195824232759102 71
1750930848823 0.022956455740530422 72
1750930849468 0.024652580901883114 73
1750930850112 0.023902756790301162 74
1750930850756 0.024919802033655566 75
1750930851398 0.02072483237520655 76
1750930852045 0.023086796736119717 77
1750930852693 0.02166288712196725 78
1750930852992 0.02166288712196725 0
1750930803105 1.1855989893709873 0
1750930852992 0.02166288712196725 0
