1750930803168 0.6720620239390642 0
1750930803788 0.8619423286180631 1
1750930804415 0.9081882480957563 2
1750930805042 0.9291349292709467 3
1750930805674 0.9462731229597389 4
1750930806305 0.9587867247007617 5
1750930806938 0.9642274211099021 6
1750930807572 0.9704842219804135 7
1750930808207 0.9742927094668118 8
1750930808844 0.971436343852013 9
1750930809479 0.977829162132753 10
1750930810115 0.9774211099020674 11
1750930810753 0.9798694232861807 12
1750930811378 0.9808215451577802 13
1750930811998 0.9805495103373232 14
1750930812623 0.9825897714907508 15
1750930813245 0.9821817192600653 16
1750930813873 0.9836779107725789 17
1750930814499 0.9820457018498367 18
1750930815123 0.9832698585418934 19
1750930815750 0.984766050054407 20
1750930816377 0.98449401523395 21
1750930817000 0.9877584330794341 22
1750930817630 0.985038084874864 23
1750930818258 0.9859902067464635 24
1750930818889 0.9884385201305768 25
1750930819514 0.9866702937976061 26
1750930820139 0.9887105549510338 27
1750930820768 0.9888465723612623 28
1750930821398 0.9876224156692056 29
1750930822028 0.9891186071817193 30
1750930822660 0.9897986942328618 31
1750930823288 0.9884385201305768 32
1750930823916 0.9891186071817193 33
1750930824547 0.9874863982589771 34
1750930825177 0.9914309031556039 35
1750930825809 0.9903427638737758 36
1750930826440 0.9915669205658324 37
1750930827069 0.9914309031556039 38
1750930827699 0.9889825897714908 39
1750930828330 0.9896626768226333 40
1750930828962 0.9915669205658324 41
1750930829594 0.9900707290533188 42
1750930830226 0.9938792165397171 43
1750930830860 0.9912948857453754 44
1750930831494 0.9922470076169749 45
1750930832126 0.9922470076169749 46
1750930832761 0.9931991294885746 47
1750930833394 0.9930631120783461 48
1750930834029 0.9926550598476604 49
1750930834664 0.9945593035908596 50
1750930835301 0.9917029379760609 51
1750930835935 0.9934711643090316 52
1750930836570 0.9925190424374319 53
1750930837207 0.9930631120783461 54
1750930837844 0.9927910772578891 55
1750930838496 0.9931991294885746 56
1750930839154 0.9944232861806311 57
1750930839812 0.9938792165397171 58
1750930840469 0.9930631120783461 59
1750930841127 0.9918389553862894 60
1750930841785 0.9951033732317737 61
1750930842442 0.9940152339499456 62
1750930843099 0.9948313384113167 63
1750930843758 0.9937431991294886 64
1750930844401 0.9933351468988031 65
1750930845042 0.9936071817192601 66
1750930845689 0.9953754080522307 67
1750930846332 0.9934711643090316 68
1750930846977 0.9951033732317737 69
1750930847620 0.9945593035908596 70
1750930848264 0.9940152339499456 71
1750930848909 0.9941512513601741 72
1750930849554 0.9934711643090316 73
1750930850198 0.9942872687704026 74
1750930850841 0.9933351468988031 75
1750930851484 0.9956474428726877 76
1750930852132 0.9941512513601741 77
1750930852779 0.9936071817192601 78
1750930852992 0.9936071817192601 0
1750930803168 0.6720620239390642 0
1750930852992 0.9936071817192601 0
