1750930803190 0.6723514434605979 0
1750930803813 0.8570813723719918 1
1750930804440 0.9060485388676812 2
1750930805068 0.9282031165504772 3
1750930805700 0.9458198055535078 4
1750930806331 0.9585130625693373 5
1750930806963 0.9640412880167227 6
1750930807599 0.9704134208704814 7
1750930808233 0.9742361060276641 8
1750930808870 0.9714027092500113 9
1750930809505 0.9778160410958914 10
1750930810141 0.9774138360866107 11
1750930810781 0.979878152451336 12
1750930811403 0.980820789890723 13
1750930812025 0.9805518541683503 14
1750930812648 0.9825989560154349 15
1750930813271 0.9821886699627443 16
1750930813899 0.9836840038996647 17
1750930814524 0.9820609766981012 18
1750930815150 0.9832718246463882 19
1750930815777 0.9847691993566592 20
1750930816404 0.9844951178076173 21
1750930817027 0.9877595413523405 22
1750930817657 0.9850496208184715 23
1750930818285 0.9859951007601405 24
1750930818916 0.9884449647894227 25
1750930819540 0.9866825735047484 26
1750930820166 0.9887127431992758 27
1750930820795 0.9888525889111875 28
1750930821425 0.9876319989297156 29
1750930822055 0.9891277704153568 30
1750930822686 0.989799945609511 31
1750930823314 0.9884423422959591 32
1750930823943 0.9891255152177111 33
1750930824574 0.9874912927070323 34
1750930825204 0.9914318939092187 35
1750930825835 0.9903496841838252 36
1750930826468 0.9915690473776677 37
1750930827096 0.9914344032500951 38
1750930827727 0.9889911899392883 39
1750930828358 0.9896712713238232 40
1750930828990 0.9915737109347683 41
1750930829621 0.9900757021576192 42
1750930830253 0.9938806456471299 43
1750930830888 0.9913003574049783 44
1750930831521 0.9922476943804904 45
1750930832154 0.9922521169652865 46
1750930832789 0.9932015326040384 47
1750930833422 0.9930628113601452 48
1750930834056 0.9926558542081715 49
1750930834692 0.994564944192309 50
1750930835328 0.9917067674802734 51
1750930835962 0.9934762951553553 52
1750930836598 0.9925227363581357 53
1750930837233 0.9930676622790324 54
1750930837872 0.9927938528558282 55
1750930838524 0.9932004813099448 56
1750930839182 0.9944238129181714 57
1750930839840 0.9938830897237216 58
1750930840497 0.9930634381186129 59
1750930841156 0.9918468356204272 60
1750930841814 0.995106543671466 61
1750930842470 0.9940203912860763 62
1750930843127 0.9948329014488133 63
1750930843786 0.9937459661925624 64
1750930844429 0.993339585333887 65
1750930845072 0.9936100025585821 66
1750930845718 0.9953754080522307 67
1750930846360 0.9934761086829746 68
1750930847005 0.9951081287698099 69
1750930847648 0.9945638033707332 70
1750930848292 0.9940157327178174 71
1750930848938 0.9941520472031079 72
1750930849582 0.9934742673519699 73
1750930850226 0.9942878002266186 74
1750930850870 0.9933387245431635 75
1750930851512 0.9956478922951668 76
1750930852161 0.9941551150457537 77
1750930852808 0.9936082735812358 78
1750930852992 0.9936082735812358 0
1750930803190 0.6723514434605979 0
1750930852992 0.9936082735812358 0
