1750930803147 0.6930919073611466 0
1750930803763 0.8668561320883958 1
1750930804389 0.9119066906278598 2
1750930805017 0.9307338986078973 3
1750930805649 0.9466637568405107 4
1750930806280 0.9585348909424881 5
1750930806912 0.9640422501090561 6
1750930807546 0.9703591744028475 7
1750930808182 0.9742047118587193 8
1750930808817 0.9713896028556658 9
1750930809454 0.977838527737139 10
1750930810089 0.9774223309909468 11
1750930810726 0.9799451110096832 12
1750930811351 0.9808330562165612 13
1750930811973 0.9805624338131275 14
1750930812597 0.9826533151017217 15
1750930813219 0.9822985665108201 16
1750930813846 0.9837169561112964 17
1750930814472 0.9820859092582983 18
1750930815096 0.9833771012772791 19
1750930815724 0.9848495936155639 20
1750930816350 0.9845505890388059 21
1750930816974 0.9877669776251762 22
1750930817603 0.9850855869058514 23
1750930818232 0.9860209367988105 24
1750930818862 0.9884713008473015 25
1750930819487 0.98672475988201 26
1750930820113 0.9887587890213252 27
1750930820741 0.9888733651075181 28
1750930821371 0.987666200507776 29
1750930822002 0.9891482475927428 30
1750930822634 0.9898156514760388 31
1750930823261 0.9884594990775508 32
1750930823889 0.9891685890499969 33
1750930824520 0.9875380026974078 34
1750930825151 0.9914503219399133 35
1750930825782 0.9903846022491832 36
1750930826413 0.9915777992912529 37
1750930827042 0.9914803733989744 38
1750930827672 0.9890245025362069 39
1750930828304 0.9896876140089078 40
1750930828935 0.991591478553175 41
1750930829567 0.990103904169594 42
1750930830199 0.993883523952629 43
1750930830833 0.9913177073347814 44
1750930831466 0.9922549253123859 45
1750930832099 0.9922693251338007 46
1750930832733 0.9932224659017572 47
1750930833367 0.9930716236221143 48
1750930834001 0.9926587521134825 49
1750930834636 0.9945841814082066 50
1750930835274 0.991725883849979 51
1750930835907 0.9935072357451266 52
1750930836542 0.992527942730422 53
1750930837179 0.9930787051277508 54
1750930837816 0.9928077947487283 55
1750930838468 0.9932111481382486 56
1750930839126 0.9944326318367547 57
1750930839783 0.9938905427650161 58
1750930840441 0.9930655033755151 59
1750930841099 0.9918677119697479 60
1750930841757 0.9951166162880842 61
1750930842414 0.9940575200905956 62
1750930843071 0.9948402318023615 63
1750930843729 0.9937500463725052 64
1750930844372 0.9933521450283633 65
1750930845014 0.9936310439907405 66
1750930845661 0.9953754080522307 67
1750930846303 0.9934860371465157 68
1750930846949 0.9951240750226901 69
1750930847592 0.994571167228866 70
1750930848235 0.9940194507630775 71
1750930848880 0.994170366054561 72
1750930849525 0.9934889740883496 73
1750930850169 0.9942909745568999 74
1750930850813 0.9933447018431941 75
1750930851455 0.9956492529038362 76
1750930852103 0.9941610975095427 77
1750930852750 0.993609594728503 78
1750930852992 0.993609594728503 0
1750930803147 0.6930919073611466 0
1750930852992 0.993609594728503 0
