1750930803125 0.6720620239390642 0
1750930803737 0.8619423286180631 1
1750930804363 0.9081882480957563 2
1750930804991 0.9291349292709467 3
1750930805622 0.9462731229597389 4
1750930806254 0.9587867247007617 5
1750930806886 0.9642274211099021 6
1750930807521 0.9704842219804135 7
1750930808156 0.9742927094668118 8
1750930808791 0.971436343852013 9
1750930809428 0.977829162132753 10
1750930810063 0.9774211099020674 11
1750930810701 0.9798694232861807 12
1750930811325 0.9808215451577802 13
1750930811946 0.9805495103373232 14
1750930812571 0.9825897714907508 15
1750930813192 0.9821817192600653 16
1750930813819 0.9836779107725789 17
1750930814446 0.9820457018498367 18
1750930815070 0.9832698585418934 19
1750930815697 0.984766050054407 20
1750930816324 0.98449401523395 21
1750930816948 0.9877584330794341 22
1750930817577 0.985038084874864 23
1750930818205 0.9859902067464635 24
1750930818835 0.9884385201305768 25
1750930819460 0.9866702937976061 26
1750930820086 0.9887105549510338 27
1750930820714 0.9888465723612623 28
1750930821344 0.9876224156692056 29
1750930821975 0.9891186071817193 30
1750930822607 0.9897986942328618 31
1750930823234 0.9884385201305768 32
1750930823862 0.9891186071817193 33
1750930824493 0.9874863982589771 34
1750930825124 0.9914309031556039 35
1750930825754 0.9903427638737758 36
1750930826387 0.9915669205658324 37
1750930827014 0.9914309031556039 38
1750930827645 0.9889825897714908 39
1750930828276 0.9896626768226333 40
1750930828908 0.9915669205658324 41
1750930829540 0.9900707290533188 42
1750930830172 0.9938792165397171 43
1750930830805 0.9912948857453754 44
1750930831439 0.9922470076169749 45
1750930832072 0.9922470076169749 46
1750930832705 0.9931991294885746 47
1750930833340 0.9930631120783461 48
1750930833974 0.9926550598476604 49
1750930834608 0.9945593035908596 50
1750930835245 0.9917029379760609 51
1750930835879 0.9934711643090316 52
1750930836515 0.9925190424374319 53
1750930837152 0.9930631120783461 54
1750930837789 0.9927910772578891 55
1750930838440 0.9931991294885746 56
1750930839098 0.9944232861806311 57
1750930839754 0.9938792165397171 58
1750930840413 0.9930631120783461 59
1750930841071 0.9918389553862894 60
1750930841729 0.9951033732317737 61
1750930842386 0.9940152339499456 62
1750930843042 0.9948313384113167 63
1750930843701 0.9937431991294886 64
1750930844344 0.9933351468988031 65
1750930844985 0.9936071817192601 66
1750930845632 0.9953754080522307 67
1750930846274 0.9934711643090316 68
1750930846920 0.9951033732317737 69
1750930847563 0.9945593035908596 70
1750930848206 0.9940152339499456 71
1750930848852 0.9941512513601741 72
1750930849497 0.9934711643090316 73
1750930850141 0.9942872687704026 74
1750930850785 0.9933351468988031 75
1750930851427 0.9956474428726877 76
1750930852074 0.9941512513601741 77
1750930852722 0.9936071817192601 78
1750930852992 0.9936071817192601 0
1750930803125 0.6720620239390642 0
1750930852992 0.9936071817192601 0
