1750949355537 0.8586779107725789 0
1750949356136 0.9597388465723613 1
1750949356758 0.9715723612622416 2
1750949357385 0.9779651795429815 3
1750949358010 0.9809575625680087 4
1750949358638 0.9820457018498367 5
1750949359271 0.984221980413493 6
1750949359903 0.985038084874864 7
1750949360537 0.9870783460282916 8
1750949361169 0.9877584330794341 9
1750949361798 0.9891186071817193 10
1750949362426 0.9869423286180631 11
1750949363057 0.9889825897714908 12
1750949363686 0.9884385201305768 13
1750949364317 0.9868063112078346 14
1750949364946 0.9903427638737758 15
1750949365578 0.9873503808487486 16
1750949366212 0.9907508161044614 17
1750949366844 0.9914309031556039 18
1750949367478 0.9906147986942329 19
1750949368110 0.9918389553862894 20
1750949368743 0.9927910772578891 21
1750949369375 0.9903427638737758 22
1750949370011 0.9925190424374319 23
1750949370647 0.9933351468988031 24
1750949371280 0.9912948857453754 25
1750949371916 0.9936071817192601 26
1750949372551 0.9936071817192601 27
1750949373187 0.9949673558215452 28
1750949373824 0.9941512513601741 29
1750949374459 0.9903427638737758 30
1750949375096 0.9927910772578891 31
1750949375732 0.9949673558215452 32
1750949376370 0.9930631120783461 33
1750949377007 0.9942872687704026 34
1750949377647 0.9959194776931447 35
1750949378286 0.9940152339499456 36
1750949378925 0.9919749727965179 37
1750949379562 0.9951033732317737 38
1750949380202 0.9936071817192601 39
1750949380460 0.9936071817192601 0
1750949355537 0.8586779107725789 0
1750949380460 0.9936071817192601 0
