1750949355579 0.8586779107725789 0
1750949356188 0.9597388465723613 1
1750949356813 0.9715723612622416 2
1750949357436 0.9779651795429815 3
1750949358062 0.9809575625680087 4
1750949358689 0.9820457018498367 5
1750949359323 0.984221980413493 6
1750949359955 0.985038084874864 7
1750949360590 0.9870783460282916 8
1750949361221 0.9877584330794341 9
1750949361850 0.9891186071817193 10
1750949362478 0.9869423286180631 11
1750949363108 0.9889825897714908 12
1750949363738 0.9884385201305768 13
1750949364369 0.9868063112078346 14
1750949364998 0.9903427638737758 15
1750949365630 0.9873503808487486 16
1750949366265 0.9907508161044614 17
1750949366896 0.9914309031556039 18
1750949367530 0.9906147986942329 19
1750949368163 0.9918389553862894 20
1750949368795 0.9927910772578891 21
1750949369428 0.9903427638737758 22
1750949370065 0.9925190424374319 23
1750949370700 0.9933351468988031 24
1750949371334 0.9912948857453754 25
1750949371969 0.9936071817192601 26
1750949372604 0.9936071817192601 27
1750949373240 0.9949673558215452 28
1750949373877 0.9941512513601741 29
1750949374513 0.9903427638737758 30
1750949375149 0.9927910772578891 31
1750949375786 0.9949673558215452 32
1750949376423 0.9930631120783461 33
1750949377061 0.9942872687704026 34
1750949377701 0.9959194776931447 35
1750949378340 0.9940152339499456 36
1750949378979 0.9919749727965179 37
1750949379617 0.9951033732317737 38
1750949380256 0.9936071817192601 39
1750949380460 0.9936071817192601 0
1750949355579 0.8586779107725789 0
1750949380460 0.9936071817192601 0
