1750949355516 0.5898946723591646 0
1750949356111 0.16418056013275412 1
1750949356731 0.10100923035946453 2
1750949357358 0.07807857468643178 3
1750949357984 0.06614111267411281 4
1750949358612 0.05903442574095415 5
1750949359245 0.052107981236913 6
1750949359877 0.04965017943301515 7
1750949360511 0.043379304257664376 8
1750949361142 0.040663788954487176 9
1750949361772 0.04016500743059391 10
1750949362400 0.041865596518333964 11
1750949363030 0.03560117330560228 12
1750949363660 0.03950933040088292 13
1750949364290 0.035729377320739594 14
1750949364920 0.03186655724046182 15
1750949365551 0.0386814478874993 16
1750949366185 0.0319547394839834 17
1750949366817 0.026798604533554614 18
1750949367451 0.028016287605941978 19
1750949368084 0.026752186647258595 20
1750949368717 0.02413430143405113 21
1750949369349 0.03302709951437402 22
1750949369985 0.025453939651097532 23
1750949370620 0.023478997319985397 24
1750949371254 0.024390287041133097 25
1750949371889 0.022239927498378484 26
1750949372524 0.022878511550393405 27
1750949373160 0.01819113111255186 28
1750949373797 0.020036374606897445 29
1750949374432 0.03167680494327167 30
1750949375069 0.023535090989116034 31
1750949375706 0.01945198728942127 32
1750949376342 0.022436847588781093 33
1750949376980 0.019375579327778635 34
1750949377619 0.019070524645825367 35
1750949378258 0.02121367779032401 36
1750949378898 0.023221258162971794 37
1750949379535 0.01772048583221789 38
1750949380175 0.0207201373784664 39
1750949380460 0.0207201373784664 0
1750949355516 0.5898946723591646 0
1750949380460 0.0207201373784664 0
