1750949355601 0.8554387335127781 0
1750949356214 0.9596599797048891 1
1750949356840 0.9715625232008839 2
1750949357463 0.9779540689374939 3
1750949358088 0.9809539745572121 4
1750949358715 0.9820430221076291 5
1750949359348 0.9842192778505211 6
1750949359981 0.9850378913992541 7
1750949360616 0.9870793824602312 8
1750949361247 0.9877572966507701 9
1750949361876 0.9891198432694895 10
1750949362504 0.9869416726840583 11
1750949363135 0.9889844705300199 12
1750949363764 0.9884389295231045 13
1750949364395 0.9868037770168578 14
1750949365024 0.9903431024560289 15
1750949365656 0.9873523671010656 16
1750949366291 0.9907491080452245 17
1750949366923 0.9914310086321397 18
1750949367556 0.9906163126528017 19
1750949368189 0.9918376668418168 20
1750949368822 0.9927916554778132 21
1750949369455 0.990340334570501 22
1750949370092 0.9925194726315381 23
1750949370726 0.993333413501491 24
1750949371360 0.9912939935670836 25
1750949371995 0.9936071012174678 26
1750949372631 0.9936074123477513 27
1750949373267 0.994966904891495 28
1750949373903 0.9941502519751223 29
1750949374539 0.9903424265631816 30
1750949375176 0.9927908198045469 31
1750949375813 0.9949674177680822 32
1750949376450 0.9930617592125374 33
1750949377088 0.9942862853912575 34
1750949377727 0.9959193916229533 35
1750949378367 0.9940148047613648 36
1750949379006 0.9919757799127419 37
1750949379643 0.9951025198816208 38
1750949380283 0.9936057448397926 39
1750949380460 0.9936057448397926 0
1750949355601 0.8554387335127781 0
1750949380460 0.9936057448397926 0
