1750949355558 0.8604589224954329 0
1750949356162 0.9597323431561042 1
1750949356785 0.9715594057669048 2
1750949357410 0.9779448154452123 3
1750949358035 0.9809506036194501 4
1750949358663 0.9820406451390428 5
1750949359297 0.984216686017234 6
1750949359929 0.9850379205181748 7
1750949360564 0.9870852545141985 8
1750949361195 0.9877611426915769 9
1750949361824 0.9891260751230959 10
1750949362452 0.9869519454113265 11
1750949363083 0.9890150176324072 12
1750949363712 0.988439860282644 13
1750949364343 0.9868013570474828 14
1750949364973 0.9903443383861374 15
1750949365604 0.9873668626016306 16
1750949366238 0.9907476391646335 17
1750949366870 0.9914312140545648 18
1750949367503 0.9906181192803394 19
1750949368137 0.9918368117235312 20
1750949368769 0.9927971486453865 21
1750949369401 0.9903387196305661 22
1750949370038 0.99252162848658 23
1750949370673 0.9933342026726432 24
1750949371307 0.9912963159923791 25
1750949371942 0.9936071212884616 26
1750949372577 0.9936085479591256 27
1750949373214 0.9949695665198763 28
1750949373850 0.9941530543273677 29
1750949374486 0.9903517020803264 30
1750949375123 0.9927914669039071 31
1750949375759 0.9949675806633043 32
1750949376396 0.9930607259265556 33
1750949377035 0.9942854140990626 34
1750949377674 0.9959202396201569 35
1750949378313 0.9940146713564132 36
1750949378952 0.9919846923655411 37
1750949379589 0.9951017669862026 38
1750949380229 0.99360615686162 39
1750949380460 0.99360615686162 0
1750949355558 0.8604589224954329 0
1750949380460 0.99360615686162 0
