1751012616326 0.8420271355128669 0
1751012616942 0.954298339249982 1
1751012617564 0.9726410803689923 2
1751012618185 0.9771402501413289 3
1751012618810 0.980267782378033 4
1751012619439 0.9806788264249876 5
1751012620073 0.9840875635557763 6
1751012620709 0.9854471366193194 7
1751012621344 0.9874871209589257 8
1751012621974 0.9869429493084888 9
1751012622604 0.9866706181670594 10
1751012623235 0.9880313009898751 11
1751012623867 0.9910230693778156 12
1751012624498 0.9876227067795561 13
1751012625129 0.9910230693778156 14
1751012625764 0.9919748717410766 15
1751012626394 0.9918370068050988 16
1751012627027 0.9908875644719526 17
1751012627661 0.9931994149597864 18
1751012628294 0.9925189482332069 19
1751012628928 0.9940153795852102 20
1751012629560 0.9933353774807868 21
1751012630192 0.9949670246773866 22
1751012630826 0.9944236620293814 23
1751012631461 0.9910224809305374 24
1751012632094 0.9938795611855529 25
1751012632732 0.9955113723655323 26
1751012633368 0.9965994333905414 27
1751012634003 0.9956476497694962 28
1751012634640 0.9965996874190166 29
1751012635280 0.995239330693859 30
1751012635917 0.9959196716589027 31
1751012636556 0.9965996874190166 32
1751012637192 0.9952392795820454 33
1751012637828 0.9964637114296421 34
1751012638472 0.9941546420498375 35
1751012639113 0.99578331943572 36
1751012639759 0.9955114334650175 37
1751012640400 0.9953754080522307 38
1751012641043 0.9968718504903717 39
1751012641682 0.9964636333912607 40
1751012642323 0.9974154991586579 41
1751012642967 0.99496735299303 42
1751012643606 0.9968717445703035 43
1751012644246 0.9963275717795984 44
1751012644888 0.9979596600343248 45
1751012645530 0.9970075564775753 46
1751012646177 0.9960548168826031 47
1751012646824 0.9980956570989953 48
1751012647474 0.9972798411340625 49
1751012648122 0.998503750691838 50
1751012648768 0.9970084716902814 51
1751012649413 0.9976873268162549 52
1751012650058 0.9968719478321258 53
1751012650705 0.9964635473340587 54
1751012651354 0.9961917775876875 55
1751012652003 0.997007461155564 56
1751012652649 0.9940155180698447 57
1751012653295 0.9976877502044297 58
1751012653945 0.9983677910772579 59
1751012654597 0.9959193737675678 60
1751012655246 0.9944234873671872 61
1751012655896 0.9971437374319739 62
1751012656548 0.9989119124423741 63
1751012657200 0.9971420060798787 64
1751012657850 0.9979597639600333 65
1751012658502 0.9971441614246866 66
1751012659154 0.9975512103174652 67
1751012659805 0.9965998894731506 68
1751012660458 0.9970076169749728 69
1751012661110 0.9982317876946196 70
1751012661761 0.9974157010160423 71
1751012662420 0.9955116398588479 72
1751012663076 0.9975518029953416 73
1751012663731 0.999455930359086 74
1751012664388 0.9990481113883796 75
1751012665043 0.9986398258977149 76
1751012665702 0.9980960536928729 77
1751012666361 0.9952394492400777 78
1751012667019 0.997959713154511 79
1751012667678 0.9978237743946219 80
1751012667869 0.9978237743946219 0
1751012616326 0.8420271355128669 0
1751012667869 0.9978237743946219 0
