1751012616241 0.6321622680333545 0
1751012616837 0.18649403756571542 1
1751012617459 0.10668127840309849 2
1751012618080 0.08144026029534776 3
1751012618705 0.06604304434620127 4
1751012619334 0.057788806593489464 5
1751012619967 0.04974479032163554 6
1751012620603 0.0441870366499817 7
1751012621238 0.04023437672705107 8
1751012621870 0.03918822068352175 9
1751012622499 0.040256900066292976 10
1751012623129 0.03456755422797536 11
1751012623760 0.028873317266922844 12
1751012624392 0.03687024550761732 13
1751012625022 0.028366932588689216 14
1751012625657 0.026283294708347425 15
1751012626288 0.024646681586485173 16
1751012626920 0.027428939849871967 17
1751012627553 0.023436130755160395 18
1751012628185 0.02336364387943976 19
1751012628820 0.01886772425410513 20
1751012629453 0.021562252235239103 21
1751012630085 0.018424990364999973 22
1751012630718 0.019758785069009067 23
1751012631353 0.03128949556524042 24
1751012631985 0.021114616014592358 25
1751012632624 0.019002421130248883 26
1751012633259 0.013942170997633637 27
1751012633894 0.015705993941704355 28
1751012634532 0.012874113119656262 29
1751012635170 0.015857809306587516 30
1751012635808 0.013770909085606303 31
1751012636447 0.012877557757062284 32
1751012637084 0.015726599557542114 33
1751012637720 0.0157224238881592 34
1751012638359 0.019481377700197797 35
1751012639003 0.01889540121249117 36
1751012639649 0.015402453538320222 37
1751012640289 0.014299477214172029 38
1751012640934 0.011129317751967058 39
1751012641572 0.011125543722538309 40
1751012642213 0.009909715762633478 41
1751012642855 0.01588320840120729 42
1751012643495 0.011988096056968153 43
1751012644136 0.013145387325723686 44
1751012644778 0.010329633333007841 45
1751012645420 0.013480172924782525 46
1751012646065 0.015210147852319271 47
1751012646711 0.008733666815462606 48
1751012647360 0.008544359433057315 49
1751012648010 0.007588573289129141 50
1751012648656 0.010978721375845706 51
1751012649300 0.010317698621188044 52
1751012649945 0.01069667452482164 53
1751012650593 0.01230469502440742 54
1751012651240 0.011622715891000406 55
1751012651888 0.011230280813297421 56
1751012652537 0.020813735701058614 57
1751012653182 0.010417017048494374 58
1751012653830 0.007967292773892031 59
1751012654483 0.012868119848859664 60
1751012655133 0.01587166295030131 61
1751012655783 0.010343850081557483 62
1751012656433 0.0072277301835794085 63
1751012657085 0.011158946499489937 64
1751012657735 0.007980429343053295 65
1751012658386 0.01056419735596038 66
1751012659041 0.012165818878746428 67
1751012659690 0.017222922079475907 68
1751012660342 0.014179423560871781 69
1751012660996 0.009522276307011308 70
1751012661646 0.010758870743646795 71
1751012662302 0.013016530408111519 72
1751012662959 0.008082076963655432 73
1751012663614 0.0049928876988628275 74
1751012664271 0.005595577347433849 75
1751012664928 0.008989563462870668 76
1751012665585 0.008314354922718717 77
1751012666244 0.011748735047826165 78
1751012666902 0.009732798860946485 79
1751012667560 0.008726407048192131 80
1751012667869 0.008726407048192131 0
1751012616241 0.6321622680333545 0
1751012667869 0.008726407048192131 0
