1751012616261 0.8446681175190425 0
1751012616863 0.9544341675734495 1
1751012617486 0.9726605005440696 2
1751012618106 0.9771490750816104 3
1751012618732 0.9802774755168662 4
1751012619360 0.9806855277475517 5
1751012619993 0.9840859630032645 6
1751012620630 0.9854461371055495 7
1751012621264 0.9874863982589771 8
1751012621895 0.9869423286180631 9
1751012622526 0.9866702937976061 10
1751012623155 0.9880304678998912 11
1751012623786 0.9910228509249184 12
1751012624419 0.9876224156692056 13
1751012625049 0.9910228509249184 14
1751012625684 0.9919749727965179 15
1751012626315 0.9918389553862894 16
1751012626947 0.9908868335146899 17
1751012627580 0.9931991294885746 18
1751012628213 0.9925190424374319 19
1751012628847 0.9940152339499456 20
1751012629480 0.9933351468988031 21
1751012630112 0.9949673558215452 22
1751012630745 0.9944232861806311 23
1751012631380 0.9910228509249184 24
1751012632012 0.9938792165397171 25
1751012632651 0.9955114254624592 26
1751012633286 0.9965995647442872 27
1751012633921 0.9956474428726877 28
1751012634559 0.9965995647442872 29
1751012635198 0.9952393906420022 30
1751012635836 0.9959194776931447 31
1751012636474 0.9965995647442872 32
1751012637111 0.9952393906420022 33
1751012637747 0.9964635473340587 34
1751012638388 0.9941512513601741 35
1751012639031 0.9957834602829162 36
1751012639677 0.9955114254624592 37
1751012640317 0.9953754080522307 38
1751012640961 0.9968715995647442 39
1751012641600 0.9964635473340587 40
1751012642241 0.9974156692056583 41
1751012642883 0.9949673558215452 42
1751012643523 0.9968715995647442 43
1751012644164 0.9963275299238302 44
1751012644806 0.9979597388465724 45
1751012645448 0.9970076169749728 46
1751012646093 0.9960554951033732 47
1751012646738 0.9980957562568009 48
1751012647389 0.9972796517954298 49
1751012648038 0.9985038084874864 50
1751012648684 0.9970076169749728 51
1751012649329 0.9976877040261154 52
1751012649973 0.9968715995647442 53
1751012650621 0.9964635473340587 54
1751012651268 0.9961915125136017 55
1751012651917 0.9970076169749728 56
1751012652565 0.9940152339499456 57
1751012653211 0.9976877040261154 58
1751012653859 0.9983677910772579 59
1751012654512 0.9959194776931447 60
1751012655162 0.9944232861806311 61
1751012655812 0.9971436343852013 62
1751012656462 0.998911860718172 63
1751012657113 0.9971436343852013 64
1751012657764 0.9979597388465724 65
1751012658416 0.9971436343852013 66
1751012659069 0.9975516866158868 67
1751012659719 0.9965995647442872 68
1751012660371 0.9970076169749728 69
1751012661025 0.9982317736670294 70
1751012661675 0.9974156692056583 71
1751012662332 0.9955114254624592 72
1751012662988 0.9975516866158868 73
1751012663643 0.999455930359086 74
1751012664301 0.9990478781284005 75
1751012664957 0.9986398258977149 76
1751012665614 0.9980957562568009 77
1751012666273 0.9952393906420022 78
1751012666932 0.9979597388465724 79
1751012667589 0.9978237214363439 80
1751012667869 0.9978237214363439 0
1751012616261 0.8446681175190425 0
1751012667869 0.9978237214363439 0
