1751012616282 0.8443735363767012 0
1751012616890 0.9544357756735337 1
1751012617512 0.9726262478944421 2
1751012618132 0.9771325252601144 3
1751012618758 0.9802650277018525 4
1751012619387 0.9806726922532423 5
1751012620020 0.9840970883952386 6
1751012620657 0.9854517925285387 7
1751012621291 0.9874904336855729 8
1751012621922 0.9869451485569025 9
1751012622552 0.9866713369023492 10
1751012623182 0.9880356966393452 11
1751012623813 0.991023687132853 12
1751012624445 0.9876235179033818 13
1751012625076 0.991023687132853 14
1751012625711 0.9919748707954886 15
1751012626341 0.9918363854366866 16
1751012626974 0.9908931839349905 17
1751012627607 0.9932014285456013 18
1751012628240 0.9925189542931463 19
1751012628874 0.9940159279163243 20
1751012629506 0.9933357086568168 21
1751012630139 0.9949692180252975 22
1751012630772 0.9944277993526522 23
1751012631407 0.9910269265456156 24
1751012632040 0.9938816387908667 25
1751012632678 0.995511420458635 26
1751012633314 0.9966002149242165 27
1751012633948 0.9956494747063493 28
1751012634586 0.9966007227116568 29
1751012635226 0.9952393717814346 30
1751012635864 0.9959214848985194 31
1751012636501 0.9966007227116568 32
1751012637138 0.995239697203964 33
1751012637774 0.9964660280421814 34
1751012638415 0.9941651795336193 35
1751012639059 0.9957833107510669 36
1751012639704 0.9955119365863203 37
1751012640345 0.9953754080522307 38
1751012640988 0.9968770730248065 39
1751012641627 0.9964641249209827 40
1751012642268 0.9974178709718895 41
1751012642911 0.9949674824671786 42
1751012643550 0.9968736460658981 43
1751012644191 0.9963277150468808 44
1751012644834 0.997960497582298 45
1751012645476 0.997008563696611 46
1751012646122 0.9960554834722697 47
1751012646767 0.9980971877304887 48
1751012647417 0.9972836873997064 49
1751012648066 0.9985046106455305 50
1751012648712 0.9970124860000379 51
1751012649357 0.9976870504316665 52
1751012650001 0.9968740474890606 53
1751012650650 0.9964635473340587 54
1751012651296 0.9961956884867227 55
1751012651946 0.9970089301857742 56
1751012652593 0.9940177841139335 57
1751012653239 0.9976883278114216 58
1751012653888 0.9983677910772579 59
1751012654540 0.9959196747769818 60
1751012655190 0.9944245956189068 61
1751012655840 0.9971447544848443 62
1751012656491 0.9989135970123917 63
1751012657142 0.9971423240517752 64
1751012657793 0.9979598908706993 65
1751012658445 0.9971460168182886 66
1751012659098 0.997551592575646 67
1751012659748 0.9966011143496731 68
1751012660400 0.9970076169749728 69
1751012661053 0.9982323341121446 70
1751012661704 0.9974158344693546 71
1751012662362 0.9955135839417543 72
1751012663017 0.9975535460515407 73
1751012663673 0.999455930359086 74
1751012664330 0.9990490644009733 75
1751012664986 0.9986398258977149 76
1751012665644 0.9980964487090711 77
1751012666302 0.9952396088639766 78
1751012666961 0.9979597892697226 79
1751012667619 0.997824234368015 80
1751012667869 0.997824234368015 0
1751012616282 0.8443735363767012 0
1751012667869 0.997824234368015 0
