1751012616304 0.8446681175190425 0
1751012616916 0.9544341675734495 1
1751012617538 0.9726605005440696 2
1751012618158 0.9771490750816104 3
1751012618784 0.9802774755168662 4
1751012619413 0.9806855277475517 5
1751012620046 0.9840859630032645 6
1751012620683 0.9854461371055495 7
1751012621317 0.9874863982589771 8
1751012621948 0.9869423286180631 9
1751012622578 0.9866702937976061 10
1751012623209 0.9880304678998912 11
1751012623840 0.9910228509249184 12
1751012624472 0.9876224156692056 13
1751012625102 0.9910228509249184 14
1751012625737 0.9919749727965179 15
1751012626367 0.9918389553862894 16
1751012627000 0.9908868335146899 17
1751012627634 0.9931991294885746 18
1751012628267 0.9925190424374319 19
1751012628901 0.9940152339499456 20
1751012629533 0.9933351468988031 21
1751012630166 0.9949673558215452 22
1751012630799 0.9944232861806311 23
1751012631434 0.9910228509249184 24
1751012632067 0.9938792165397171 25
1751012632705 0.9955114254624592 26
1751012633340 0.9965995647442872 27
1751012633975 0.9956474428726877 28
1751012634613 0.9965995647442872 29
1751012635253 0.9952393906420022 30
1751012635891 0.9959194776931447 31
1751012636528 0.9965995647442872 32
1751012637166 0.9952393906420022 33
1751012637801 0.9964635473340587 34
1751012638443 0.9941512513601741 35
1751012639086 0.9957834602829162 36
1751012639732 0.9955114254624592 37
1751012640372 0.9953754080522307 38
1751012641016 0.9968715995647442 39
1751012641655 0.9964635473340587 40
1751012642296 0.9974156692056583 41
1751012642939 0.9949673558215452 42
1751012643578 0.9968715995647442 43
1751012644219 0.9963275299238302 44
1751012644861 0.9979597388465724 45
1751012645502 0.9970076169749728 46
1751012646149 0.9960554951033732 47
1751012646796 0.9980957562568009 48
1751012647445 0.9972796517954298 49
1751012648094 0.9985038084874864 50
1751012648740 0.9970076169749728 51
1751012649385 0.9976877040261154 52
1751012650029 0.9968715995647442 53
1751012650677 0.9964635473340587 54
1751012651324 0.9961915125136017 55
1751012651975 0.9970076169749728 56
1751012652621 0.9940152339499456 57
1751012653267 0.9976877040261154 58
1751012653916 0.9983677910772579 59
1751012654569 0.9959194776931447 60
1751012655218 0.9944232861806311 61
1751012655868 0.9971436343852013 62
1751012656520 0.998911860718172 63
1751012657172 0.9971436343852013 64
1751012657822 0.9979597388465724 65
1751012658473 0.9971436343852013 66
1751012659126 0.9975516866158868 67
1751012659777 0.9965995647442872 68
1751012660429 0.9970076169749728 69
1751012661082 0.9982317736670294 70
1751012661732 0.9974156692056583 71
1751012662391 0.9955114254624592 72
1751012663047 0.9975516866158868 73
1751012663702 0.999455930359086 74
1751012664359 0.9990478781284005 75
1751012665014 0.9986398258977149 76
1751012665673 0.9980957562568009 77
1751012666332 0.9952393906420022 78
1751012666990 0.9979597388465724 79
1751012667649 0.9978237214363439 80
1751012667869 0.9978237214363439 0
1751012616304 0.8446681175190425 0
1751012667869 0.9978237214363439 0
