1750930858369 0.6912385399566903 0
1750930858975 0.8823523826371563 1
1750930859592 0.9226643196045999 2
1750930860206 0.9403511394671751 3
1750930860822 0.9554312704138358 4
1750930861439 0.9597549242313421 5
1750930862062 0.964213840937157 6
1750930862684 0.9700518972823363 7
1750930863307 0.9703322414682402 8
1750930863931 0.9743082179203794 9
1750930864569 0.9756610210705328 10
1750930865192 0.9764810548479392 11
1750930865815 0.9786289754355442 12
1750930866441 0.980145333144924 13
1750930867066 0.9813680781110825 14
1750930867695 0.9812323704830546 15
1750930868321 0.9810972915960299 16
1750930868947 0.9813675842268689 17
1750930869571 0.9819177327066129 18
1750930870196 0.9805547459520738 19
1750930870825 0.9816377054479033 20
1750930871454 0.984767822500002 21
1750930872085 0.9827291635510307 22
1750930872717 0.9825903864964046 23
1750930873347 0.9846308872025461 24
1750930873980 0.9847692986045583 25
1750930874611 0.9858516090125512 26
1750930875245 0.984629365348635 27
1750930875878 0.98598641153841 28
1750930876508 0.9851802588830962 29
1750930877138 0.9866780237952361 30
1750930877767 0.9878995890877712 31
1750930878402 0.9858564648101011 32
1750930879033 0.9883098236942929 33
1750930879663 0.9885793026787963 34
1750930880301 0.9874849239506339 35
1750930880933 0.9891233631880366 36
1750930881572 0.9902097792088022 37
1750930882206 0.988712127764477 38
1750930882839 0.9889816243221771 39
1750930883018 0.9889816243221771 0
1750930858369 0.6912385399566903 0
1750930883018 0.9889816243221771 0
