1750930858304 0.6999455930359086 0
1750930858898 0.8846572361262242 1
1750930859516 0.9232861806311208 2
1750930860130 0.9405603917301415 3
1750930860744 0.9555223068552775 4
1750930861362 0.9597388465723613 5
1750930861985 0.9642274211099021 6
1750930862606 0.970076169749728 7
1750930863228 0.970348204570185 8
1750930863852 0.9742927094668118 9
1750930864491 0.9756528835690969 10
1750930865116 0.9764689880304679 11
1750930865734 0.9786452665941241 12
1750930866363 0.9801414581066377 13
1750930866986 0.9813656147986942 14
1750930867616 0.9812295973884657 15
1750930868241 0.9810935799782372 16
1750930868869 0.9813656147986942 17
1750930869492 0.9819096844396082 18
1750930870115 0.9805495103373232 19
1750930870746 0.9816376496191512 20
1750930871375 0.984766050054407 21
1750930872005 0.9827257889009793 22
1750930872637 0.9825897714907508 23
1750930873267 0.9846300326441785 24
1750930873900 0.984766050054407 25
1750930874531 0.985854189336235 26
1750930875164 0.9846300326441785 27
1750930875797 0.9859902067464635 28
1750930876428 0.9851741022850925 29
1750930877058 0.9866702937976061 30
1750930877687 0.9878944504896626 31
1750930878320 0.985854189336235 32
1750930878952 0.9883025027203483 33
1750930879582 0.9885745375408053 34
1750930880220 0.9874863982589771 35
1750930880852 0.9891186071817193 36
1750930881490 0.9902067464635473 37
1750930882124 0.9887105549510338 38
1750930882758 0.9889825897714908 39
1750930883018 0.9889825897714908 0
1750930858304 0.6999455930359086 0
1750930883018 0.9889825897714908 0
