1750930858284 1.1101970212763101 0
1750930858872 0.6448056161792804 1
1750930859489 0.4363576590171706 2
1750930860104 0.32514158604713206 3
1750930860718 0.25626043798614767 4
1750930861335 0.20737905894386885 5
1750930861959 0.17705899394310856 6
1750930862580 0.15128049440884617 7
1750930863201 0.13498193485271165 8
1750930863826 0.12227250510771982 9
1750930864465 0.10877552868492325 10
1750930865089 0.09921304035984523 11
1750930865708 0.0917256987279725 12
1750930866337 0.08280584920639572 13
1750930866960 0.08105618170218318 14
1750930867589 0.07996466684523033 15
1750930868214 0.07381866282101425 16
1750930868842 0.06976885119528065 17
1750930869466 0.06815827586024319 18
1750930870088 0.06535293178894315 19
1750930870718 0.06286577452926757 20
1750930871348 0.056540544772109215 21
1750930871978 0.05522333021084165 22
1750930872610 0.055868884737038896 23
1750930873240 0.05269177750125933 24
1750930873873 0.052194489342473664 25
1750930874502 0.05090462918047742 26
1750930875137 0.05091755257329627 27
1750930875769 0.04630228349487008 28
1750930876401 0.046375223660438246 29
1750930877030 0.04304972871270545 30
1750930877660 0.04005264367206961 31
1750930878293 0.04442173914053559 32
1750930878924 0.04114851368524305 33
1750930879555 0.037111401671424134 34
1750930880192 0.03867317304132715 35
1750930880825 0.03965522073942994 36
1750930881462 0.03411105042880845 37
1750930882097 0.036553696751537794 38
1750930882730 0.03689098558859885 39
1750930883018 0.03689098558859885 0
1750930858284 1.1101970212763101 0
1750930883018 0.03689098558859885 0
