1750930858325 0.7123788619291131 0
1750930858924 0.8875080211711084 1
1750930859541 0.9236341188765739 2
1750930860155 0.940928882153033 3
1750930860770 0.9558013305474455 4
1750930861388 0.9599067185382824 5
1750930862011 0.9642866976841753 6
1750930862632 0.9701624554799182 7
1750930863254 0.9704932804082027 8
1750930863878 0.9744299286123657 9
1750930864517 0.9757094254517811 10
1750930865143 0.9765321587724646 11
1750930865760 0.9786757534803547 12
1750930866389 0.9801876636989908 13
1750930867013 0.9813815644808473 14
1750930867642 0.9812565226520638 15
1750930868268 0.9811378994794387 16
1750930868895 0.9814339569514609 17
1750930869518 0.9819857043744273 18
1750930870141 0.9805988663946348 19
1750930870772 0.9816924199875467 20
1750930871401 0.9847987002471363 21
1750930872031 0.9827445796494917 22
1750930872664 0.9826215314779508 23
1750930873294 0.9846716071055903 24
1750930873927 0.9848131931182394 25
1750930874558 0.9859248900941693 26
1750930875191 0.9846906818566539 27
1750930875823 0.9859994158463048 28
1750930876455 0.9851945607514476 29
1750930877084 0.9866893233576368 30
1750930877714 0.9879096226627594 31
1750930878348 0.9858698965134577 32
1750930878979 0.9883268510854902 33
1750930879609 0.9886021732782331 34
1750930880247 0.9874918341052676 35
1750930880878 0.9891301050943025 36
1750930881517 0.9902404547074662 37
1750930882151 0.9887337376264776 38
1750930882785 0.9890025386675382 39
1750930883018 0.9890025386675382 0
1750930858325 0.7123788619291131 0
1750930883018 0.9890025386675382 0
