1751012254502 0.8319272993734121 0
1751012255123 0.94694505059209 1
1751012255752 0.9689504752689541 2
1751012256382 0.9748284433455543 3
1751012257014 0.9802785843805187 4
1751012257645 0.981771516139818 5
1751012258287 0.9824554367126501 6
1751012258926 0.9838143147691246 7
1751012259567 0.9873508371987418 8
1751012260205 0.9883036587349443 9
1751012260838 0.9883000770162339 10
1751012261468 0.9888472231159722 11
1751012262099 0.9892550122440926 12
1751012262733 0.9907517401597535 13
1751012263371 0.9904796432740426 14
1751012264003 0.9906155514711154 15
1751012264638 0.9931986937103138 16
1751012265273 0.9929271188867492 17
1751012265910 0.9926550598476604 18
1751012266546 0.9925187534591908 19
1751012267187 0.9948318063487659 20
1751012267829 0.994559682268125 21
1751012268473 0.9940156504949376 22
1751012269113 0.9942875403224638 23
1751012269751 0.9921110828093829 24
1751012270393 0.9922476232879868 25
1751012271036 0.9946950478774895 26
1751012271680 0.9927915112580358 27
1751012272319 0.9957834831441633 28
1751012272963 0.9959196716589027 29
1751012273606 0.996599397523481 30
1751012274252 0.9957829652212178 31
1751012274896 0.9955114293912846 32
1751012275544 0.9960553427330279 33
1751012276188 0.9965996874190166 34
1751012276838 0.9964634572652253 35
1751012277483 0.9967356615919328 36
1751012278123 0.9952393704855605 37
1751012278770 0.9942898348029355 38
1751012278951 0.9942898348029355 0
1751012254502 0.8319272993734121 0
1751012278951 0.9942898348029355 0
