1751012254415 0.648667524458275 0
1751012255016 0.20133105939471035 1
1751012255645 0.1163348683173301 2
1751012256275 0.08605109733226379 3
1751012256909 0.06997380719010407 4
1751012257539 0.0599184876897649 5
1751012258179 0.0550750058521319 6
1751012258821 0.04886219512683393 7
1751012259459 0.042258569097168686 8
1751012260097 0.038600814468972185 9
1751012260733 0.03998396058503024 10
1751012261362 0.03467881991462103 11
1751012261993 0.03283154583101336 12
1751012262625 0.029578546897160603 13
1751012263263 0.029973750759698492 14
1751012263897 0.027647032933481953 15
1751012264530 0.024978078784212324 16
1751012265165 0.028099140783688772 17
1751012265801 0.022731250634374374 18
1751012266438 0.02220894198183688 19
1751012267074 0.018748474628608815 20
1751012267717 0.018926436953313478 21
1751012268364 0.018700476202777344 22
1751012269004 0.017117922879366348 23
1751012269641 0.022951786099275385 24
1751012270283 0.024240818989672928 25
1751012270925 0.016671580145686815 26
1751012271569 0.022932267405793995 27
1751012272210 0.017494784792230524 28
1751012272853 0.014608781521033265 29
1751012273494 0.012627762758808456 30
1751012274141 0.01671695386685869 31
1751012274785 0.015367272195190402 32
1751012275432 0.01356525210206629 33
1751012276076 0.012049105061700526 34
1751012276723 0.011783414077463684 35
1751012277371 0.012428665161234153 36
1751012278014 0.018575472990557618 37
1751012278658 0.01960051953752036 38
1751012278951 0.01960051953752036 0
1751012254415 0.648667524458275 0
1751012278951 0.01960051953752036 0
