1751012254436 0.8335146898803046 0
1751012255042 0.9470892274211099 1
1751012255672 0.9689880304678999 2
1751012256302 0.9748367791077258 3
1751012256935 0.9802774755168662 4
1751012257566 0.9817736670293797 5
1751012258206 0.9824537540805223 6
1751012258848 0.9838139281828074 7
1751012259485 0.9873503808487486 8
1751012260124 0.9883025027203483 9
1751012260759 0.9883025027203483 10
1751012261388 0.9888465723612623 11
1751012262019 0.9892546245919478 12
1751012262652 0.9907508161044614 13
1751012263289 0.9904787812840044 14
1751012263924 0.9906147986942329 15
1751012264557 0.9931991294885746 16
1751012265193 0.9929270946681176 17
1751012265829 0.9926550598476604 18
1751012266465 0.9925190424374319 19
1751012267101 0.9948313384113167 20
1751012267745 0.9945593035908596 21
1751012268391 0.9940152339499456 22
1751012269031 0.9942872687704026 23
1751012269668 0.9921109902067464 24
1751012270310 0.9922470076169749 25
1751012270953 0.9946953210010882 26
1751012271597 0.9927910772578891 27
1751012272237 0.9957834602829162 28
1751012272880 0.9959194776931447 29
1751012273522 0.9965995647442872 30
1751012274169 0.9957834602829162 31
1751012274813 0.9955114254624592 32
1751012275460 0.9960554951033732 33
1751012276104 0.9965995647442872 34
1751012276752 0.9964635473340587 35
1751012277400 0.9967355821545157 36
1751012278042 0.9952393906420022 37
1751012278686 0.9942872687704026 38
1751012278951 0.9942872687704026 0
1751012254436 0.8335146898803046 0
1751012278951 0.9942872687704026 0
