1751012254458 0.8395666611828478 0
1751012255069 0.9470552883661245 1
1751012255699 0.9689400377652109 2
1751012256328 0.9748246648992144 3
1751012256961 0.9802829544184395 4
1751012257592 0.9817728657843028 5
1751012258233 0.9824650249024569 6
1751012258874 0.9838152114516909 7
1751012259513 0.9873521825674696 8
1751012260151 0.9883129633395017 9
1751012260786 0.9882979523052697 10
1751012261415 0.988850473507942 11
1751012262046 0.9892562937736257 12
1751012262679 0.9907608562257317 13
1751012263316 0.990486882596826 14
1751012263950 0.9906211889763624 15
1751012264584 0.9932009031262675 16
1751012265219 0.9929277407308299 17
1751012265856 0.9926550598476604 18
1751012266492 0.9925193669499721 19
1751012267128 0.9948387305514658 20
1751012267772 0.9945636901172473 21
1751012268419 0.9940196906607555 22
1751012269058 0.9942894237454982 23
1751012269696 0.9921114078919866 24
1751012270338 0.9922503441105647 25
1751012270981 0.9946965085397518 26
1751012271625 0.9927987401428751 27
1751012272264 0.9957838999260699 28
1751012272908 0.9959214848985194 29
1751012273550 0.9966009861982933 30
1751012274197 0.9957827668701932 31
1751012274840 0.9955115521080926 32
1751012275488 0.9960561018609839 33
1751012276132 0.9966007227116568 34
1751012276781 0.9964637727486975 35
1751012277428 0.9967361468103892 36
1751012278070 0.9952423814727823 37
1751012278714 0.994294214290605 38
1751012278951 0.994294214290605 0
1751012254458 0.8395666611828478 0
1751012278951 0.994294214290605 0
