1751012254480 0.8335146898803046 0
1751012255096 0.9470892274211099 1
1751012255726 0.9689880304678999 2
1751012256355 0.9748367791077258 3
1751012256988 0.9802774755168662 4
1751012257618 0.9817736670293797 5
1751012258260 0.9824537540805223 6
1751012258900 0.9838139281828074 7
1751012259539 0.9873503808487486 8
1751012260178 0.9883025027203483 9
1751012260812 0.9883025027203483 10
1751012261441 0.9888465723612623 11
1751012262073 0.9892546245919478 12
1751012262706 0.9907508161044614 13
1751012263344 0.9904787812840044 14
1751012263977 0.9906147986942329 15
1751012264611 0.9931991294885746 16
1751012265246 0.9929270946681176 17
1751012265883 0.9926550598476604 18
1751012266519 0.9925190424374319 19
1751012267156 0.9948313384113167 20
1751012267800 0.9945593035908596 21
1751012268446 0.9940152339499456 22
1751012269086 0.9942872687704026 23
1751012269724 0.9921109902067464 24
1751012270365 0.9922470076169749 25
1751012271008 0.9946953210010882 26
1751012271652 0.9927910772578891 27
1751012272292 0.9957834602829162 28
1751012272935 0.9959194776931447 29
1751012273578 0.9965995647442872 30
1751012274225 0.9957834602829162 31
1751012274868 0.9955114254624592 32
1751012275516 0.9960554951033732 33
1751012276160 0.9965995647442872 34
1751012276809 0.9964635473340587 35
1751012277455 0.9967355821545157 36
1751012278096 0.9952393906420022 37
1751012278742 0.9942872687704026 38
1751012278951 0.9942872687704026 0
1751012254480 0.8335146898803046 0
1751012278951 0.9942872687704026 0
