1750948112573 0.6535301619391868 0
1750948113176 0.8375823277613238 1
1750948113795 0.9030316216230337 2
1750948114416 0.9276394887776814 3
1750948115042 0.9398173725356831 4
1750948115666 0.9520994771058228 5
1750948116288 0.9543553939556887 6
1750948116912 0.961254067322588 7
1750948117539 0.9675673505303016 8
1750948118162 0.9688321491164055 9
1750948118784 0.9728867141322621 10
1750948119409 0.9751184795267795 11
1750948120033 0.9740520609685173 12
1750948120658 0.9753149986106838 13
1750948121282 0.9755830828890057 14
1750948121907 0.9769795160064451 15
1750948122532 0.9793751324372244 16
1750948123158 0.9802858518198571 17
1750948123784 0.9823450506401371 18
1750948124411 0.9812538520625331 19
1750948125038 0.9820589806692234 20
1750948125666 0.9789558567605413 21
1750948126293 0.9809676338589779 22
1750948126921 0.9857516301128655 23
1750948127550 0.9824887136059338 24
1750948128178 0.9831742422913259 25
1750948128806 0.9847960459855774 26
1750948129434 0.982507850940025 27
1750948130067 0.9846486792066562 28
1750948130697 0.9875076205904281 29
1750948131327 0.9854637848820876 30
1750948131962 0.9868436604206995 31
1750948132594 0.9856097684443957 32
1750948133226 0.9849288854839309 33
1750948133861 0.9882519464786543 34
1750948134493 0.9864229222251645 35
1750948135125 0.9862662123513328 36
1750948135758 0.9884671779324904 37
1750948136397 0.9896760980115478 38
1750948137032 0.9895460971165112 39
1750948137666 0.9883042593532615 40
1750948138299 0.9888560425200373 41
1750948138933 0.9880697347445266 42
1750948139568 0.9898058083579787 43
1750948140205 0.9884517284495334 44
1750948140842 0.9888675904117985 45
1750948141478 0.9902248354787933 46
1750948142116 0.9887410203853361 47
1750948142753 0.9917045751529022 48
1750948143388 0.9887235226782143 49
1750948144026 0.9918507611324519 50
1750948144664 0.9919856356152589 51
1750948145304 0.9925283144568616 52
1750948145947 0.9914450647179838 53
1750948146586 0.9915684388115894 54
1750948147231 0.9891262610794525 55
1750948147872 0.9926637861625429 56
1750948148515 0.991705474694417 57
1750948149154 0.9927969284032393 58
1750948149796 0.9941579747409873 59
1750948150439 0.9914283456307283 60
1750948151082 0.9907717778650488 61
1750948151725 0.9932093286430009 62
1750948151961 0.9932093286430009 0
1750948112573 0.6535301619391868 0
1750948151961 0.9932093286430009 0
