1750948112616 0.615599841755336 0
1750948113227 0.8278367975190145 1
1750948113847 0.902380663221448 2
1750948114467 0.9277181573722926 3
1750948115094 0.9398194801549801 4
1750948115717 0.9520726054086911 5
1750948116340 0.9542802700667973 6
1750948116964 0.9612035542036462 7
1750948117591 0.9674719555905517 8
1750948118214 0.9687019092542097 9
1750948118836 0.9727701304406643 10
1750948119461 0.9750916606535738 11
1750948120086 0.9740329538134429 12
1750948120710 0.9752404273982335 13
1750948121334 0.9755445993161601 14
1750948121959 0.9768698417963381 15
1750948122585 0.9793181096631308 16
1750948123210 0.9802785029316659 17
1750948123836 0.9823265507239511 18
1750948124463 0.9812342300825898 19
1750948125090 0.9820443386222676 20
1750948125719 0.9789289836250227 21
1750948126346 0.9809596289756063 22
1750948126974 0.9857143449966491 23
1750948127603 0.9824574467496672 24
1750948128231 0.9831456657331046 25
1750948128859 0.9847768481648693 26
1750948129488 0.9824687901874241 27
1750948130120 0.9846329403514767 28
1750948130749 0.9874908157654642 29
1750948131382 0.9854533183447306 30
1750948132015 0.9868076537897665 31
1750948132648 0.9855863300022638 32
1750948133280 0.9849096338726057 33
1750948133915 0.9881615679521075 34
1750948134546 0.9864068424803676 35
1750948135179 0.9862626285246531 36
1750948135811 0.9884502398022866 37
1750948136450 0.989664528863378 38
1750948137087 0.989526492396127 39
1750948137720 0.9883018227578423 40
1750948138354 0.9888488732641969 41
1750948138987 0.9880344471869189 42
1750948139622 0.9897987993093167 43
1750948140260 0.9884379689332764 44
1750948140896 0.9888498989222305 45
1750948141533 0.9902146473773938 46
1750948142171 0.9887235914821119 47
1750948142807 0.991702690926406 48
1750948143442 0.9887151787669223 49
1750948144081 0.9918419934596682 50
1750948144719 0.9919781025941685 51
1750948145360 0.992520000189538 52
1750948146002 0.9914359674599509 53
1750948146642 0.991566262517055 54
1750948147287 0.9891220988853094 55
1750948147928 0.9926588805183344 56
1750948148570 0.9917029632802922 57
1750948149209 0.9927933932773615 58
1750948149852 0.9941536211639531 59
1750948150494 0.9914292755778085 60
1750948151139 0.9907574998365626 61
1750948151781 0.993203332861794 62
1750948151961 0.993203332861794 0
1750948112616 0.615599841755336 0
1750948151961 0.993203332861794 0
