1750948112532 1.133048960381675 0
1750948113124 0.6842706424302712 1
1750948113743 0.4744999985635216 2
1750948114365 0.3540427812230211 3
1750948114990 0.2829102681173464 4
1750948115613 0.23305586252819596 5
1750948116236 0.1988907203289059 6
1750948116860 0.17493019113570485 7
1750948117487 0.15022273930002478 8
1750948118110 0.13083205030779066 9
1750948118732 0.12002332647198302 10
1750948119357 0.10897013900945443 11
1750948119980 0.0978446191944936 12
1750948120606 0.09241096351915916 13
1750948121230 0.08635901870516101 14
1750948121854 0.08152191858977825 15
1750948122480 0.07408516058724646 16
1750948123105 0.0697581824361143 17
1750948123732 0.06636924149065204 18
1750948124357 0.06258187489026713 19
1750948124984 0.05940052343611489 20
1750948125613 0.06062500801452226 21
1750948126241 0.0580240271507202 22
1750948126868 0.050382262454555654 23
1750948127497 0.053714059816188986 24
1750948128125 0.0513018566620525 25
1750948128753 0.04619538488719811 26
1750948129381 0.05155027590355592 27
1750948130013 0.04416986198039873 28
1750948130643 0.04085312227356745 29
1750948131273 0.04196366739902195 30
1750948131907 0.039963953982394135 31
1750948132541 0.04012144146379695 32
1750948133172 0.04383947058875718 33
1750948133807 0.03436486369304934 34
1750948134439 0.03596110068265677 35
1750948135071 0.04023781913749152 36
1750948135704 0.03347745847404895 37
1750948136342 0.03129804884747352 38
1750948136978 0.03262459820387753 39
1750948137612 0.03055805917596191 40
1750948138244 0.02862523460833678 41
1750948138879 0.033920069256548134 42
1750948139513 0.03045488172920139 43
1750948140150 0.03164035350771396 44
1750948140787 0.03180442066605774 45
1750948141423 0.029763459924697647 46
1750948142062 0.028012723051380445 47
1750948142698 0.02378349257045313 48
1750948143334 0.028178116954484057 49
1750948143971 0.02458308984665352 50
1750948144609 0.023696607816863047 51
1750948145249 0.023385603629940386 52
1750948145891 0.022061188130916155 53
1750948146531 0.021173332147102628 54
1750948147176 0.025403049570899477 55
1750948147816 0.02047787293370193 56
1750948148459 0.021977406629397695 57
1750948149098 0.018223864174578684 58
1750948149740 0.01781678846664828 59
1750948150383 0.02088418266897103 60
1750948151026 0.023514924392684832 61
1750948151669 0.019054158242628124 62
1750948151961 0.019054158242628124 0
1750948112532 1.133048960381675 0
1750948151961 0.019054158242628124 0
