1750948112552 0.6362894450489662 0
1750948113150 0.8341947769314473 1
1750948113770 0.903563656147987 2
1750948114390 0.9280467899891186 3
1750948115016 0.9400163220892275 4
1750948115640 0.9521218715995647 5
1750948116262 0.9542981501632208 6
1750948116886 0.9612350380848749 7
1750948117513 0.9674918389553863 8
1750948118136 0.9687159956474428 9
1750948118758 0.9727965179542981 10
1750948119383 0.9751088139281828 11
1750948120006 0.9740206746463548 12
1750948120632 0.9752448313384113 13
1750948121256 0.9755168661588683 14
1750948121880 0.9768770402611534 15
1750948122506 0.9793253536452666 16
1750948123131 0.9802774755168662 17
1750948123758 0.9823177366702938 18
1750948124384 0.9812295973884657 19
1750948125011 0.9820457018498367 20
1750948125640 0.9789173014145811 21
1750948126267 0.9809575625680087 22
1750948126894 0.9857181719260065 23
1750948127524 0.9824537540805223 24
1750948128152 0.9831338411316648 25
1750948128779 0.984766050054407 26
1750948129408 0.9824537540805223 27
1750948130040 0.9846300326441785 28
1750948130670 0.9874863982589771 29
1750948131300 0.9854461371055495 30
1750948131935 0.9868063112078346 31
1750948132568 0.985582154515778 32
1750948133199 0.9849020674646355 33
1750948133834 0.9881664853101197 34
1750948134466 0.9863982589771491 35
1750948135098 0.9862622415669206 36
1750948135731 0.9884385201305768 37
1750948136369 0.9896626768226333 38
1750948137005 0.9895266594124048 39
1750948137639 0.9883025027203483 40
1750948138272 0.9888465723612623 41
1750948138906 0.9880304678998912 42
1750948139541 0.9897986942328618 43
1750948140178 0.9884385201305768 44
1750948140815 0.9888465723612623 45
1750948141451 0.9902067464635473 46
1750948142089 0.9887105549510338 47
1750948142726 0.9917029379760609 48
1750948143361 0.9887105549510338 49
1750948143998 0.9918389553862894 50
1750948144637 0.9919749727965179 51
1750948145277 0.9925190424374319 52
1750948145919 0.9914309031556039 53
1750948146559 0.9915669205658324 54
1750948147204 0.9891186071817193 55
1750948147844 0.9926550598476604 56
1750948148487 0.9917029379760609 57
1750948149126 0.9927910772578891 58
1750948149768 0.9941512513601741 59
1750948150411 0.9914309031556039 60
1750948151054 0.9907508161044614 61
1750948151697 0.9931991294885746 62
1750948151961 0.9931991294885746 0
1750948112552 0.6362894450489662 0
1750948151961 0.9931991294885746 0
