1750948112594 0.6362894450489662 0
1750948113201 0.8341947769314473 1
1750948113821 0.903563656147987 2
1750948114442 0.9280467899891186 3
1750948115068 0.9400163220892275 4
1750948115691 0.9521218715995647 5
1750948116313 0.9542981501632208 6
1750948116938 0.9612350380848749 7
1750948117565 0.9674918389553863 8
1750948118188 0.9687159956474428 9
1750948118810 0.9727965179542981 10
1750948119435 0.9751088139281828 11
1750948120059 0.9740206746463548 12
1750948120684 0.9752448313384113 13
1750948121308 0.9755168661588683 14
1750948121932 0.9768770402611534 15
1750948122558 0.9793253536452666 16
1750948123184 0.9802774755168662 17
1750948123810 0.9823177366702938 18
1750948124437 0.9812295973884657 19
1750948125064 0.9820457018498367 20
1750948125693 0.9789173014145811 21
1750948126320 0.9809575625680087 22
1750948126948 0.9857181719260065 23
1750948127576 0.9824537540805223 24
1750948128205 0.9831338411316648 25
1750948128832 0.984766050054407 26
1750948129461 0.9824537540805223 27
1750948130093 0.9846300326441785 28
1750948130723 0.9874863982589771 29
1750948131355 0.9854461371055495 30
1750948131989 0.9868063112078346 31
1750948132621 0.985582154515778 32
1750948133253 0.9849020674646355 33
1750948133888 0.9881664853101197 34
1750948134520 0.9863982589771491 35
1750948135152 0.9862622415669206 36
1750948135785 0.9884385201305768 37
1750948136424 0.9896626768226333 38
1750948137059 0.9895266594124048 39
1750948137693 0.9883025027203483 40
1750948138327 0.9888465723612623 41
1750948138960 0.9880304678998912 42
1750948139595 0.9897986942328618 43
1750948140232 0.9884385201305768 44
1750948140869 0.9888465723612623 45
1750948141506 0.9902067464635473 46
1750948142143 0.9887105549510338 47
1750948142780 0.9917029379760609 48
1750948143415 0.9887105549510338 49
1750948144053 0.9918389553862894 50
1750948144692 0.9919749727965179 51
1750948145332 0.9925190424374319 52
1750948145975 0.9914309031556039 53
1750948146614 0.9915669205658324 54
1750948147259 0.9891186071817193 55
1750948147900 0.9926550598476604 56
1750948148542 0.9917029379760609 57
1750948149182 0.9927910772578891 58
1750948149824 0.9941512513601741 59
1750948150466 0.9914309031556039 60
1750948151110 0.9907508161044614 61
1750948151753 0.9931991294885746 62
1750948151961 0.9931991294885746 0
1750948112594 0.6362894450489662 0
1750948151961 0.9931991294885746 0
