1750948261870 0.8502044040858706 0
1750948262477 0.9558678659366193 1
1750948263101 0.9708545404632785 2
1750948263722 0.9763295292181069 3
1750948264348 0.9794476534188028 4
1750948264979 0.9822091245458238 5
1750948265612 0.9839542571128967 6
1750948266243 0.9854462637511829 7
1750948266875 0.9877584330794341 8
1750948267503 0.9898003255468132 9
1750948268130 0.9906247606465234 10
1750948268757 0.9900771990591064 11
1750948269386 0.9923830250272034 12
1750948270017 0.9926550598476604 13
1750948270648 0.992929580312367 14
1750948271279 0.9938824507818717 15
1750948271913 0.994698465200094 16
1750948272545 0.9942872687704026 17
1750948273175 0.9959194776931447 18
1750948273806 0.9948334441298387 19
1750948274440 0.9972809945719529 20
1750948275075 0.9946952882837768 21
1750948275708 0.9953765193846287 22
1750948276342 0.996464132485165 23
1750948276977 0.9961921030315762 24
1750948277612 0.9968735146950284 25
1750948278247 0.9955122000389701 26
1750948278885 0.9980960666638444 27
1750948279519 0.999727965179543 28
1750948280154 0.9978306260202806 29
1750948280792 0.9980957562568009 30
1750948281431 0.9993202846059179 31
1750948282066 0.9971447969271691 32
1750948282705 0.9970078707204133 33
1750948283344 0.9986398258977149 34
1750948283981 0.9987785372912062 35
1750948284619 0.9998640815115244 36
1750948285255 0.9987759754727158 37
1750948285895 0.9980957562568009 38
1750948286534 0.9980962562574216 39
1750948287174 0.9964655052828598 40
1750948287814 0.9986398258977149 41
1750948288455 0.9987759145162091 42
1750948289095 0.9993199980138667 43
1750948289735 0.9995920600747327 44
1750948290376 0.998911860718172 45
1750948291018 0.9982318310185515 46
1750948291661 0.9979655636752637 47
1750948292304 0.9982333455600738 48
1750948292949 0.9987768498044067 49
1750948293592 0.9994563657044541 50
1750948294236 0.9994563115931335 51
1750948294880 0.9995920600747327 52
1750948295527 0.9986398258977149 53
1750948296172 0.9976878626700268 54
1750948296820 0.9979597892697226 55
1750948297464 0.9979597892697226 56
1750948298109 0.9985046106455305 57
1750948298758 0.9993199980138667 58
1750948299404 0.999047956265038 59
1750948300052 0.9989125202017491 60
1750948300701 0.9978249288398318 61
1750948301349 0.9991843438150475 62
1750948301999 0.999183895538629 63
1750948302648 0.9993199980138667 64
1750948303299 0.9995920397626955 65
1750948303950 0.998368278146828 66
1750948304599 0.9991850019762921 67
1750948305251 0.9980970033943976 68
1750948305902 0.9995920397626955 69
1750948306552 0.998911860718172 70
1750948307206 1.0 71
1750948307857 0.9983681156497023 72
1750948308508 0.9995920397626955 73
1750948309161 0.997824234368015 74
1750948309814 0.9979620160711321 75
1750948310468 0.9994575096613818 76
1750948311123 0.9987759214445809 77
1750948311781 0.999727965179543 78
1750948312442 0.9985040463378924 79
1750948313099 0.999864088275405 80
1750948313755 1.0 81
1750948314411 0.9993199980138667 82
1750948315068 0.999183895538629 83
1750948315724 0.997960497582298 84
1750948316383 0.9982319190713714 85
1750948317040 0.999592897464188 86
1750948317698 0.9986403000362345 87
1750948318355 0.999455930359086 88
1750948319013 0.9998640815115244 89
1750948319672 1.0 90
1750948320329 1.0 91
1750948320991 1.0 92
1750948321655 1.0 93
1750948322317 1.0 94
1750948322978 0.9961970526097987 95
1750948323641 0.9971439725485787 96
1750948324303 0.9978242169984021 97
1750948324967 0.997960329617905 98
1750948325633 0.9989122136214179 99
1750948325880 0.9989122136214179 0
1750948261870 0.8502044040858706 0
1750948325880 0.9989122136214179 0
