1750948261891 0.8490206746463548 0
1750948262502 0.955930359085963 1
1750948263126 0.970892274211099 2
1750948263747 0.9763329706202394 3
1750948264373 0.9794613710554951 4
1750948265004 0.9821817192600653 5
1750948265637 0.983949945593036 6
1750948266269 0.9854461371055495 7
1750948266900 0.9877584330794341 8
1750948267528 0.9897986942328618 9
1750948268156 0.9906147986942329 10
1750948268783 0.9900707290533188 11
1750948269412 0.9923830250272034 12
1750948270043 0.9926550598476604 13
1750948270673 0.9929270946681176 14
1750948271305 0.9938792165397171 15
1750948271939 0.9946953210010882 16
1750948272571 0.9942872687704026 17
1750948273202 0.9959194776931447 18
1750948273833 0.9948313384113167 19
1750948274467 0.9972796517954298 20
1750948275101 0.9946953210010882 21
1750948275734 0.9953754080522307 22
1750948276369 0.9964635473340587 23
1750948277003 0.9961915125136017 24
1750948277639 0.9968715995647442 25
1750948278274 0.9955114254624592 26
1750948278911 0.9980957562568009 27
1750948279546 0.999727965179543 28
1750948280181 0.9978237214363439 29
1750948280819 0.9980957562568009 30
1750948281457 0.9993199129488575 31
1750948282093 0.9971436343852013 32
1750948282732 0.9970076169749728 33
1750948283371 0.9986398258977149 34
1750948284008 0.9987758433079434 35
1750948284645 0.9998639825897715 36
1750948285282 0.9987758433079434 37
1750948285922 0.9980957562568009 38
1750948286561 0.9980957562568009 39
1750948287200 0.9964635473340587 40
1750948287840 0.9986398258977149 41
1750948288482 0.9987758433079434 42
1750948289122 0.9993199129488575 43
1750948289763 0.9995919477693145 44
1750948290403 0.998911860718172 45
1750948291046 0.9982317736670294 46
1750948291689 0.9979597388465724 47
1750948292332 0.9982317736670294 48
1750948292976 0.9987758433079434 49
1750948293619 0.999455930359086 50
1750948294264 0.999455930359086 51
1750948294908 0.9995919477693145 52
1750948295555 0.9986398258977149 53
1750948296199 0.9976877040261154 54
1750948296847 0.9979597388465724 55
1750948297492 0.9979597388465724 56
1750948298136 0.9985038084874864 57
1750948298786 0.9993199129488575 58
1750948299433 0.9990478781284005 59
1750948300081 0.998911860718172 60
1750948300729 0.9978237214363439 61
1750948301377 0.999183895538629 62
1750948302027 0.999183895538629 63
1750948302677 0.9993199129488575 64
1750948303327 0.9995919477693145 65
1750948303978 0.9983677910772579 66
1750948304628 0.999183895538629 67
1750948305279 0.9980957562568009 68
1750948305929 0.9995919477693145 69
1750948306580 0.998911860718172 70
1750948307234 1.0 71
1750948307885 0.9983677910772579 72
1750948308536 0.9995919477693145 73
1750948309190 0.9978237214363439 74
1750948309842 0.9979597388465724 75
1750948310497 0.999455930359086 76
1750948311151 0.9987758433079434 77
1750948311810 0.999727965179543 78
1750948312471 0.9985038084874864 79
1750948313127 0.9998639825897715 80
1750948313784 1.0 81
1750948314440 0.9993199129488575 82
1750948315097 0.999183895538629 83
1750948315753 0.9979597388465724 84
1750948316411 0.9982317736670294 85
1750948317069 0.9995919477693145 86
1750948317727 0.9986398258977149 87
1750948318384 0.999455930359086 88
1750948319042 0.9998639825897715 89
1750948319701 1.0 90
1750948320359 1.0 91
1750948321020 1.0 92
1750948321684 1.0 93
1750948322346 1.0 94
1750948323008 0.9961915125136017 95
1750948323671 0.9971436343852013 96
1750948324333 0.9978237214363439 97
1750948324997 0.9979597388465724 98
1750948325663 0.998911860718172 99
1750948325880 0.998911860718172 0
1750948261891 0.8490206746463548 0
1750948325880 0.998911860718172 0
