1750948261829 0.614385112520141 0
1750948262424 0.17872205527420273 1
1750948263049 0.10378216536182573 2
1750948263670 0.07795843327168671 3
1750948264296 0.06416835272289464 4
1750948264927 0.05153312701914334 5
1750948265560 0.04721314684002457 6
1750948266191 0.04169236352997584 7
1750948266822 0.03682817877660444 8
1750948267451 0.0319989567127999 9
1750948268078 0.030445392803472422 10
1750948268706 0.029133936412575716 11
1750948269334 0.0261913568462459 12
1750948269964 0.023295987477491613 13
1750948270595 0.02177951689475136 14
1750948271227 0.019877947101793105 15
1750948271860 0.01723456826447119 16
1750948272492 0.01913000482020006 17
1750948273123 0.014870624096458118 18
1750948273754 0.015020741566167424 19
1750948274387 0.011179601214978118 20
1750948275022 0.01701672977369615 21
1750948275654 0.015160384819254085 22
1750948276289 0.014116889134635166 23
1750948276924 0.013129242729563853 24
1750948277560 0.011815725143829623 25
1750948278194 0.012517470874295644 26
1750948278830 0.007205075846191483 27
1750948279466 0.004767177985237265 28
1750948280101 0.007895619867767802 29
1750948280738 0.008253401454555335 30
1750948281377 0.005319620124573624 31
1750948282013 0.0091910502347402 32
1750948282651 0.008981078646211126 33
1750948283290 0.005549721606864322 34
1750948283927 0.004695921402440535 35
1750948284565 0.0023831707715250396 36
1750948285201 0.004453761059623257 37
1750948285841 0.005901330811881346 38
1750948286480 0.0062715673844646195 39
1750948287119 0.009970042300561314 40
1750948287759 0.005041932430549274 41
1750948288401 0.005460403094285925 42
1750948289040 0.0033734891765638962 43
1750948289682 0.0019380654507966876 44
1750948290321 0.005051253719259888 45
1750948290963 0.006971572144773446 46
1750948291607 0.006709383822477426 47
1750948292249 0.005895246955998327 48
1750948292893 0.005902857536122444 49
1750948293537 0.0031662161333084367 50
1750948294182 0.003592032738572384 51
1750948294825 0.001938651888111279 52
1750948295471 0.0040580458924096025 53
1750948296117 0.006224398508311226 54
1750948296761 0.006586238086167612 55
1750948297409 0.0065509727135971 56
1750948298054 0.005554662591982197 57
1750948298703 0.0032242113026904077 58
1750948299349 0.002706417132831081 59
1750948299996 0.004236171122384992 60
1750948300646 0.006510846217342027 61
1750948301293 0.003811399903228472 62
1750948301943 0.002814713660532913 63
1750948302592 0.0029975922751456796 64
1750948303242 0.0022966002150979887 65
1750948303893 0.005182939463146705 66
1750948304543 0.0036803795185092873 67
1750948305194 0.0070362346217956425 68
1750948305845 0.003711361560911767 69
1750948306495 0.0037222154199252015 70
1750948307150 0.0011260865967207328 71
1750948307801 0.004307527610651086 72
1750948308451 0.0032251537465543606 73
1750948309104 0.006134929849119007 74
1750948309756 0.006967138319838208 75
1750948310410 0.003168089949079423 76
1750948311065 0.005594529172599921 77
1750948311724 0.002709616155007533 78
1750948312385 0.005826612082367659 79
1750948313041 0.0016709755709262055 80
1750948313697 0.0007674965305970597 81
1750948314353 0.0018683525366874963 82
1750948315010 0.0031858028878510225 83
1750948315666 0.005879667180504699 84
1750948316325 0.006052438175267785 85
1750948316982 0.0023741325276522007 86
1750948317639 0.0037832035469869915 87
1750948318297 0.0018422016153168805 88
1750948318955 0.0010952989161031024 89
1750948319614 0.0006419661551126262 90
1750948320272 0.00042462768163385706 91
1750948320933 0.00022732763970231959 92
1750948321596 0.00024250055051141294 93
1750948322258 0.0008357381861608546 94
1750948322919 0.012017095120436163 95
1750948323582 0.010555624882617137 96
1750948324245 0.006470938555986729 97
1750948324908 0.00551831715222665 98
1750948325573 0.003402569096331686 99
1750948325880 0.003402569096331686 0
1750948261829 0.614385112520141 0
1750948325880 0.003402569096331686 0
