1750948261849 0.8490206746463548 0
1750948262450 0.955930359085963 1
1750948263075 0.970892274211099 2
1750948263696 0.9763329706202394 3
1750948264322 0.9794613710554951 4
1750948264953 0.9821817192600653 5
1750948265586 0.983949945593036 6
1750948266217 0.9854461371055495 7
1750948266849 0.9877584330794341 8
1750948267477 0.9897986942328618 9
1750948268104 0.9906147986942329 10
1750948268731 0.9900707290533188 11
1750948269360 0.9923830250272034 12
1750948269991 0.9926550598476604 13
1750948270621 0.9929270946681176 14
1750948271253 0.9938792165397171 15
1750948271887 0.9946953210010882 16
1750948272518 0.9942872687704026 17
1750948273149 0.9959194776931447 18
1750948273780 0.9948313384113167 19
1750948274414 0.9972796517954298 20
1750948275049 0.9946953210010882 21
1750948275681 0.9953754080522307 22
1750948276316 0.9964635473340587 23
1750948276951 0.9961915125136017 24
1750948277586 0.9968715995647442 25
1750948278221 0.9955114254624592 26
1750948278858 0.9980957562568009 27
1750948279493 0.999727965179543 28
1750948280128 0.9978237214363439 29
1750948280765 0.9980957562568009 30
1750948281403 0.9993199129488575 31
1750948282040 0.9971436343852013 32
1750948282678 0.9970076169749728 33
1750948283317 0.9986398258977149 34
1750948283954 0.9987758433079434 35
1750948284592 0.9998639825897715 36
1750948285228 0.9987758433079434 37
1750948285868 0.9980957562568009 38
1750948286507 0.9980957562568009 39
1750948287146 0.9964635473340587 40
1750948287786 0.9986398258977149 41
1750948288428 0.9987758433079434 42
1750948289068 0.9993199129488575 43
1750948289709 0.9995919477693145 44
1750948290349 0.998911860718172 45
1750948290991 0.9982317736670294 46
1750948291634 0.9979597388465724 47
1750948292277 0.9982317736670294 48
1750948292921 0.9987758433079434 49
1750948293564 0.999455930359086 50
1750948294209 0.999455930359086 51
1750948294853 0.9995919477693145 52
1750948295499 0.9986398258977149 53
1750948296144 0.9976877040261154 54
1750948296790 0.9979597388465724 55
1750948297437 0.9979597388465724 56
1750948298081 0.9985038084874864 57
1750948298730 0.9993199129488575 58
1750948299377 0.9990478781284005 59
1750948300024 0.998911860718172 60
1750948300674 0.9978237214363439 61
1750948301321 0.999183895538629 62
1750948301971 0.999183895538629 63
1750948302620 0.9993199129488575 64
1750948303271 0.9995919477693145 65
1750948303921 0.9983677910772579 66
1750948304571 0.999183895538629 67
1750948305223 0.9980957562568009 68
1750948305873 0.9995919477693145 69
1750948306524 0.998911860718172 70
1750948307178 1.0 71
1750948307829 0.9983677910772579 72
1750948308480 0.9995919477693145 73
1750948309133 0.9978237214363439 74
1750948309785 0.9979597388465724 75
1750948310439 0.999455930359086 76
1750948311094 0.9987758433079434 77
1750948311753 0.999727965179543 78
1750948312414 0.9985038084874864 79
1750948313070 0.9998639825897715 80
1750948313726 1.0 81
1750948314382 0.9993199129488575 82
1750948315039 0.999183895538629 83
1750948315696 0.9979597388465724 84
1750948316354 0.9982317736670294 85
1750948317011 0.9995919477693145 86
1750948317669 0.9986398258977149 87
1750948318326 0.999455930359086 88
1750948318984 0.9998639825897715 89
1750948319643 1.0 90
1750948320301 1.0 91
1750948320962 1.0 92
1750948321625 1.0 93
1750948322288 1.0 94
1750948322949 0.9961915125136017 95
1750948323612 0.9971436343852013 96
1750948324274 0.9978237214363439 97
1750948324938 0.9979597388465724 98
1750948325604 0.998911860718172 99
1750948325880 0.998911860718172 0
1750948261849 0.8490206746463548 0
1750948325880 0.998911860718172 0
