1750948261913 0.8466116045886469 0
1750948262528 0.9558235886522068 1
1750948263152 0.9708645480315518 2
1750948263772 0.9763272850047329 3
1750948264399 0.9794524313245586 4
1750948265030 0.9821844788455762 5
1750948265663 0.9839508151537861 6
1750948266294 0.9854461410343749 7
1750948266926 0.9877584330794341 8
1750948267554 0.9897990622570499 9
1750948268182 0.9906157426098169 10
1750948268809 0.9900715254694409 11
1750948269439 0.9923830250272034 12
1750948270069 0.9926550598476604 13
1750948270699 0.9929265301779764 14
1750948271331 0.9938795758874307 15
1750948271966 0.9946956324357732 16
1750948272596 0.9942872687704026 17
1750948273228 0.9959194776931447 18
1750948273859 0.9948315841012768 19
1750948274493 0.9972795101414219 20
1750948275128 0.9946952542017286 21
1750948275761 0.9953753540409521 22
1750948276395 0.9964633386785314 23
1750948277030 0.9961916051905884 24
1750948277665 0.9968716811303077 25
1750948278301 0.9955111996763666 26
1750948278937 0.9980957077581983 27
1750948279572 0.999727965179543 28
1750948280207 0.9978239184626383 29
1750948280846 0.9980957562568009 30
1750948281484 0.9993197378592829 31
1750948282120 0.997144165273845 32
1750948282759 0.997007540762883 33
1750948283397 0.9986398258977149 34
1750948284035 0.9987759151774862 35
1750948284672 0.9998639808769674 36
1750948285309 0.9987758583760199 37
1750948285950 0.9980957562568009 38
1750948286588 0.9980958025952942 39
1750948287228 0.9964637154377158 40
1750948287868 0.9986398258977149 41
1750948288509 0.9987758278927066 42
1750948289149 0.999319904384837 43
1750948289789 0.9995919527920066 44
1750948290430 0.998911860718172 45
1750948291073 0.9982317514005762 46
1750948291716 0.9979599590300074 47
1750948292359 0.9982316818946609 48
1750948293004 0.998775887470846 49
1750948293646 0.9994559435986555 50
1750948294292 0.9994559165023423 51
1750948294935 0.9995919527920066 52
1750948295583 0.9986398258977149 53
1750948296227 0.9976877324880378 54
1750948296875 0.997959713154511 55
1750948297520 0.997959713154511 56
1750948298164 0.998503750691838 57
1750948298814 0.999319904384837 58
1750948299461 0.9990478661387717 59
1750948300109 0.9989119862631597 60
1750948300757 0.9978241713831412 61
1750948301405 0.9991839153979831 62
1750948302056 0.999183895538629 63
1750948302704 0.999319904384837 64
1750948303354 0.9995919426309022 65
1750948304006 0.9983678307959666 66
1750948304656 0.9991839228375783 67
1750948305307 0.9980958589031311 68
1750948305957 0.9995919426309022 69
1750948306608 0.998911860718172 70
1750948307262 1.0 71
1750948307913 0.9983677495070271 72
1750948308565 0.9995919426309022 73
1750948309218 0.9978237743946219 74
1750948309870 0.9979596045989404 75
1750948310526 0.9994559020282844 76
1750948311182 0.9987758313183147 77
1750948311838 0.999727965179543 78
1750948312500 0.9985038764189171 79
1750948313156 0.9998639842640021 80
1750948313812 1.0 81
1750948314469 0.999319904384837 82
1750948315126 0.999183895538629 83
1750948315782 0.9979596600343248 84
1750948316440 0.9982317954320288 85
1750948317098 0.999591962490282 86
1750948317755 0.9986398589966387 87
1750948318413 0.999455930359086 88
1750948319071 0.9998639808769674 89
1750948319729 1.0 90
1750948320388 1.0 91
1750948321049 1.0 92
1750948321713 1.0 93
1750948322375 1.0 94
1750948323037 0.9961917364865535 95
1750948323700 0.9971436151746513 96
1750948324362 0.9978238521918908 97
1750948325027 0.9979598064932965 98
1750948325692 0.9989118330046848 99
1750948325880 0.9989118330046848 0
1750948261913 0.8466116045886469 0
1750948325880 0.9989118330046848 0
