1750857049584 0.644002130380303 0
1750857050180 0.8586367415840054 1
1750857050792 0.9117539087927621 2
1750857051399 0.9352078473783614 3
1750857052006 0.9488081763474141 4
1750857052614 0.957862533775955 5
1750857053225 0.9607483986307149 6
1750857053831 0.9677037288678327 7
1750857054439 0.9714942182215653 8
1750857055050 0.9713694896362164 9
1750857055661 0.9759073514425389 10
1750857056270 0.97550432899226 11
1750857056881 0.9786238151255457 12
1750857057490 0.9797366964644295 13
1750857058101 0.9829923395958723 14
1750857058713 0.9832764529711661 15
1750857059322 0.9821724061600204 16
1750857059934 0.9851782669731162 17
1750857060548 0.987212319199209 18
1750857061167 0.9874848011389351 19
1750857061781 0.9870964864765274 20
1750857062393 0.9873511866359006 21
1750857063008 0.9891289381629105 22
1750857063620 0.98912267490547 23
1750857064234 0.9899413194578042 24
1750857064848 0.9906116673301529 25
1750857065464 0.9906179203275228 26
1750857066080 0.9914322748802202 27
1750857066703 0.9917030603878124 28
1750857067328 0.9918336579642026 29
1750857067944 0.9921153822383517 30
1750857068560 0.9937441575516307 31
1750857069176 0.9927971486453865 32
1750857069792 0.9923840481033945 33
1750857070412 0.992793482020052 34
1750857071029 0.9941525797323132 35
1750857071645 0.9926629997501224 36
1750857072264 0.9946966115055006 37
1750857072879 0.9945593035908596 38
1750857073497 0.995239686040671 39
1750857074119 0.9940159279163243 40
1750857074738 0.9960610881489226 41
1750857075356 0.9951054543220088 42
1750857075979 0.9952424748122424 43
1750857076597 0.9956547020429608 44
1750857077221 0.9957840453293677 45
1750857077842 0.9960566909384693 46
1750857078464 0.9966002149242165 47
1750857079083 0.9960644875225941 48
1750857079705 0.9960584892304648 49
1750857080332 0.9964635473340587 50
1750857080955 0.9968745036486871 51
1750857081577 0.9975516866158868 52
1750857082201 0.9974157057720651 53
1750857082827 0.996463326895515 54
1750857083451 0.9974148131578104 55
1750857084078 0.997824234368015 56
1750857084701 0.9983677910772579 57
1750857085325 0.9983677910772579 58
1750857085952 0.9975519719054318 59
1750857086577 0.9986398258977149 60
1750857087213 0.9985038727673803 61
1750857087841 0.9982340886207534 62
1750857088468 0.9990480036733882 63
1750857089093 0.9986432817748498 64
1750857089725 0.9987768498044067 65
1750857090354 0.999047956265038 66
1750857090988 0.9983695766280514 67
1750857091617 0.9985039472720437 68
1750857092248 0.9990480036733882 69
1750857092881 0.9985038727673803 70
1750857093513 0.9986398258977149 71
1750857094144 0.9985061611703747 72
1750857094775 0.9993200318740603 73
1750857095410 0.999183895538629 74
1750857096045 0.99864016463556 75
1750857096679 0.9989122136214179 76
1750857097323 0.99864016463556 77
1750857097960 0.9991842626072757 78
1750857098597 0.9994563657044541 79
1750857099236 0.999183895538629 80
1750857099875 0.9993199980138667 81
1750857100514 0.9987766671771469 82
1750857101152 0.999048437258454 83
1750857101796 0.9989123219256411 84
1750857102441 0.9997283875938604 85
1750857103079 0.9987759754727158 86
1750857103717 0.9994563115931335 87
1750857104358 0.9998640815115244 88
1750857105000 0.9986403000362345 89
1750857049584 0.644002130380303 0
