1750857049604 0.6206474428726877 0
1750857050205 0.8535092491838956 1
1750857050817 0.9098204570184983 2
1750857051423 0.9347116430903155 3
1750857052031 0.9488574537540805 4
1750857052639 0.9578346028291621 5
1750857053250 0.9608269858541894 6
1750857053855 0.9677638737758433 7
1750857054463 0.9715723612622416 8
1750857055075 0.971436343852013 9
1750857055686 0.9759249183895539 10
1750857056294 0.9755168661588683 11
1750857056906 0.9786452665941241 12
1750857057515 0.9797334058759521 13
1750857058126 0.9829978237214363 14
1750857058738 0.9832698585418934 15
1750857059348 0.9821817192600653 16
1750857059960 0.9851741022850925 17
1750857060577 0.9872143634385201 18
1750857061192 0.9874863982589771 19
1750857061806 0.9870783460282916 20
1750857062418 0.9873503808487486 21
1750857063033 0.9891186071817193 22
1750857063645 0.9891186071817193 23
1750857064260 0.9899347116430903 24
1750857064873 0.9906147986942329 25
1750857065490 0.9906147986942329 26
1750857066106 0.9914309031556039 27
1750857066729 0.9917029379760609 28
1750857067354 0.9918389553862894 29
1750857067969 0.9921109902067464 30
1750857068585 0.9937431991294886 31
1750857069202 0.9927910772578891 32
1750857069818 0.9923830250272034 33
1750857070437 0.9927910772578891 34
1750857071054 0.9941512513601741 35
1750857071671 0.9926550598476604 36
1750857072290 0.9946953210010882 37
1750857072905 0.9945593035908596 38
1750857073523 0.9952393906420022 39
1750857074145 0.9940152339499456 40
1750857074764 0.9960554951033732 41
1750857075382 0.9951033732317737 42
1750857076005 0.9952393906420022 43
1750857076623 0.9956474428726877 44
1750857077248 0.9957834602829162 45
1750857077868 0.9960554951033732 46
1750857078490 0.9965995647442872 47
1750857079111 0.9960554951033732 48
1750857079732 0.9960554951033732 49
1750857080358 0.9964635473340587 50
1750857080982 0.9968715995647442 51
1750857081604 0.9975516866158868 52
1750857082227 0.9974156692056583 53
1750857082853 0.9964635473340587 54
1750857083478 0.9974156692056583 55
1750857084104 0.9978237214363439 56
1750857084726 0.9983677910772579 57
1750857085352 0.9983677910772579 58
1750857085979 0.9975516866158868 59
1750857086603 0.9986398258977149 60
1750857087240 0.9985038084874864 61
1750857087868 0.9982317736670294 62
1750857088494 0.9990478781284005 63
1750857089120 0.9986398258977149 64
1750857089752 0.9987758433079434 65
1750857090381 0.9990478781284005 66
1750857091015 0.9983677910772579 67
1750857091644 0.9985038084874864 68
1750857092275 0.9990478781284005 69
1750857092909 0.9985038084874864 70
1750857093540 0.9986398258977149 71
1750857094171 0.9985038084874864 72
1750857094803 0.9993199129488575 73
1750857095437 0.999183895538629 74
1750857096072 0.9986398258977149 75
1750857096707 0.998911860718172 76
1750857097351 0.9986398258977149 77
1750857097987 0.999183895538629 78
1750857098625 0.999455930359086 79
1750857099263 0.999183895538629 80
1750857099902 0.9993199129488575 81
1750857100542 0.9987758433079434 82
1750857101180 0.9990478781284005 83
1750857101824 0.998911860718172 84
1750857102469 0.999727965179543 85
1750857103106 0.9987758433079434 86
1750857103745 0.999455930359086 87
1750857104387 0.9998639825897715 88
1750857105029 0.9986398258977149 89
1750857049604 0.6206474428726877 0
