1750857049625 0.6132161568809102 0
1750857050230 0.8478887279676381 1
1750857050842 0.9083692529921974 2
1750857051447 0.9340417538332093 3
1750857052055 0.9486433285534789 4
1750857052663 0.9577106823816668 5
1750857053274 0.9607351928359168 6
1750857053880 0.9677141085733948 7
1750857054488 0.9715228762180401 8
1750857055100 0.9713940939601668 9
1750857055711 0.9759122115692944 10
1750857056320 0.9755067889119121 11
1750857056931 0.9786332125101441 12
1750857057540 0.9797342654631102 13
1750857058151 0.9829944812160598 14
1750857058763 0.9832730470160261 15
1750857059373 0.982176393461999 16
1750857059985 0.9851749567341004 17
1750857060603 0.9872126383711292 18
1750857061217 0.9874847649905544 19
1750857061831 0.987078202919908 20
1750857062444 0.987349548513431 21
1750857063057 0.9891196918254885 22
1750857063670 0.989120533439477 23
1750857064285 0.9899355108232157 24
1750857064898 0.9906131744150211 25
1750857065515 0.9906139154999176 26
1750857066131 0.99143033931555 27
1750857066756 0.9917027328889104 28
1750857067380 0.9918359176484352 29
1750857067995 0.9921120770650302 30
1750857068611 0.9937428733252703 31
1750857069227 0.9927916554778132 32
1750857069844 0.9923831588726201 33
1750857070463 0.9927914173940282 34
1750857071080 0.9941514623607085 35
1750857071696 0.9926556214952378 36
1750857072316 0.994695512373666 37
1750857072932 0.9945593035908596 38
1750857073549 0.9952392767885071 39
1750857074170 0.9940153795852102 40
1750857074790 0.99605581148786 41
1750857075409 0.9951036059906833 42
1750857076031 0.9952396701346684 43
1750857076649 0.9956478369252766 44
1750857077273 0.9957832974042712 45
1750857077894 0.9960556374060593 46
1750857078516 0.9965994333905414 47
1750857079137 0.9960558918215171 48
1750857079758 0.9960557266830109 49
1750857080385 0.9964635473340587 50
1750857081007 0.9968717832313534 51
1750857081630 0.9975516866158868 52
1750857082253 0.9974156366623805 53
1750857082879 0.9964630872453494 54
1750857083504 0.9974151907725252 55
1750857084131 0.9978237743946219 56
1750857084752 0.9983677910772579 57
1750857085378 0.9983677910772579 58
1750857086005 0.9975517122492941 59
1750857086629 0.9986398258977149 60
1750857087267 0.9985037896466413 61
1750857087894 0.9982316573190818 62
1750857088521 0.9990478898480155 63
1750857089147 0.9986397173419186 64
1750857089779 0.998775887470846 65
1750857090408 0.9990478661387717 66
1750857091042 0.998367868663561 67
1750857091671 0.9985038269040244 68
1750857092303 0.9990478898480155 69
1750857092936 0.9985037896466413 70
1750857093567 0.9986398258977149 71
1750857094199 0.998503710039223 72
1750857094831 0.9993199213200111 73
1750857095465 0.999183895538629 74
1750857096099 0.9986397912558559 75
1750857096734 0.9989118330046848 76
1750857097378 0.9986397912558559 77
1750857098015 0.9991838747535136 78
1750857098652 0.9994559435986555 79
1750857099291 0.999183895538629 80
1750857099930 0.999319904384837 81
1750857100571 0.9987757960205947 82
1750857101208 0.9990478912077909 83
1750857101853 0.998911887197311 84
1750857102496 0.9997279717993277 85
1750857103135 0.9987758583760199 86
1750857103772 0.9994559165023423 87
1750857104415 0.9998639808769674 88
1750857105057 0.9986398589966387 89
1750857049625 0.6132161568809102 0
