1750857049563 0.6206474428726877 0
1750857050155 0.8535092491838956 1
1750857050768 0.9098204570184983 2
1750857051375 0.9347116430903155 3
1750857051981 0.9488574537540805 4
1750857052589 0.9578346028291621 5
1750857053200 0.9608269858541894 6
1750857053806 0.9677638737758433 7
1750857054414 0.9715723612622416 8
1750857055025 0.971436343852013 9
1750857055636 0.9759249183895539 10
1750857056244 0.9755168661588683 11
1750857056856 0.9786452665941241 12
1750857057465 0.9797334058759521 13
1750857058077 0.9829978237214363 14
1750857058688 0.9832698585418934 15
1750857059297 0.9821817192600653 16
1750857059909 0.9851741022850925 17
1750857060523 0.9872143634385201 18
1750857061142 0.9874863982589771 19
1750857061755 0.9870783460282916 20
1750857062368 0.9873503808487486 21
1750857062983 0.9891186071817193 22
1750857063594 0.9891186071817193 23
1750857064208 0.9899347116430903 24
1750857064822 0.9906147986942329 25
1750857065438 0.9906147986942329 26
1750857066055 0.9914309031556039 27
1750857066677 0.9917029379760609 28
1750857067302 0.9918389553862894 29
1750857067918 0.9921109902067464 30
1750857068535 0.9937431991294886 31
1750857069150 0.9927910772578891 32
1750857069767 0.9923830250272034 33
1750857070386 0.9927910772578891 34
1750857071003 0.9941512513601741 35
1750857071619 0.9926550598476604 36
1750857072238 0.9946953210010882 37
1750857072854 0.9945593035908596 38
1750857073471 0.9952393906420022 39
1750857074092 0.9940152339499456 40
1750857074712 0.9960554951033732 41
1750857075330 0.9951033732317737 42
1750857075953 0.9952393906420022 43
1750857076571 0.9956474428726877 44
1750857077195 0.9957834602829162 45
1750857077816 0.9960554951033732 46
1750857078438 0.9965995647442872 47
1750857079057 0.9960554951033732 48
1750857079679 0.9960554951033732 49
1750857080305 0.9964635473340587 50
1750857080928 0.9968715995647442 51
1750857081551 0.9975516866158868 52
1750857082175 0.9974156692056583 53
1750857082801 0.9964635473340587 54
1750857083425 0.9974156692056583 55
1750857084051 0.9978237214363439 56
1750857084674 0.9983677910772579 57
1750857085298 0.9983677910772579 58
1750857085925 0.9975516866158868 59
1750857086550 0.9986398258977149 60
1750857087186 0.9985038084874864 61
1750857087814 0.9982317736670294 62
1750857088441 0.9990478781284005 63
1750857089067 0.9986398258977149 64
1750857089698 0.9987758433079434 65
1750857090327 0.9990478781284005 66
1750857090961 0.9983677910772579 67
1750857091590 0.9985038084874864 68
1750857092220 0.9990478781284005 69
1750857092854 0.9985038084874864 70
1750857093486 0.9986398258977149 71
1750857094117 0.9985038084874864 72
1750857094748 0.9993199129488575 73
1750857095382 0.999183895538629 74
1750857096017 0.9986398258977149 75
1750857096652 0.998911860718172 76
1750857097295 0.9986398258977149 77
1750857097932 0.999183895538629 78
1750857098569 0.999455930359086 79
1750857099209 0.999183895538629 80
1750857099847 0.9993199129488575 81
1750857100486 0.9987758433079434 82
1750857101125 0.9990478781284005 83
1750857101767 0.998911860718172 84
1750857102413 0.999727965179543 85
1750857103051 0.9987758433079434 86
1750857103689 0.999455930359086 87
1750857104330 0.9998639825897715 88
1750857104971 0.9986398258977149 89
1750857049563 0.6206474428726877 0
