1750857049543 1.3667762381986384 0
1750857050130 0.8642973225965075 1
1750857050743 0.594431861894564 2
1750857051349 0.4328335030359075 3
1750857051956 0.33477850272943455 4
1750857052564 0.266529787060226 5
1750857053175 0.22144951193843754 6
1750857053782 0.18542752076868652 7
1750857054389 0.1608916952865557 8
1750857054999 0.14123957363383943 9
1750857055610 0.12386136652011996 10
1750857056219 0.10881582286788538 11
1750857056830 0.09990409939216452 12
1750857057440 0.0899041511029232 13
1750857058052 0.08178465909874867 14
1750857058663 0.07453557257099691 15
1750857059272 0.07122616701322619 16
1750857059884 0.06506278562451732 17
1750857060497 0.06075963907357269 18
1750857061117 0.05554838121845362 19
1750857061730 0.05262870686503697 20
1750857062342 0.0497881752014225 21
1750857062958 0.044823509536610594 22
1750857063568 0.042720506737926836 23
1750857064183 0.03998931143655805 24
1750857064796 0.03876890509436971 25
1750857065412 0.03634299033841319 26
1750857066029 0.03473376523666854 27
1750857066651 0.03358455661631577 28
1750857067276 0.03275359808279848 29
1750857067893 0.02940051391684289 30
1750857068509 0.02726052032015464 31
1750857069124 0.026345673687066945 32
1750857069741 0.0272184361463516 33
1750857070359 0.0260314820182304 34
1750857070977 0.023064660055358146 35
1750857071594 0.023853018272858646 36
1750857072212 0.021149910794889253 37
1750857072828 0.02028616374790247 38
1750857073445 0.018727115717218933 39
1750857074065 0.019720426748453014 40
1750857074686 0.018292243658312647 41
1750857075304 0.018711399292559144 42
1750857075927 0.01676574794897836 43
1750857076544 0.015518343875689332 44
1750857077169 0.015562072850792173 45
1750857077790 0.014760564646852872 46
1750857078411 0.01452266268196016 47
1750857079031 0.013617103692890025 48
1750857079653 0.01326872268362301 49
1750857080278 0.012211641013496621 50
1750857080902 0.011825202776258963 51
1750857081524 0.01044778743737516 52
1750857082148 0.011344871640188155 53
1750857082774 0.011666490628978924 54
1750857083397 0.009763023571437579 55
1750857084024 0.009066985758306242 56
1750857084647 0.008962848933131897 57
1750857085272 0.008280147766310345 58
1750857085898 0.008913623761275217 59
1750857086523 0.007624105463955669 60
1750857087160 0.007631629243441396 61
1750857087786 0.00789362926026492 62
1750857088414 0.006531383830258953 63
1750857089039 0.007675134223937518 64
1750857089671 0.0070541587205866195 65
1750857090300 0.005078012382629874 66
1750857090934 0.006180286681407736 67
1750857091561 0.007247207291835718 68
1750857092192 0.005596174120178934 69
1750857092827 0.0061502630650841095 70
1750857093459 0.005616960586079065 71
1750857094090 0.005788727924093438 72
1750857094721 0.004298657137329028 73
1750857095355 0.00476372428298563 74
1750857095990 0.005512609077370254 75
1750857096624 0.0047712473600366335 76
1750857097267 0.004563009726849888 77
1750857097904 0.004986647814177828 78
1750857098541 0.003938892448469956 79
1750857099181 0.0045678512394297524 80
1750857099819 0.0036289095171115142 81
1750857100458 0.004151289093482837 82
1750857101097 0.004976456062232323 83
1750857101735 0.00481083152292654 84
1750857102385 0.002916514748538681 85
1750857103023 0.003520168301327508 86
1750857103661 0.0031167731042221693 87
1750857104302 0.0029099411847638887 88
1750857104943 0.004675537714045809 89
1750857049543 1.3667762381986384 0
