1750930595842 0.7108401029351099 0
1750930596440 0.8808802425992842 1
1750930597054 0.9367812553566225 2
1750930597669 0.9531335906189593 3
1750930598281 0.9632423294671831 4
1750930598898 0.9689939531952898 5
1750930599515 0.9699409400300186 6
1750930600133 0.9742728439908268 7
1750930600752 0.9778421057738065 8
1750930601393 0.9759272711826289 9
1750930602034 0.9777016484933688 10
1750930602670 0.977950037543359 11
1750930603307 0.9812301604876262 12
1750930603945 0.980402749690379 13
1750930604582 0.9787846139841866 14
1750930605218 0.9809663099282481 15
1750930605857 0.9851808357198115 16
1750930606496 0.9814940540438999 17
1750930607133 0.984085395853795 18
1750930607770 0.9851706594404136 19
1750930608407 0.9825916944345826 20
1750930609045 0.9821793097460654 21
1750930609681 0.9846248985029862 22
1750930610322 0.9824876376586831 23
1750930610962 0.9829961990514173 24
1750930611600 0.9831498752251123 25
1750930612241 0.9858530630254783 26
1750930612881 0.9843599297828094 27
1750930613523 0.9835314555845633 28
1750930614163 0.9851762374439368 29
1750930614802 0.9847721619385368 30
1750930615444 0.9861242170603979 31
1750930616086 0.9850538065220948 32
1750930616726 0.9850414583275678 33
1750930617376 0.986279217684883 34
1750930618018 0.9864050942726016 35
1750930618660 0.9857349410523536 36
1750930619302 0.9870788554125792 37
1750930619947 0.9885866339651523 38
1750930620590 0.9858728065591802 39
1750930621234 0.9868043414027707 40
1750930621879 0.9888442510516403 41
1750930622523 0.9876260118118871 42
1750930623169 0.9854410461769301 43
1750930623815 0.9881673001974306 44
1750930624463 0.9880653431836439 45
1750930625109 0.9870866285520181 46
1750930625758 0.9861292685678146 47
1750930626405 0.9876503941554846 48
1750930627053 0.988332890459389 49
1750930627702 0.9884552468776678 50
1750930628351 0.9860384020960534 51
1750930628998 0.9892646665139113 52
1750930629646 0.9888613807997425 53
1750930630293 0.9860211538035064 54
1750930630943 0.9884345936500606 55
1750930631580 0.9888453904296467 56
1750930631815 0.9888453904296467 0
1750930595842 0.7108401029351099 0
1750930631815 0.9888453904296467 0
