1750930595885 0.6161111215481917 0
1750930596492 0.8708889404829963 1
1750930597105 0.9357974534434612 2
1750930597720 0.9531186281576483 3
1750930598333 0.9632221810426354 4
1750930598949 0.9689633342103601 5
1750930599567 0.9699182196815785 6
1750930600184 0.9742715506956613 7
1750930600806 0.9778242112485042 8
1750930601445 0.9759244077700656 9
1750930602086 0.9776870320324315 10
1750930602722 0.9779544150022781 11
1750930603360 0.9812294908632522 12
1750930603998 0.9804075825600641 13
1750930604634 0.9787726753032655 14
1750930605271 0.9809551955011938 15
1750930605911 0.9851738072234321 16
1750930606549 0.9814947767254113 17
1750930607186 0.9840844990081262 18
1750930607822 0.9851719031416039 19
1750930608460 0.9825896778807351 20
1750930609098 0.9821776629645769 21
1750930609734 0.9846271391741379 22
1750930610376 0.9824617819459385 23
1750930611014 0.9829950578489239 24
1750930611653 0.9831350798642517 25
1750930612294 0.98585231571111 26
1750930612934 0.9843552299149094 27
1750930613577 0.9835354318832625 28
1750930614217 0.9851729858427094 29
1750930614855 0.9847676043858137 30
1750930615499 0.9861233855177103 31
1750930616139 0.9850422807439592 32
1750930616782 0.985035476309344 33
1750930617430 0.9862649478561623 34
1750930618072 0.9863998475979695 35
1750930618714 0.9857187982862436 36
1750930619357 0.9870769764867031 37
1750930620001 0.9885774797815698 38
1750930620644 0.9858538256552776 39
1750930621289 0.9868049327642278 40
1750930621933 0.9888439701934496 41
1750930622578 0.9876232672510764 42
1750930623224 0.9854419541221887 43
1750930623869 0.9881653747193765 44
1750930624518 0.988036534285907 45
1750930625164 0.9870784175609655 46
1750930625813 0.9861210574533351 47
1750930626460 0.9876252970694601 48
1750930627108 0.9883053240961639 49
1750930627758 0.9884401127602187 50
1750930628406 0.9859923751088849 51
1750930629053 0.9892561742522322 52
1750930629701 0.9888487691867331 53
1750930630349 0.9859966732007284 54
1750930630998 0.9884350853417583 55
1750930631635 0.9888441742425691 56
1750930631815 0.9888441742425691 0
1750930595885 0.6161111215481917 0
1750930631815 0.9888441742425691 0
