1750930595821 0.6443144722524483 0
1750930596415 0.8732317736670294 1
1750930597028 0.9360718171926007 2
1750930597643 0.9532100108813928 3
1750930598256 0.9632752992383025 4
1750930598872 0.9689880304678999 5
1750930599490 0.9699401523394995 6
1750930600107 0.9742927094668118 7
1750930600726 0.977829162132753 8
1750930601367 0.9759249183895539 9
1750930602008 0.9776931447225244 10
1750930602644 0.9779651795429815 11
1750930603280 0.9812295973884657 12
1750930603919 0.9804134929270947 13
1750930604555 0.9787812840043526 14
1750930605192 0.9809575625680087 15
1750930605830 0.9851741022850925 16
1750930606470 0.9815016322089227 17
1750930607106 0.9840859630032645 18
1750930607743 0.9851741022850925 19
1750930608380 0.9825897714907508 20
1750930609017 0.9821817192600653 21
1750930609655 0.9846300326441785 22
1750930610295 0.9824537540805223 23
1750930610935 0.9829978237214363 24
1750930611573 0.9831338411316648 25
1750930612214 0.985854189336235 26
1750930612854 0.9843579978237215 27
1750930613496 0.9835418933623504 28
1750930614136 0.9851741022850925 29
1750930614775 0.984766050054407 30
1750930615417 0.986126224156692 31
1750930616059 0.985038084874864 32
1750930616699 0.985038084874864 33
1750930617349 0.9862622415669206 34
1750930617991 0.9863982589771491 35
1750930618633 0.9857181719260065 36
1750930619276 0.9870783460282916 37
1750930619920 0.9885745375408053 38
1750930620563 0.985854189336235 39
1750930621207 0.9868063112078346 40
1750930621852 0.9888465723612623 41
1750930622496 0.9876224156692056 42
1750930623141 0.9854461371055495 43
1750930623787 0.9881664853101197 44
1750930624435 0.9880304678998912 45
1750930625081 0.9870783460282916 46
1750930625731 0.986126224156692 47
1750930626378 0.9876224156692056 48
1750930627025 0.9883025027203483 49
1750930627675 0.9884385201305768 50
1750930628323 0.9859902067464635 51
1750930628970 0.9892546245919478 52
1750930629618 0.9888465723612623 53
1750930630266 0.9859902067464635 54
1750930630915 0.9884385201305768 55
1750930631553 0.9888465723612623 56
1750930631815 0.9888465723612623 0
1750930595821 0.6443144722524483 0
1750930631815 0.9888465723612623 0
