1750930595801 1.1375592612986725 0
1750930596388 0.6747091631764816 1
1750930597002 0.4563123606169704 2
1750930597617 0.32987106660374876 3
1750930598230 0.2482727751768193 4
1750930598846 0.20257261825139686 5
1750930599464 0.1692599344500001 6
1750930600081 0.14698532033991374 7
1750930600699 0.13229507796458242 8
1750930601340 0.12327320096250198 9
1750930601982 0.10994151539054736 10
1750930602618 0.1069936757224234 11
1750930603254 0.09801124577472337 12
1750930603893 0.09562391534009877 13
1750930604528 0.09187288540977907 14
1750930605165 0.08406883295345748 15
1750930605804 0.07719219223848495 16
1750930606444 0.07971909270095877 17
1750930607080 0.07529170891438268 18
1750930607717 0.07323646462310644 19
1750930608354 0.07257253810422853 20
1750930608990 0.0690019510370214 21
1750930609629 0.06975789730750243 22
1750930610268 0.07208549806501582 23
1750930610909 0.06925981915814314 24
1750930611546 0.06821343398392525 25
1750930612187 0.06318037427142992 26
1750930612827 0.06272428414467175 27
1750930613469 0.06690523768162053 28
1750930614109 0.06124651501354507 29
1750930614748 0.06328064077599653 30
1750930615390 0.06166513099601661 31
1750930616032 0.06678726805842221 32
1750930616673 0.06198217580753649 33
1750930617322 0.05908482722021939 34
1750930617964 0.056894521771142736 35
1750930618606 0.05728654581262964 36
1750930619248 0.056086704515982765 37
1750930619892 0.05755079776389166 38
1750930620536 0.05803066693951697 39
1750930621179 0.06158734193239949 40
1750930621825 0.05625679322454564 41
1750930622468 0.054884385546594375 42
1750930623114 0.05582993401779963 43
1750930623758 0.054009136481370706 44
1750930624408 0.05529625911237236 45
1750930625053 0.0548638861922302 46
1750930625703 0.056718949747390404 47
1750930626350 0.05382321411145849 48
1750930626998 0.05117161920997471 49
1750930627648 0.052310570523191456 50
1750930628295 0.06049252357394703 51
1750930628943 0.04954504013320956 52
1750930629591 0.05045920551852835 53
1750930630239 0.05651540189608526 54
1750930630888 0.052772443915866274 55
1750930631525 0.05196612042104329 56
1750930631815 0.05196612042104329 0
1750930595801 1.1375592612986725 0
1750930631815 0.05196612042104329 0
