1750930595864 0.6443144722524483 0
1750930596466 0.8732317736670294 1
1750930597079 0.9360718171926007 2
1750930597694 0.9532100108813928 3
1750930598307 0.9632752992383025 4
1750930598923 0.9689880304678999 5
1750930599541 0.9699401523394995 6
1750930600159 0.9742927094668118 7
1750930600780 0.977829162132753 8
1750930601419 0.9759249183895539 9
1750930602061 0.9776931447225244 10
1750930602696 0.9779651795429815 11
1750930603333 0.9812295973884657 12
1750930603971 0.9804134929270947 13
1750930604608 0.9787812840043526 14
1750930605245 0.9809575625680087 15
1750930605884 0.9851741022850925 16
1750930606522 0.9815016322089227 17
1750930607159 0.9840859630032645 18
1750930607796 0.9851741022850925 19
1750930608434 0.9825897714907508 20
1750930609071 0.9821817192600653 21
1750930609708 0.9846300326441785 22
1750930610349 0.9824537540805223 23
1750930610988 0.9829978237214363 24
1750930611626 0.9831338411316648 25
1750930612267 0.985854189336235 26
1750930612908 0.9843579978237215 27
1750930613550 0.9835418933623504 28
1750930614190 0.9851741022850925 29
1750930614829 0.984766050054407 30
1750930615472 0.986126224156692 31
1750930616113 0.985038084874864 32
1750930616755 0.985038084874864 33
1750930617402 0.9862622415669206 34
1750930618046 0.9863982589771491 35
1750930618687 0.9857181719260065 36
1750930619330 0.9870783460282916 37
1750930619974 0.9885745375408053 38
1750930620617 0.985854189336235 39
1750930621261 0.9868063112078346 40
1750930621906 0.9888465723612623 41
1750930622550 0.9876224156692056 42
1750930623197 0.9854461371055495 43
1750930623842 0.9881664853101197 44
1750930624490 0.9880304678998912 45
1750930625137 0.9870783460282916 46
1750930625786 0.986126224156692 47
1750930626433 0.9876224156692056 48
1750930627081 0.9883025027203483 49
1750930627730 0.9884385201305768 50
1750930628378 0.9859902067464635 51
1750930629026 0.9892546245919478 52
1750930629674 0.9888465723612623 53
1750930630321 0.9859902067464635 54
1750930630971 0.9884385201305768 55
1750930631607 0.9888465723612623 56
1750930631815 0.9888465723612623 0
1750930595864 0.6443144722524483 0
1750930631815 0.9888465723612623 0
