1751012084441 0.792708091235035 0
1751012084914 0.928690577457439 1
1751012085395 0.9572152369730119 2
1751012085878 0.9684263897773042 3
1751012086358 0.9740041295110071 4
1751012086845 0.9787735338470307 5
1751012087328 0.9823113031935462 6
1751012087811 0.9836786288157884 7
1751012088292 0.9851697027243465 8
1751012088773 0.985719010404005 9
1751012089260 0.9869437693084411 10
1751012089746 0.9857158199873663 11
1751012090234 0.9881674344635801 12
1751012090723 0.989663612697532 13
1751012091214 0.9897990622570499 14
1751012091703 0.9896626768226333 15
1751012092194 0.9903411973775424 16
1751012092684 0.991431406242403 17
1751012093174 0.9930633623347939 18
1751012093662 0.9903435384702781 19
1751012094148 0.9934708243394124 20
1751012094635 0.9926555560569309 21
1751012095126 0.9938798321368372 22
1751012095615 0.9921111821805045 23
1751012096106 0.9941517204819994 24
1751012096595 0.9945595622118704 25
1751012097084 0.9936076944803249 26
1751012097577 0.9934711643090316 27
1751012098067 0.9944212919339992 28
1751012098558 0.9941513166551724 29
1751012099052 0.994967161418001 30
1751012099543 0.9953755205885716 31
1751012100037 0.9964637154377158 32
1751012100528 0.9949678066302879 33
1751012101022 0.9955114807120732 34
1751012101515 0.9940141935391505 35
1751012102009 0.9959196716589027 36
1751012102504 0.9957835121840689 37
1751012102998 0.9960547596646125 38
1751012103492 0.9970075094018296 39
1751012103987 0.9967354530752761 40
1751012104484 0.9945595363497692 41
1751012104979 0.9972797179932774 42
1751012105471 0.9964635473340587 43
1751012105972 0.9974151907725252 44
1751012106469 0.9976876749084458 45
1751012106963 0.9980958025952942 46
1751012107464 0.9960553427330279 47
1751012107963 0.9972795825117118 48
1751012108461 0.995239330693859 49
1751012108959 0.9975517461939497 50
1751012109459 0.9975516242605407 51
1751012109960 0.9961916935483093 52
1751012110145 0.9961916935483093 0
1751012084441 0.792708091235035 0
1751012110145 0.9961916935483093 0
