1751012084397 0.8014794949580847 0
1751012084861 0.930090420248929 1
1751012085342 0.9572334612843466 2
1751012085825 0.9684285188602544 3
1751012086305 0.9739990463199262 4
1751012086788 0.9787803025394883 5
1751012087275 0.9823053238284153 6
1751012087758 0.9836812660771329 7
1751012088240 0.9851710518705485 8
1751012088722 0.9857223065996473 9
1751012089207 0.9869550736330824 10
1751012089694 0.9857137577863343 11
1751012090181 0.9881732343487104 12
1751012090670 0.9896709111053311 13
1751012091162 0.9898003255468132 14
1751012091650 0.9896626768226333 15
1751012092141 0.9903399237721747 16
1751012092630 0.9914344075272042 17
1751012093121 0.9930645161859382 18
1751012093609 0.9903491940177345 19
1751012094095 0.9934720931654522 20
1751012094582 0.992659783572948 21
1751012095072 0.9938885967721659 22
1751012095561 0.9921117746904788 23
1751012096052 0.9941571234385265 24
1751012096542 0.9945614339376684 25
1751012097030 0.9936131335212706 26
1751012097523 0.9934711643090316 27
1751012098013 0.9944195101759201 28
1751012098503 0.994151482821718 29
1751012098998 0.9949678757345187 30
1751012099488 0.9953760373633568 31
1751012099983 0.9964655052828598 32
1751012100474 0.9949748302840358 33
1751012100967 0.9955116370646488 34
1751012101460 0.9940132501703978 35
1751012101954 0.9959214848985194 36
1751012102450 0.9957836652653211 37
1751012102943 0.9960541398472609 38
1751012103438 0.9970084483861468 39
1751012103932 0.9967356777255875 40
1751012104429 0.9945613846810948 41
1751012104924 0.997280190589202 42
1751012105417 0.9964635473340587 43
1751012105913 0.9974148131578104 44
1751012106414 0.9976877475208938 45
1751012106908 0.9980962562574216 46
1751012107408 0.9960561018609839 47
1751012107907 0.9972799197062711 48
1751012108405 0.9952393717814346 49
1751012108904 0.9975522124786086 50
1751012109402 0.9975519686921288 51
1751012109904 0.9961934950906897 52
1751012110145 0.9961934950906897 0
1751012084397 0.8014794949580847 0
1751012110145 0.9961934950906897 0
