1751012084356 0.8664388312219407 0
1751012084807 0.3248940021188786 1
1751012085290 0.18490409427874754 2
1751012085772 0.12864779364783824 3
1751012086253 0.10243916974460729 4
1751012086732 0.08195851977521369 5
1751012087222 0.06967556515913274 6
1751012087705 0.06220089626357657 7
1751012088188 0.05584551804213581 8
1751012088669 0.052593430725125935 9
1751012089154 0.04686227291660288 10
1751012089641 0.045239427808968107 11
1751012090128 0.04183044813378786 12
1751012090617 0.03750826228284343 13
1751012091108 0.03633262683618185 14
1751012091597 0.035912691770573435 15
1751012092087 0.033408499796093484 16
1751012092576 0.03200711963761099 17
1751012093067 0.02815441884124759 18
1751012093555 0.028750050671082456 19
1751012094041 0.02766924848125374 20
1751012094528 0.02708472168808793 21
1751012095019 0.02265827953450633 22
1751012095507 0.024930407469980702 23
1751012095996 0.02350894934310293 24
1751012096488 0.02224443959106688 25
1751012096976 0.022442564913461853 26
1751012097468 0.021999693474650254 27
1751012097959 0.01995081929804127 28
1751012098449 0.023034619828189547 29
1751012098943 0.02136445867345629 30
1751012099434 0.016082900496234183 31
1751012099927 0.01617623369338171 32
1751012100419 0.01755643501407563 33
1751012100911 0.01650676552826484 34
1751012101406 0.018686109981514813 35
1751012101899 0.016382274925262872 36
1751012102394 0.016481001318713107 37
1751012102888 0.01568762522385384 38
1751012103383 0.014850716901106013 39
1751012103877 0.015724702641951634 40
1751012104373 0.020220788141005187 41
1751012104869 0.013560498993685702 42
1751012105362 0.013741151425659138 43
1751012105857 0.01260991576832027 44
1751012106359 0.01157005998317124 45
1751012106854 0.01102692881949708 46
1751012107353 0.013584125275755051 47
1751012107851 0.012507963079403807 48
1751012108350 0.01481401943018958 49
1751012108848 0.011472122391059558 50
1751012109346 0.01169742076970349 51
1751012109848 0.015019182001278048 52
1751012110145 0.015019182001278048 0
1751012084356 0.8664388312219407 0
1751012110145 0.015019182001278048 0
