1751012084376 0.8000544069640914 0
1751012084834 0.9291349292709467 1
1751012085316 0.9572905331882481 2
1751012085798 0.9684439608269858 3
1751012086279 0.9740206746463548 4
1751012086760 0.9787812840043526 5
1751012087249 0.9823177366702938 6
1751012087732 0.9836779107725789 7
1751012088214 0.9851741022850925 8
1751012088695 0.9857181719260065 9
1751012089181 0.9869423286180631 10
1751012089668 0.9857181719260065 11
1751012090155 0.9881664853101197 12
1751012090644 0.9896626768226333 13
1751012091134 0.9897986942328618 14
1751012091624 0.9896626768226333 15
1751012092114 0.9903427638737758 16
1751012092603 0.9914309031556039 17
1751012093094 0.9930631120783461 18
1751012093582 0.9903427638737758 19
1751012094068 0.9934711643090316 20
1751012094555 0.9926550598476604 21
1751012095046 0.9938792165397171 22
1751012095533 0.9921109902067464 23
1751012096024 0.9941512513601741 24
1751012096515 0.9945593035908596 25
1751012097003 0.9936071817192601 26
1751012097495 0.9934711643090316 27
1751012097986 0.9944232861806311 28
1751012098476 0.9941512513601741 29
1751012098970 0.9949673558215452 30
1751012099461 0.9953754080522307 31
1751012099955 0.9964635473340587 32
1751012100446 0.9949673558215452 33
1751012100939 0.9955114254624592 34
1751012101433 0.9940152339499456 35
1751012101927 0.9959194776931447 36
1751012102422 0.9957834602829162 37
1751012102915 0.9960554951033732 38
1751012103410 0.9970076169749728 39
1751012103904 0.9967355821545157 40
1751012104401 0.9945593035908596 41
1751012104897 0.9972796517954298 42
1751012105389 0.9964635473340587 43
1751012105885 0.9974156692056583 44
1751012106386 0.9976877040261154 45
1751012106881 0.9980957562568009 46
1751012107381 0.9960554951033732 47
1751012107879 0.9972796517954298 48
1751012108378 0.9952393906420022 49
1751012108876 0.9975516866158868 50
1751012109375 0.9975516866158868 51
1751012109876 0.9961915125136017 52
1751012110145 0.9961915125136017 0
1751012084376 0.8000544069640914 0
1751012110145 0.9961915125136017 0
