1750948969983 0.6423385854125412 0
1750948970579 0.1966473162660661 1
1750948971196 0.11560242991566139 2
1750948971814 0.0855068928674593 3
1750948972445 0.06961353756771124 4
1750948973073 0.0586893831636104 5
1750948973702 0.052347725131614814 6
1750948974334 0.04659281512955457 7
1750948974964 0.038708787821881856 8
1750948975592 0.03976285966747604 9
1750948976215 0.03565537510794447 10
1750948976840 0.030186896821457622 11
1750948977469 0.02767456416040659 12
1750948978096 0.027850239683587158 13
1750948978725 0.023554255540347915 14
1750948979355 0.019592427372956755 15
1750948979983 0.022829998462431545 16
1750948980611 0.01858483575095987 17
1750948981240 0.018889541702772673 18
1750948981867 0.018535071560835326 19
1750948982498 0.013036742418045756 20
1750948983129 0.01444988701440864 21
1750948983759 0.011332947597661592 22
1750948984389 0.011134859470405309 23
1750948985018 0.012750326853419803 24
1750948985648 0.011139796650917822 25
1750948986279 0.011840879856086903 26
1750948986910 0.010411340071159994 27
1750948987546 0.007224856564213681 28
1750948988178 0.009603779256278984 29
1750948988811 0.007375180233706709 30
1750948989447 0.007142481267309349 31
1750948990079 0.00682938654255426 32
1750948990714 0.005591013200628704 33
1750948991350 0.005429817846287356 34
1750948991984 0.007345283917980867 35
1750948992618 0.006718703621635629 36
1750948993252 0.005040570427179722 37
1750948993890 0.007542215736055396 38
1750948994525 0.008906595667335687 39
1750948995160 0.007966726485176682 40
1750948995795 0.005938573948013159 41
1750948996432 0.002640383552829051 42
1750948997068 0.0026657626361110357 43
1750948997706 0.003418328596093571 44
1750948998345 0.0028744907048644883 45
1750948998985 0.0035407508150893554 46
1750948999624 0.006142033484108975 47
1750949000261 0.007051752296492246 48
1750949000901 0.0042843867760875955 49
1750949001545 0.0030181946587164595 50
1750949001833 0.0030181946587164595 0
1750948969983 0.6423385854125412 0
1750949001833 0.0030181946587164595 0
