1750948970046 0.8505168661588683 0
1750948970655 0.9529379760609358 1
1750948971272 0.9678998911860718 2
1750948971894 0.9752448313384113 3
1750948972523 0.9772850924918389 4
1750948973150 0.9812295973884657 5
1750948973779 0.9825897714907508 6
1750948974412 0.985582154515778 7
1750948975042 0.9887105549510338 8
1750948975670 0.9869423286180631 9
1750948976293 0.9887105549510338 10
1750948976921 0.9899347116430903 11
1750948977548 0.9908868335146899 12
1750948978174 0.9899347116430903 13
1750948978805 0.9921109902067464 14
1750948979433 0.9949673558215452 15
1750948980061 0.9926550598476604 16
1750948980689 0.9941512513601741 17
1750948981319 0.9933351468988031 18
1750948981949 0.9936071817192601 19
1750948982577 0.9965995647442872 20
1750948983209 0.9951033732317737 21
1750948983838 0.9971436343852013 22
1750948984468 0.9979597388465724 23
1750948985098 0.9961915125136017 24
1750948985727 0.9972796517954298 25
1750948986359 0.9960554951033732 26
1750948986989 0.9972796517954298 27
1750948987627 0.9986398258977149 28
1750948988257 0.9965995647442872 29
1750948988891 0.9983677910772579 30
1750948989526 0.9982317736670294 31
1750948990160 0.9982317736670294 32
1750948990795 0.9985038084874864 33
1750948991430 0.9990478781284005 34
1750948992064 0.9978237214363439 35
1750948992698 0.9983677910772579 36
1750948993333 0.9987758433079434 37
1750948993971 0.9978237214363439 38
1750948994605 0.9978237214363439 39
1750948995241 0.9980957562568009 40
1750948995876 0.9987758433079434 41
1750948996514 0.999727965179543 42
1750948997150 0.999455930359086 43
1750948997788 0.999183895538629 44
1750948998428 0.9995919477693145 45
1750948999068 0.9993199129488575 46
1750948999705 0.9978237214363439 47
1750949000343 0.9978237214363439 48
1750949000984 0.9993199129488575 49
1750949001628 0.9995919477693145 50
1750949001833 0.9995919477693145 0
1750948970046 0.8505168661588683 0
1750949001833 0.9995919477693145 0
