1750948970024 0.8525424044034211 0
1750948970629 0.9528639068766127 1
1750948971247 0.9678478830719123 2
1750948971867 0.9752225771858415 3
1750948972496 0.9772790126437451 4
1750948973125 0.9812436532973362 5
1750948973754 0.9825943471762383 6
1750948974386 0.9855893731644649 7
1750948975016 0.9887109254280575 8
1750948975644 0.986942058243674 9
1750948976268 0.9887172242659664 10
1750948976893 0.9899347116430903 11
1750948977522 0.9909062036622971 12
1750948978148 0.9899372606707748 13
1750948978779 0.9921227411044388 14
1750948979407 0.9949686273920944 15
1750948980035 0.992659885080452 16
1750948980663 0.9941525797323132 17
1750948981293 0.9933365320725319 18
1750948981922 0.9936131335212706 19
1750948982551 0.9966007227116568 20
1750948983182 0.9951033732317737 21
1750948983811 0.9971447544848443 22
1750948984442 0.9979608021446256 23
1750948985071 0.9961917237628397 24
1750948985700 0.99727981500747 25
1750948986332 0.996055497027921 26
1750948986963 0.9972796517954298 27
1750948987600 0.998643686040936 28
1750948988231 0.9965995805255785 29
1750948988864 0.9983677910772579 30
1750948989500 0.9982328180312193 31
1750948990133 0.9982328180312193 32
1750948990768 0.9985038727673803 33
1750948991403 0.999047956265038 34
1750948992038 0.9978237214363439 35
1750948992672 0.9983681156497023 36
1750948993306 0.9987759145162091 37
1750948993944 0.9978251190624402 38
1750948994579 0.9978241490004668 39
1750948995214 0.9980957562568009 40
1750948995849 0.9987768498044067 41
1750948996487 0.999727965179543 42
1750948997123 0.999455930359086 43
1750948997761 0.999183895538629 44
1750948998400 0.9995920600747327 45
1750948999040 0.9993207802403794 46
1750948999679 0.997824234368015 47
1750949000316 0.9978240176779866 48
1750949000957 0.9993197978518823 49
1750949001600 0.9995920397626955 50
1750949001833 0.9995920397626955 0
1750948970024 0.8525424044034211 0
1750949001833 0.9995920397626955 0
