1750948970004 0.8505168661588683 0
1750948970604 0.9529379760609358 1
1750948971222 0.9678998911860718 2
1750948971840 0.9752448313384113 3
1750948972471 0.9772850924918389 4
1750948973099 0.9812295973884657 5
1750948973728 0.9825897714907508 6
1750948974360 0.985582154515778 7
1750948974990 0.9887105549510338 8
1750948975618 0.9869423286180631 9
1750948976242 0.9887105549510338 10
1750948976867 0.9899347116430903 11
1750948977495 0.9908868335146899 12
1750948978122 0.9899347116430903 13
1750948978752 0.9921109902067464 14
1750948979381 0.9949673558215452 15
1750948980009 0.9926550598476604 16
1750948980637 0.9941512513601741 17
1750948981266 0.9933351468988031 18
1750948981896 0.9936071817192601 19
1750948982524 0.9965995647442872 20
1750948983156 0.9951033732317737 21
1750948983785 0.9971436343852013 22
1750948984416 0.9979597388465724 23
1750948985045 0.9961915125136017 24
1750948985674 0.9972796517954298 25
1750948986306 0.9960554951033732 26
1750948986937 0.9972796517954298 27
1750948987573 0.9986398258977149 28
1750948988205 0.9965995647442872 29
1750948988838 0.9983677910772579 30
1750948989474 0.9982317736670294 31
1750948990106 0.9982317736670294 32
1750948990742 0.9985038084874864 33
1750948991377 0.9990478781284005 34
1750948992010 0.9978237214363439 35
1750948992645 0.9983677910772579 36
1750948993279 0.9987758433079434 37
1750948993917 0.9978237214363439 38
1750948994552 0.9978237214363439 39
1750948995187 0.9980957562568009 40
1750948995822 0.9987758433079434 41
1750948996460 0.999727965179543 42
1750948997095 0.999455930359086 43
1750948997734 0.999183895538629 44
1750948998373 0.9995919477693145 45
1750948999013 0.9993199129488575 46
1750948999651 0.9978237214363439 47
1750949000289 0.9978237214363439 48
1750949000929 0.9993199129488575 49
1750949001573 0.9995919477693145 50
1750949001833 0.9995919477693145 0
1750948970004 0.8505168661588683 0
1750949001833 0.9995919477693145 0
