1750948970068 0.8484185840775946 0
1750948970680 0.9528566005201798 1
1750948971298 0.9678717131213104 2
1750948971921 0.9752275277594403 3
1750948972548 0.977276535664112 4
1750948973176 0.981231593477729 5
1750948973805 0.9825907788698899 6
1750948974438 0.985583296064833 7
1750948975068 0.9887106905637228 8
1750948975696 0.9869419960562168 9
1750948976319 0.9887114604652546 10
1750948976946 0.9899347116430903 11
1750948977574 0.9908880902853748 12
1750948978201 0.9899351900919601 13
1750948978831 0.9921118606238497 14
1750948979460 0.9949675373801447 15
1750948980087 0.992654261573177 16
1750948980715 0.9941514623607085 17
1750948981345 0.9933353873412726 18
1750948981975 0.9936076944803249 19
1750948982603 0.9965996874190166 20
1750948983235 0.9951033732317737 21
1750948983864 0.9971437374319739 22
1750948984494 0.99795981245141 23
1750948985124 0.9961914155163966 24
1750948985754 0.9972796164236368 25
1750948986386 0.9960554454320546 26
1750948987015 0.9972796517954298 27
1750948987653 0.9986399205670313 28
1750948988284 0.996599521924185 29
1750948988918 0.9983677910772579 30
1750948989553 0.9982318374578886 31
1750948990187 0.9982318374578886 32
1750948990822 0.9985037896466413 33
1750948991457 0.9990478661387717 34
1750948992091 0.9978237214363439 35
1750948992725 0.9983677495070271 36
1750948993360 0.9987758278927066 37
1750948993998 0.997823971102393 38
1750948994632 0.9978236871492508 39
1750948995268 0.9980957562568009 40
1750948995903 0.998775887470846 41
1750948996541 0.999727965179543 42
1750948997177 0.999455930359086 43
1750948997815 0.999183895538629 44
1750948998455 0.9995919527920066 45
1750948999095 0.9993198866781082 46
1750948999732 0.9978237743946219 47
1750949000371 0.9978236660093694 48
1750949001012 0.9993198048470631 49
1750949001655 0.9995919426309022 50
1750949001833 0.9995919426309022 0
1750948970068 0.8484185840775946 0
1750949001833 0.9995919426309022 0
