1750948157380 0.8573177366702938 0
1750948157988 0.9560663764961915 1
1750948158606 0.9704842219804135 2
1750948159227 0.9738846572361263 3
1750948159852 0.9806855277475517 4
1750948160481 0.9840859630032645 5
1750948161114 0.9832698585418934 6
1750948161743 0.984766050054407 7
1750948162372 0.9878944504896626 8
1750948163001 0.9883025027203483 9
1750948163627 0.9887105549510338 10
1750948164255 0.9907508161044614 11
1750948164882 0.9908868335146899 12
1750948165511 0.9904787812840044 13
1750948166139 0.9917029379760609 14
1750948166774 0.9923830250272034 15
1750948167405 0.9937431991294886 16
1750948168034 0.9934711643090316 17
1750948168665 0.9945593035908596 18
1750948169295 0.9941512513601741 19
1750948169926 0.9945593035908596 20
1750948170560 0.9942872687704026 21
1750948171193 0.9956474428726877 22
1750948171824 0.9967355821545157 23
1750948172456 0.9979597388465724 24
1750948173089 0.9965995647442872 25
1750948173722 0.9974156692056583 26
1750948174360 0.9975516866158868 27
1750948174995 0.9964635473340587 28
1750948175632 0.9960554951033732 29
1750948176265 0.9983677910772579 30
1750948176903 0.999455930359086 31
1750948177538 0.9993199129488575 32
1750948178175 0.9990478781284005 33
1750948178813 0.9961915125136017 34
1750948179451 0.9967355821545157 35
1750948180089 0.9972796517954298 36
1750948180727 0.9993199129488575 37
1750948181365 0.999183895538629 38
1750948182004 0.9976877040261154 39
1750948182645 0.9967355821545157 40
1750948183286 0.9982317736670294 41
1750948183925 0.9987758433079434 42
1750948184563 0.9990478781284005 43
1750948185205 0.999455930359086 44
1750948185846 0.9975516866158868 45
1750948186488 0.9976877040261154 46
1750948187129 0.9983677910772579 47
1750948187770 0.9970076169749728 48
1750948188412 0.9978237214363439 49
1750948189054 0.9979597388465724 50
1750948189698 0.9995919477693145 51
1750948190340 0.9990478781284005 52
1750948190987 0.9980957562568009 53
1750948191629 0.9987758433079434 54
1750948192273 0.9990478781284005 55
1750948192917 0.9970076169749728 56
1750948193562 0.9971436343852013 57
1750948194206 0.9987758433079434 58
1750948194853 0.9995919477693145 59
1750948195501 0.9993199129488575 60
1750948195710 0.9993199129488575 0
1750948157380 0.8573177366702938 0
1750948195710 0.9993199129488575 0
