1750948157402 0.8555195876324811 0
1750948158013 0.9560078440668164 1
1750948158631 0.9704744520848407 2
1750948159252 0.9738818280184052 3
1750948159878 0.980681459950545 4
1750948160507 0.9840815315224719 5
1750948161139 0.9832702595202485 6
1750948161769 0.9847667741932369 7
1750948162399 0.9878942980500985 8
1750948163026 0.9883033168764689 9
1750948163653 0.9887112177479277 10
1750948164281 0.9907500779250462 11
1750948164908 0.9908871622829646 12
1750948165537 0.9904794439692188 13
1750948166165 0.9917030401041355 14
1750948166800 0.9923821971869985 15
1750948167432 0.993743765580085 16
1750948168061 0.9934709980281085 17
1750948168691 0.9945593035908596 18
1750948169321 0.9941507009637168 19
1750948169952 0.9945591650234237 20
1750948170586 0.9942872687704026 21
1750948171219 0.9956474428726877 22
1750948171850 0.9967357373271223 23
1750948172482 0.9979597639600333 24
1750948173115 0.9965996066000555 25
1750948173749 0.9974157624384526 26
1750948174386 0.9975515411909345 27
1750948175022 0.996463372013429 28
1750948175658 0.996055442077699 29
1750948176292 0.9983677495070271 30
1750948176929 0.9994559435986555 31
1750948177565 0.9993199374838034 32
1750948178203 0.9990478413493515 33
1750948178840 0.9961914155163966 34
1750948179478 0.9967357373271223 35
1750948180116 0.9972795586889466 36
1750948180754 0.9993199374838034 37
1750948181393 0.999183895538629 38
1750948182031 0.9976877874449313 39
1750948182672 0.9967355821545157 40
1750948183314 0.9982317954320288 41
1750948183952 0.998775887470846 42
1750948184591 0.9990478661387717 43
1750948185232 0.999455930359086 44
1750948185874 0.9975516866158868 45
1750948186515 0.9976876418191772 46
1750948187157 0.9983677910772579 47
1750948187797 0.9970077592165286 48
1750948188440 0.9978237214363439 49
1750948189081 0.9979598586291436 50
1750948189725 0.9995919527920066 51
1750948190368 0.9990478518576512 52
1750948191014 0.9980955547965529 53
1750948191656 0.9987758433079434 54
1750948192300 0.9990478661387717 55
1750948192945 0.9970078912287075 56
1750948193590 0.9971436594156214 57
1750948194234 0.9987758040832084 58
1750948194881 0.999591962490282 59
1750948195529 0.9993198711349435 60
1750948195710 0.9993198711349435 0
1750948157402 0.8555195876324811 0
1750948195710 0.9993198711349435 0
