1750948157317 0.5942941562103369 0
1750948157912 0.1666914644500117 1
1750948158530 0.10047073393930418 2
1750948159150 0.07942558629225466 3
1750948159775 0.061395468381846625 4
1750948160404 0.052903994267261195 5
1750948161037 0.04766229016734723 6
1750948161666 0.04483445917415282 7
1750948162294 0.038125008230135086 8
1750948162923 0.03428157843179166 9
1750948163549 0.032634349170995225 10
1750948164177 0.02807123683518664 11
1750948164804 0.025662279283218452 12
1750948165433 0.02417073092424393 13
1750948166061 0.0231673193561426 14
1750948166692 0.023102176199860717 15
1750948167327 0.01943841027663423 16
1750948167955 0.02016258046134366 17
1750948168586 0.017445707455164956 18
1750948169216 0.016542195051632846 19
1750948169847 0.017762040771073757 20
1750948170479 0.014907800626177928 21
1750948171113 0.013749418713829365 22
1750948171744 0.013203400977273088 23
1750948172376 0.009732183483221505 24
1750948173009 0.012021484642398014 25
1750948173643 0.009170296308949338 26
1750948174277 0.00925882875452414 27
1750948174915 0.014674358096498676 28
1750948175551 0.011947241971285464 29
1750948176186 0.007774134068744778 30
1750948176821 0.004812306740766612 31
1750948177457 0.004026947083380843 32
1750948178094 0.004806342813313277 33
1750948178732 0.0101618155253969 34
1750948179370 0.010576379845568442 35
1750948180007 0.009348976152206206 36
1750948180645 0.004428270789273985 37
1750948181284 0.0035547800251585254 38
1750948181924 0.006101101019309015 39
1750948182564 0.008877642623001154 40
1750948183205 0.006527942839414044 41
1750948183844 0.004663431861236316 42
1750948184482 0.0034758101217575387 43
1750948185122 0.002690125488720721 44
1750948185764 0.008419837936497662 45
1750948186405 0.0073853636185068055 46
1750948187047 0.004911245164520718 47
1750948187688 0.008709383362377724 48
1750948188329 0.0074847663123597885 49
1750948188971 0.006779211156886787 50
1750948189616 0.0026090054540216954 51
1750948190258 0.00469428449005225 52
1750948190904 0.006860354066151473 53
1750948191546 0.005340438744094287 54
1750948192189 0.004277066085268454 55
1750948192834 0.010022397303254008 56
1750948193479 0.007734821009793206 57
1750948194123 0.004858767871396065 58
1750948194769 0.0029028686691000573 59
1750948195417 0.0033026195043091553 60
1750948195710 0.0033026195043091553 0
1750948157317 0.5942941562103369 0
1750948195710 0.0033026195043091553 0
