1750948157338 0.8573177366702938 0
1750948157937 0.9560663764961915 1
1750948158555 0.9704842219804135 2
1750948159176 0.9738846572361263 3
1750948159801 0.9806855277475517 4
1750948160430 0.9840859630032645 5
1750948161062 0.9832698585418934 6
1750948161692 0.984766050054407 7
1750948162321 0.9878944504896626 8
1750948162949 0.9883025027203483 9
1750948163575 0.9887105549510338 10
1750948164203 0.9907508161044614 11
1750948164830 0.9908868335146899 12
1750948165459 0.9904787812840044 13
1750948166087 0.9917029379760609 14
1750948166718 0.9923830250272034 15
1750948167353 0.9937431991294886 16
1750948167982 0.9934711643090316 17
1750948168612 0.9945593035908596 18
1750948169243 0.9941512513601741 19
1750948169873 0.9945593035908596 20
1750948170506 0.9942872687704026 21
1750948171140 0.9956474428726877 22
1750948171771 0.9967355821545157 23
1750948172403 0.9979597388465724 24
1750948173035 0.9965995647442872 25
1750948173669 0.9974156692056583 26
1750948174304 0.9975516866158868 27
1750948174942 0.9964635473340587 28
1750948175578 0.9960554951033732 29
1750948176212 0.9983677910772579 30
1750948176849 0.999455930359086 31
1750948177484 0.9993199129488575 32
1750948178121 0.9990478781284005 33
1750948178759 0.9961915125136017 34
1750948179397 0.9967355821545157 35
1750948180035 0.9972796517954298 36
1750948180672 0.9993199129488575 37
1750948181311 0.999183895538629 38
1750948181951 0.9976877040261154 39
1750948182591 0.9967355821545157 40
1750948183232 0.9982317736670294 41
1750948183871 0.9987758433079434 42
1750948184509 0.9990478781284005 43
1750948185150 0.999455930359086 44
1750948185791 0.9975516866158868 45
1750948186433 0.9976877040261154 46
1750948187074 0.9983677910772579 47
1750948187715 0.9970076169749728 48
1750948188357 0.9978237214363439 49
1750948188999 0.9979597388465724 50
1750948189643 0.9995919477693145 51
1750948190286 0.9990478781284005 52
1750948190932 0.9980957562568009 53
1750948191574 0.9987758433079434 54
1750948192217 0.9990478781284005 55
1750948192862 0.9970076169749728 56
1750948193507 0.9971436343852013 57
1750948194151 0.9987758433079434 58
1750948194797 0.9995919477693145 59
1750948195445 0.9993199129488575 60
1750948195710 0.9993199129488575 0
1750948157338 0.8573177366702938 0
1750948195710 0.9993199129488575 0
