1750948157359 0.8613342434839418 0
1750948157963 0.956011832382017 1
1750948158581 0.9704685724570445 2
1750948159201 0.9738823388178195 3
1750948159827 0.9806802389684183 4
1750948160456 0.9840814700078768 5
1750948161088 0.9832711834648762 6
1750948161717 0.9847690670195408 7
1750948162347 0.9878942445630564 8
1750948162975 0.9883076963675912 9
1750948163601 0.9887143594664629 10
1750948164229 0.9907529321361831 11
1750948164856 0.9908883890931881 12
1750948165485 0.9904836941935585 13
1750948166113 0.9917032422552372 14
1750948166744 0.9923877861864236 15
1750948167379 0.9937507685628059 16
1750948168008 0.9934712339042616 17
1750948168639 0.9945593035908596 18
1750948169269 0.9941550877725596 19
1750948169900 0.9945594298476927 20
1750948170533 0.9942872687704026 21
1750948171166 0.9956474428726877 22
1750948171797 0.9967375154750301 23
1750948172429 0.9979598908706993 24
1750948173062 0.9965997498673379 25
1750948173696 0.9974167703714382 26
1750948174332 0.9975540639202086 27
1750948174969 0.9964652996075755 28
1750948175605 0.9960556148099278 29
1750948176239 0.9983681156497023 30
1750948176876 0.9994563657044541 31
1750948177511 0.9993208815775944 32
1750948178148 0.9990487237087631 33
1750948178786 0.9961917237628397 34
1750948179424 0.9967375154750301 35
1750948180062 0.9972805049177632 36
1750948180700 0.9993208815775944 37
1750948181338 0.999183895538629 38
1750948181977 0.9976887862580319 39
1750948182619 0.9967355821545157 40
1750948183259 0.9982319190713714 41
1750948183898 0.9987768498044067 42
1750948184536 0.999047956265038 43
1750948185178 0.999455930359086 44
1750948185819 0.9975516866158868 45
1750948186460 0.9976881111213931 46
1750948187102 0.9983677910772579 47
1750948187742 0.9970095256672004 48
1750948188385 0.9978237214363439 49
1750948189027 0.9979625228729838 50
1750948189671 0.9995920600747327 51
1750948190313 0.9990487454199224 52
1750948190960 0.998097111103806 53
1750948191601 0.9987758433079434 54
1750948192244 0.999047956265038 55
1750948192890 0.9970087469296987 56
1750948193535 0.9971439105025326 57
1750948194179 0.9987763644980345 58
1750948194825 0.999592897464188 59
1750948195473 0.9993201283329238 60
1750948195710 0.9993201283329238 0
1750948157359 0.8613342434839418 0
1750948195710 0.9993201283329238 0
