1750930528780 0.8850652883569097 0
1750930529411 0.9640914036996736 1
1750930530046 0.9761969532100109 2
1750930530686 0.9795973884657236 3
1750930531324 0.9827257889009793 4
1750930531967 0.9838139281828074 5
1750930532609 0.9881664853101197 6
1750930533249 0.9873503808487486 7
1750930533886 0.9873503808487486 8
1750930534521 0.9895266594124048 9
1750930535157 0.9899347116430903 10
1750930535797 0.9918389553862894 11
1750930536435 0.9937431991294886 12
1750930537072 0.9921109902067464 13
1750930537711 0.9933351468988031 14
1750930538351 0.9934711643090316 15
1750930538991 0.9934711643090316 16
1750930539631 0.9938792165397171 17
1750930540270 0.9941512513601741 18
1750930540913 0.9945593035908596 19
1750930541552 0.9967355821545157 20
1750930542196 0.9972796517954298 21
1750930542839 0.9972796517954298 22
1750930543480 0.9975516866158868 23
1750930544121 0.9964635473340587 24
1750930544763 0.9948313384113167 25
1750930545405 0.9959194776931447 26
1750930546047 0.9978237214363439 27
1750930546691 0.999183895538629 28
1750930547339 0.9980957562568009 29
1750930547985 0.9979597388465724 30
1750930548632 0.999183895538629 31
1750930549277 0.999183895538629 32
1750930549922 0.9983677910772579 33
1750930550566 0.9985038084874864 34
1750930551211 0.9986398258977149 35
1750930551857 0.9980957562568009 36
1750930552508 0.998911860718172 37
1750930553153 0.9979597388465724 38
1750930553800 0.9985038084874864 39
1750930554448 0.999455930359086 40
1750930555094 0.9993199129488575 41
1750930555743 0.999455930359086 42
1750930555949 0.999455930359086 0
1750930528780 0.8850652883569097 0
1750930555949 0.999455930359086 0
