1750930528716 0.42743580056287517 0
1750930529333 0.11552944859658025 1
1750930529968 0.07341309893020997 2
1750930530606 0.061038682152141165 3
1750930531246 0.052054022814798796 4
1750930531889 0.04712403928648206 5
1750930532530 0.040429188189896326 6
1750930533171 0.03739521261537701 7
1750930533807 0.03429034121245373 8
1750930534444 0.03016203398052684 9
1750930535078 0.029062545057730718 10
1750930535717 0.025753711914224094 11
1750930536357 0.02252650759395686 12
1750930536993 0.02235409118218897 13
1750930537632 0.021478123429319512 14
1750930538271 0.019350550565498722 15
1750930538912 0.019373444084562482 16
1750930539552 0.01743630335440249 17
1750930540189 0.017794642116321136 18
1750930540833 0.018815862366542528 19
1750930541473 0.0120920341656218 20
1750930542116 0.010127958206594663 21
1750930542758 0.011369428889379026 22
1750930543400 0.011531752193198661 23
1750930544042 0.011578198585540697 24
1750930544683 0.014413916049522609 25
1750930545325 0.011567373903568578 26
1750930545967 0.00815138982344668 27
1750930546611 0.005530973058675291 28
1750930547258 0.006681959141794211 29
1750930547904 0.007785528748159644 30
1750930548551 0.004399356554058138 31
1750930549195 0.004318302774450831 32
1750930549840 0.007063361636164849 33
1750930550484 0.006019241110072344 34
1750930551129 0.004984384011916165 35
1750930551774 0.006584299025982132 36
1750930552426 0.0051318403470615725 37
1750930553071 0.006913354708789062 38
1750930553718 0.005204439279971689 39
1750930554365 0.0031580860582187923 40
1750930555012 0.0032812740560298 41
1750930555661 0.003001245707374191 42
1750930555949 0.003001245707374191 0
1750930528716 0.42743580056287517 0
1750930555949 0.003001245707374191 0
