1750930528802 0.8843932616276731 0
1750930529437 0.9640456864309356 1
1750930530072 0.9761876698874448 2
1750930530712 0.9795938153701169 3
1750930531350 0.9827275094985257 4
1750930531993 0.9838146978371527 5
1750930532635 0.9881671800490327 6
1750930533274 0.987349548513431 7
1750930533912 0.9873516530827966 8
1750930534548 0.9895262548428672 9
1750930535183 0.9899354121960313 10
1750930535822 0.9918395234021875 11
1750930536461 0.9937434965436509 12
1750930537098 0.992111365207212 13
1750930537737 0.9933352289361087 14
1750930538377 0.9934711643090316 15
1750930539018 0.9934711643090316 16
1750930539658 0.9938789801029743 17
1750930540296 0.9941515947368782 18
1750930540940 0.9945594944503755 19
1750930541579 0.9967357373271223 20
1750930542222 0.9972796517954298 21
1750930542866 0.9972797811059352 22
1750930543507 0.9975509481633694 23
1750930544148 0.9964630872453494 24
1750930544790 0.9948315841012768 25
1750930545432 0.9959193737675678 26
1750930546074 0.99782387290725 27
1750930546718 0.9991839343317807 28
1750930547366 0.9980957077581983 29
1750930548012 0.9979596329088031 30
1750930548659 0.9991840646317226 31
1750930549304 0.9991839153979831 32
1750930549949 0.998367868663561 33
1750930550593 0.998503750691838 34
1750930551239 0.9986398905529675 35
1750930551885 0.9980957562568009 36
1750930552535 0.998911860718172 37
1750930553180 0.99795981245141 38
1750930553827 0.9985038624643674 39
1750930554475 0.9994559562211871 40
1750930555121 0.9993199213200111 41
1750930555770 0.9994559165023423 42
1750930555949 0.9994559165023423 0
1750930528802 0.8843932616276731 0
1750930555949 0.9994559165023423 0
