1750930528758 0.8846128446635022 0
1750930529386 0.9640166536880567 1
1750930530020 0.976185535691374 2
1750930530660 0.979590873174746 3
1750930531298 0.9827398472858825 4
1750930531941 0.983817156841728 5
1750930532583 0.9881703498543145 6
1750930533223 0.9873511866359006 7
1750930533860 0.9873609245208811 8
1750930534496 0.989526745102193 9
1750930535131 0.9899396947370667 10
1750930535770 0.9918436928347881 11
1750930536409 0.9937454033611578 12
1750930537046 0.9921133422081365 13
1750930537684 0.9933354114592706 14
1750930538324 0.9934711643090316 15
1750930538964 0.9934711643090316 16
1750930539605 0.9938796496080536 17
1750930540243 0.9941544555879458 18
1750930540886 0.9945602214508888 19
1750930541526 0.9967375154750301 20
1750930542169 0.9972796517954298 21
1750930542812 0.9972815358593705 22
1750930543454 0.9975533826443371 23
1750930544095 0.996463326895515 24
1750930544737 0.9948334441298387 25
1750930545379 0.9959196747769818 26
1750930546020 0.9978276868561983 27
1750930546665 0.9991856072045621 28
1750930547312 0.9980960666638444 29
1750930547958 0.9979612811738953 30
1750930548605 0.9991845422355665 31
1750930549249 0.9991843438150475 32
1750930549895 0.9983695766280514 33
1750930550538 0.9985046106455305 34
1750930551184 0.9986415868202216 35
1750930551828 0.9980957562568009 36
1750930552481 0.998911860718172 37
1750930553125 0.9979608021446256 38
1750930553773 0.998504833917813 39
1750930554420 0.9994576173967322 40
1750930555066 0.9993200318740603 41
1750930555715 0.9994563115931335 42
1750930555949 0.9994563115931335 0
1750930528758 0.8846128446635022 0
1750930555949 0.9994563115931335 0
