1750949264238 0.8573177366702938 0
1750949264849 0.9570184983677911 1
1750949265471 0.9721164309031556 2
1750949266094 0.9775571273122959 3
1750949266718 0.97810119695321 4
1750949267353 0.9824537540805223 5
1750949267985 0.9824537540805223 6
1750949268619 0.985582154515778 7
1750949269253 0.9868063112078346 8
1750949269883 0.9863982589771491 9
1750949270514 0.9878944504896626 10
1750949271145 0.9904787812840044 11
1750949271774 0.9887105549510338 12
1750949272411 0.9891186071817193 13
1750949273059 0.9895266594124048 14
1750949273706 0.9902067464635473 15
1750949274340 0.9891186071817193 16
1750949274973 0.9910228509249184 17
1750949275606 0.9925190424374319 18
1750949276240 0.9925190424374319 19
1750949276875 0.9907508161044614 20
1750949277510 0.9923830250272034 21
1750949278146 0.9933351468988031 22
1750949278779 0.9921109902067464 23
1750949279414 0.9948313384113167 24
1750949280053 0.9944232861806311 25
1750949280690 0.9925190424374319 26
1750949281329 0.9910228509249184 27
1750949281969 0.9918389553862894 28
1750949282607 0.9918389553862894 29
1750949283244 0.9959194776931447 30
1750949283884 0.9957834602829162 31
1750949284522 0.9953754080522307 32
1750949285160 0.9931991294885746 33
1750949285799 0.9946953210010882 34
1750949286439 0.9923830250272034 35
1750949287079 0.9934711643090316 36
1750949287719 0.9942872687704026 37
1750949288361 0.9915669205658324 38
1750949289003 0.9963275299238302 39
1750949289644 0.9960554951033732 40
1750949290285 0.9955114254624592 41
1750949290928 0.9926550598476604 42
1750949291573 0.9964635473340587 43
1750949292215 0.9941512513601741 44
1750949292861 0.9955114254624592 45
1750949293504 0.9955114254624592 46
1750949294148 0.9946953210010882 47
1750949294792 0.9948313384113167 48
1750949295436 0.9957834602829162 49
1750949296080 0.9948313384113167 50
1750949296725 0.9900707290533188 51
1750949297377 0.9923830250272034 52
1750949298022 0.9970076169749728 53
1750949298669 0.9960554951033732 54
1750949299319 0.9974156692056583 55
1750949299967 0.9952393906420022 56
1750949300617 0.9970076169749728 57
1750949300827 0.9970076169749728 0
1750949264238 0.8573177366702938 0
1750949300827 0.9970076169749728 0
