1750949264197 0.8573177366702938 0
1750949264797 0.9570184983677911 1
1750949265420 0.9721164309031556 2
1750949266043 0.9775571273122959 3
1750949266666 0.97810119695321 4
1750949267300 0.9824537540805223 5
1750949267933 0.9824537540805223 6
1750949268567 0.985582154515778 7
1750949269201 0.9868063112078346 8
1750949269832 0.9863982589771491 9
1750949270462 0.9878944504896626 10
1750949271092 0.9904787812840044 11
1750949271722 0.9887105549510338 12
1750949272358 0.9891186071817193 13
1750949273007 0.9895266594124048 14
1750949273654 0.9902067464635473 15
1750949274287 0.9891186071817193 16
1750949274920 0.9910228509249184 17
1750949275553 0.9925190424374319 18
1750949276187 0.9925190424374319 19
1750949276822 0.9907508161044614 20
1750949277458 0.9923830250272034 21
1750949278093 0.9933351468988031 22
1750949278726 0.9921109902067464 23
1750949279361 0.9948313384113167 24
1750949279998 0.9944232861806311 25
1750949280636 0.9925190424374319 26
1750949281276 0.9910228509249184 27
1750949281916 0.9918389553862894 28
1750949282553 0.9918389553862894 29
1750949283190 0.9959194776931447 30
1750949283830 0.9957834602829162 31
1750949284468 0.9953754080522307 32
1750949285106 0.9931991294885746 33
1750949285746 0.9946953210010882 34
1750949286385 0.9923830250272034 35
1750949287025 0.9934711643090316 36
1750949287666 0.9942872687704026 37
1750949288307 0.9915669205658324 38
1750949288949 0.9963275299238302 39
1750949289590 0.9960554951033732 40
1750949290231 0.9955114254624592 41
1750949290873 0.9926550598476604 42
1750949291518 0.9964635473340587 43
1750949292160 0.9941512513601741 44
1750949292806 0.9955114254624592 45
1750949293449 0.9955114254624592 46
1750949294093 0.9946953210010882 47
1750949294737 0.9948313384113167 48
1750949295381 0.9957834602829162 49
1750949296025 0.9948313384113167 50
1750949296669 0.9900707290533188 51
1750949297321 0.9923830250272034 52
1750949297967 0.9970076169749728 53
1750949298613 0.9960554951033732 54
1750949299264 0.9974156692056583 55
1750949299911 0.9952393906420022 56
1750949300560 0.9970076169749728 57
1750949300827 0.9970076169749728 0
1750949264197 0.8573177366702938 0
1750949300827 0.9970076169749728 0
