1750949264176 0.5860948875238379 0
1750949264772 0.16777161830657195 1
1750949265394 0.09871602331625624 2
1750949266016 0.07794465811292806 3
1750949266640 0.06931020223492021 4
1750949267274 0.058963551347157125 5
1750949267907 0.05511209354518028 6
1750949268541 0.04776897612488925 7
1750949269175 0.044758806511824616 8
1750949269806 0.04307735374681773 9
1750949270435 0.039508165149129644 10
1750949271066 0.03526421173924623 11
1750949271696 0.03723037793474339 12
1750949272332 0.034813575290540744 13
1750949272981 0.034114320990472416 14
1750949273628 0.032939418444513334 15
1750949274261 0.034928174340799534 16
1750949274894 0.028837203314696094 17
1750949275526 0.025190163206134774 18
1750949276161 0.024393739081489507 19
1750949276794 0.031010279162372416 20
1750949277430 0.026046958474302512 21
1750949278066 0.024149703977668052 22
1750949278699 0.027047365446807057 23
1750949279333 0.021207491655948534 24
1750949279970 0.019170391721948902 25
1750949280609 0.023826538576005724 26
1750949281249 0.02732943807717441 27
1750949281889 0.02773482975386837 28
1750949282526 0.023941288495961256 29
1750949283164 0.016892401345978136 30
1750949283803 0.01656616637326161 31
1750949284441 0.01833623142201571 32
1750949285079 0.020817683223266076 33
1750949285719 0.019059566351999575 34
1750949286359 0.02876022580344234 35
1750949286997 0.022453986595245938 36
1750949287639 0.019093021118083118 37
1750949288280 0.024530029297787068 38
1750949288921 0.013742280647693703 39
1750949289562 0.01665061560507065 40
1750949290203 0.018862081673381378 41
1750949290845 0.026870975131523655 42
1750949291490 0.01818820376352481 43
1750949292133 0.018929121574494376 44
1750949292777 0.015369075141194498 45
1750949293421 0.01722755860456218 46
1750949294066 0.01745070685593004 47
1750949294709 0.017480897261143963 48
1750949295353 0.0141320244499844 49
1750949295998 0.01814515630879781 50
1750949296642 0.03081623816576921 51
1750949297293 0.0259283905457685 52
1750949297939 0.01523398109169533 53
1750949298586 0.015232690894252684 54
1750949299236 0.012707937951174374 55
1750949299883 0.016616341325031824 56
1750949300531 0.012918685901007119 57
1750949300827 0.012918685901007119 0
1750949264176 0.5860948875238379 0
1750949300827 0.012918685901007119 0
