1750949264261 0.8552953420725075 0
1750949264874 0.9569522991909125 1
1750949265496 0.972098303107985 2
1750949266120 0.9775454913026673 3
1750949266743 0.9780937703549337 4
1750949267378 0.9824504066716874 5
1750949268010 0.9824550223831507 6
1750949268645 0.9855835869280745 7
1750949269278 0.9868045037579953 8
1750949269910 0.9863977415803183 9
1750949270539 0.9878946745036425 10
1750949271170 0.9904792338707731 11
1750949271800 0.9887119597123716 12
1750949272438 0.9891190523010214 13
1750949273085 0.9895267883281709 14
1750949273732 0.9902075838252987 15
1750949274366 0.9891196515995807 16
1750949274999 0.9910230693778156 17
1750949275632 0.992519481640193 18
1750949276266 0.9925193123218367 19
1750949276901 0.9907510014128712 20
1750949277537 0.9923834234422535 21
1750949278172 0.993335880389678 22
1750949278805 0.9921097663105919 23
1750949279440 0.9948315841012768 24
1750949280080 0.994422593389022 25
1750949280717 0.9925213388468086 26
1750949281356 0.99102214097354 27
1750949281995 0.9918394186637217 28
1750949282634 0.9918373833619246 29
1750949283271 0.9959187095326939 30
1750949283910 0.9957837984870227 31
1750949284548 0.9953734856964268 32
1750949285187 0.9931994527648379 33
1750949285826 0.9946943210399427 34
1750949286466 0.9923835459865203 35
1750949287106 0.9934706120778725 36
1750949287746 0.9942876920909427 37
1750949288388 0.9915651799936194 38
1750949289030 0.9963277455324584 39
1750949289671 0.9960540744160462 40
1750949290312 0.9955117531501021 41
1750949290955 0.9926559846202324 42
1750949291600 0.9964634872236922 43
1750949292242 0.994151702591205 44
1750949292888 0.9955114807120732 45
1750949293532 0.9955112520755145 46
1750949294176 0.994695512373666 47
1750949294820 0.9948306205189638 48
1750949295464 0.9957834071859893 49
1750949296108 0.9948322034798907 50
1750949296753 0.9900687639927623 51
1750949297404 0.9923843008428311 52
1750949298049 0.997007529197527 53
1750949298696 0.9960549873975552 54
1750949299347 0.9974157010160423 55
1750949299995 0.995238761153104 56
1750949300645 0.9970076897926052 57
1750949300827 0.9970076897926052 0
1750949264261 0.8552953420725075 0
1750949300827 0.9970076897926052 0
