1750949264217 0.8649018926924991 0
1750949264823 0.9569286186262672 1
1750949265446 0.9720827558144718 2
1750949266068 0.9775460598886244 3
1750949266692 0.9780976221738715 4
1750949267327 0.9824473768833576 5
1750949267959 0.9824615443544878 6
1750949268593 0.9855930999014663 7
1750949269227 0.9868039680272634 8
1750949269858 0.9863982436531116 9
1750949270488 0.9878953915038149 10
1750949271118 0.9904812810551152 11
1750949271748 0.9887198310189463 12
1750949272385 0.9891205107208006 13
1750949273033 0.9895270166498591 14
1750949273680 0.990214803453077 15
1750949274313 0.9891233096374556 16
1750949274946 0.991023687132853 17
1750949275580 0.9925224267515009 18
1750949276213 0.9925204844127505 19
1750949276849 0.990751705247375 20
1750949277484 0.9923855474177257 21
1750949278120 0.9933475792666747 22
1750949278753 0.9921087786395828 23
1750949279388 0.9948334441298387 24
1750949280026 0.9944231988527329 25
1750949280663 0.9925309703439618 26
1750949281303 0.9910315549313903 27
1750949281943 0.9918451502058306 28
1750949282580 0.9918360300942193 29
1750949283217 0.9959213543660199 30
1750949283857 0.9957890931902945 31
1750949284494 0.995372789216959 32
1750949285133 0.9932013829768173 33
1750949285772 0.9946934364943524 34
1750949286412 0.9923862701792204 35
1750949287051 0.9934711487597186 36
1750949287693 0.9942920983502438 37
1750949288334 0.9915637578320564 38
1750949288976 0.996330494036539 39
1750949289617 0.9960570593450104 40
1750949290258 0.9955134123425824 41
1750949290900 0.9926600451812161 42
1750949291546 0.9964638043219908 43
1750949292187 0.9941572102223308 44
1750949292833 0.9955116370646488 45
1750949293476 0.9955119887977513 46
1750949294121 0.9946966115055006 47
1750949294764 0.9948305994291577 48
1750949295409 0.9957834552790921 49
1750949296052 0.99483952713952 50
1750949296697 0.990067707309573 51
1750949297349 0.9923908120156761 52
1750949297994 0.9970077950577724 53
1750949298641 0.9960553023723365 54
1750949299291 0.9974158344693546 55
1750949299939 0.9952398746162523 56
1750949300589 0.9970081686997956 57
1750949300827 0.9970081686997956 0
1750949264217 0.8649018926924991 0
1750949300827 0.9970081686997956 0
