1750948858128 0.8608381653648106 0
1750948858732 0.957077152426774 1
1750948859354 0.9703359055155695 2
1750948859974 0.975499480322355 3
1750948860600 0.9809577048246549 4
1750948861228 0.9832724134479385 5
1750948861856 0.9844983966107556 6
1750948862484 0.9868103258239439 7
1750948863112 0.9869458644349309 8
1750948863739 0.9884402461138444 9
1750948864364 0.9884452293073384 10
1750948864992 0.9903527743027198 11
1750948865621 0.990070578553687 12
1750948866247 0.9915676424622016 13
1750948866876 0.9910395360768475 14
1750948867504 0.9914322748802202 15
1750948868132 0.9930645161859382 16
1750948868759 0.9948313384113167 17
1750948869386 0.9923830250272034 18
1750948870016 0.9949704700061681 19
1750948870644 0.9959194776931447 20
1750948871274 0.9948314788335506 21
1750948871903 0.9961915125136017 22
1750948872535 0.9986398258977149 23
1750948873166 0.9975516866158868 24
1750948873798 0.9960572530651917 25
1750948874429 0.9972804399829657 26
1750948875062 0.9975546115103162 27
1750948875696 0.9975519686921288 28
1750948876328 0.9974185132608355 29
1750948876961 0.9982318310185515 30
1750948877594 0.9975549576867578 31
1750948878232 0.99864016463556 32
1750948878870 0.9987785372912062 33
1750948879504 0.997824234368015 34
1750948880140 0.9974163845190654 35
1750948880778 0.9991854452752031 36
1750948881414 0.9980960666638444 37
1750948882050 0.998504833917813 38
1750948882687 0.9980960666638444 39
1750948883323 0.9976877475208938 40
1750948883551 0.9976877475208938 0
1750948858128 0.8608381653648106 0
1750948883551 0.9976877475208938 0
