1750948858107 0.8579978237214363 0
1750948858706 0.9571545157780196 1
1750948859328 0.970348204570185 2
1750948859948 0.9755168661588683 3
1750948860575 0.9809575625680087 4
1750948861203 0.9832698585418934 5
1750948861831 0.98449401523395 6
1750948862459 0.9868063112078346 7
1750948863086 0.9869423286180631 8
1750948863714 0.9884385201305768 9
1750948864338 0.9884385201305768 10
1750948864966 0.9903427638737758 11
1750948865595 0.9900707290533188 12
1750948866220 0.9915669205658324 13
1750948866849 0.9910228509249184 14
1750948867478 0.9914309031556039 15
1750948868106 0.9930631120783461 16
1750948868733 0.9948313384113167 17
1750948869360 0.9923830250272034 18
1750948869989 0.9949673558215452 19
1750948870618 0.9959194776931447 20
1750948871248 0.9948313384113167 21
1750948871876 0.9961915125136017 22
1750948872508 0.9986398258977149 23
1750948873140 0.9975516866158868 24
1750948873771 0.9960554951033732 25
1750948874403 0.9972796517954298 26
1750948875035 0.9975516866158868 27
1750948875669 0.9975516866158868 28
1750948876302 0.9974156692056583 29
1750948876935 0.9982317736670294 30
1750948877567 0.9975516866158868 31
1750948878205 0.9986398258977149 32
1750948878842 0.9987758433079434 33
1750948879477 0.9978237214363439 34
1750948880113 0.9974156692056583 35
1750948880751 0.999183895538629 36
1750948881387 0.9980957562568009 37
1750948882023 0.9985038084874864 38
1750948882660 0.9980957562568009 39
1750948883296 0.9976877040261154 40
1750948883551 0.9976877040261154 0
1750948858107 0.8579978237214363 0
1750948883551 0.9976877040261154 0
