1750948858171 0.8561134555592418 0
1750948858784 0.9570504768881545 1
1750948859405 0.9703346387631532 2
1750948860025 0.9755065648294495 3
1750948860651 0.980957574354485 4
1750948861280 0.9832683624312982 5
1750948861907 0.9844949215248118 6
1750948862535 0.986807085801795 7
1750948863165 0.9869412305094705 8
1750948863791 0.9884389372246566 9
1750948864416 0.9884394474644175 10
1750948865044 0.9903437351492317 11
1750948865673 0.9900706040186201 12
1750948866298 0.9915664814384078 13
1750948866928 0.9910240089678848 14
1750948867556 0.99143033931555 15
1750948868184 0.9930633623347939 16
1750948868811 0.9948313384113167 17
1750948869439 0.9923830250272034 18
1750948870068 0.9949676512852207 19
1750948870697 0.9959194776931447 20
1750948871327 0.9948312067722525 21
1750948871955 0.9961915125136017 22
1750948872588 0.9986398258977149 23
1750948873219 0.9975516866158868 24
1750948873851 0.9960554802151254 25
1750948874481 0.9972796538337171 26
1750948875115 0.997551818388484 27
1750948875749 0.9975516242605407 28
1750948876382 0.9974158209302485 29
1750948877014 0.9982317514005762 30
1750948877648 0.9975514912154534 31
1750948878285 0.9986397912558559 32
1750948878923 0.9987759151774862 33
1750948879558 0.9978237743946219 34
1750948880194 0.9974155693768114 35
1750948880832 0.9991838530424265 36
1750948881467 0.9980957077581983 37
1750948882104 0.9985038624643674 38
1750948882741 0.9980957077581983 39
1750948883376 0.9976876749084458 40
1750948883551 0.9976876749084458 0
1750948858171 0.8561134555592418 0
1750948883551 0.9976876749084458 0
