1750948858149 0.8579978237214363 0
1750948858758 0.9571545157780196 1
1750948859379 0.970348204570185 2
1750948859999 0.9755168661588683 3
1750948860626 0.9809575625680087 4
1750948861254 0.9832698585418934 5
1750948861881 0.98449401523395 6
1750948862509 0.9868063112078346 7
1750948863139 0.9869423286180631 8
1750948863765 0.9884385201305768 9
1750948864390 0.9884385201305768 10
1750948865018 0.9903427638737758 11
1750948865647 0.9900707290533188 12
1750948866272 0.9915669205658324 13
1750948866902 0.9910228509249184 14
1750948867530 0.9914309031556039 15
1750948868158 0.9930631120783461 16
1750948868785 0.9948313384113167 17
1750948869412 0.9923830250272034 18
1750948870041 0.9949673558215452 19
1750948870670 0.9959194776931447 20
1750948871301 0.9948313384113167 21
1750948871929 0.9961915125136017 22
1750948872561 0.9986398258977149 23
1750948873193 0.9975516866158868 24
1750948873824 0.9960554951033732 25
1750948874455 0.9972796517954298 26
1750948875089 0.9975516866158868 27
1750948875722 0.9975516866158868 28
1750948876355 0.9974156692056583 29
1750948876988 0.9982317736670294 30
1750948877621 0.9975516866158868 31
1750948878258 0.9986398258977149 32
1750948878896 0.9987758433079434 33
1750948879531 0.9978237214363439 34
1750948880167 0.9974156692056583 35
1750948880805 0.999183895538629 36
1750948881440 0.9980957562568009 37
1750948882077 0.9985038084874864 38
1750948882714 0.9980957562568009 39
1750948883349 0.9976877040261154 40
1750948883551 0.9976877040261154 0
1750948858149 0.8579978237214363 0
1750948883551 0.9976877040261154 0
