1750948858087 0.5871496711805934 0
1750948858681 0.16459883739756292 1
1750948859302 0.10413439138118538 2
1750948859921 0.07861361201848506 3
1750948860549 0.06308545189239774 4
1750948861177 0.05227206013812982 5
1750948861805 0.04623288523012588 6
1750948862433 0.03988827340065687 7
1750948863060 0.03974857977039147 8
1750948863688 0.03783856032738488 9
1750948864312 0.03369457300111927 10
1750948864939 0.0304126313454811 11
1750948865570 0.02816616756622644 12
1750948866195 0.025471319387219967 13
1750948866821 0.023088010924871324 14
1750948867451 0.023286744092831286 15
1750948868080 0.022158138486389495 16
1750948868706 0.017139585772063076 17
1750948869334 0.022158738371122616 18
1750948869963 0.01564063762504125 19
1750948870591 0.012641946042450074 20
1750948871222 0.014512035743129705 21
1750948871850 0.011786201176176838 22
1750948872482 0.007809851230684591 23
1750948873113 0.010561097764194222 24
1750948873744 0.015055832955976128 25
1750948874376 0.009437179878598304 26
1750948875007 0.00961176018210729 27
1750948875642 0.009826420902495471 28
1750948876275 0.008241847985559898 29
1750948876908 0.007504834781853853 30
1750948877541 0.007702006991281655 31
1750948878178 0.006221460283033892 32
1750948878814 0.0047376195938651725 33
1750948879450 0.006268383423259159 34
1750948880085 0.008305952267114707 35
1750948880723 0.005846042124330551 36
1750948881360 0.00758543050651853 37
1750948881996 0.005816340135387373 38
1750948882633 0.006559780181116517 39
1750948883270 0.0084785268974153 40
1750948883551 0.0084785268974153 0
1750948858087 0.5871496711805934 0
1750948883551 0.0084785268974153 0
