1750949007196 0.8505925528297931 0
1750949007802 0.9527448982754424 1
1750949008423 0.9721113639128677 2
1750949009045 0.9758007318736562 3
1750949009670 0.9806876685981949 4
1750949010298 0.9813612213524308 5
1750949010929 0.9849153165423331 6
1750949011561 0.9854458971279485 7
1750949012191 0.9873543354360922 8
1750949012819 0.9884402461138444 9
1750949013444 0.98843890384717 10
1750949014070 0.9910228509249184 11
1750949014696 0.9910276936500504 12
1750949015326 0.9930726377407553 13
1750949015953 0.991569175202252 14
1750949016578 0.9926550598476604 15
1750949017211 0.9933384411697233 16
1750949017841 0.9944245956189068 17
1750949018470 0.9944235242619598 18
1750949019101 0.9957836652653211 19
1750949019731 0.9951035278194085 20
1750949020361 0.9963287068250631 21
1750949020993 0.9961921030315762 22
1750949021625 0.9970078707204133 23
1750949022258 0.9956480592527632 24
1750949022889 0.9961921030315762 25
1750949023521 0.9982325541139142 26
1750949024154 0.9980960666638444 27
1750949024786 0.9985038727673803 28
1750949025420 0.9975522124786086 29
1750949026056 0.9971465084547614 30
1750949026691 0.9974185132608355 31
1750949027331 0.9987759754727158 32
1750949027963 0.999047956265038 33
1750949028598 0.9994563657044541 34
1750949029234 0.998911860718172 35
1750949029870 0.9964692695968482 36
1750949030509 0.9964648431103545 37
1750949031146 0.997280429305913 38
1750949031785 0.9983681156497023 39
1750949032427 0.9990488656910006 40
1750949033068 0.9991842626072757 41
1750949033706 0.9986403000362345 42
1750949034345 0.9993207802403794 43
1750949034985 1.0 44
1750949035629 0.9967413684908765 45
1750949036273 0.9995928367719956 46
1750949036913 0.9993207802403794 47
1750949037556 0.9979608021446256 48
1750949038197 1.0 49
1750949038840 0.9990480036733882 50
1750949039483 0.9964644948429999 51
1750949040126 0.996736906234591 52
1750949040772 0.9990480159373267 53
1750949041417 0.9983677910772579 54
1750949042060 0.9991856072045621 55
1750949042704 1.0 56
1750949043350 0.9998640815115244 57
1750949043996 0.9998640815115244 58
1750949044639 1.0 59
1750949045286 0.9994563115931335 60
1750949045932 0.9964637727486975 61
1750949046578 0.9986403000362345 62
1750949047227 0.9975536900167217 63
1750949047875 0.999727965179543 64
1750949048522 0.999455930359086 65
1750949049170 0.9980957562568009 66
1750949049819 0.999727965179543 67
1750949050058 0.999727965179543 0
1750949007196 0.8505925528297931 0
1750949050058 0.999727965179543 0
