1750949007217 0.8422198041349293 0
1750949007827 0.9528019586507073 1
1750949008449 0.9721164309031556 2
1750949009071 0.9757889009793254 3
1750949009696 0.9806855277475517 4
1750949010324 0.9813656147986942 5
1750949010955 0.9849020674646355 6
1750949011587 0.9854461371055495 7
1750949012217 0.9873503808487486 8
1750949012844 0.9884385201305768 9
1750949013470 0.9884385201305768 10
1750949014096 0.9910228509249184 11
1750949014722 0.9910228509249184 12
1750949015352 0.9930631120783461 13
1750949015979 0.9915669205658324 14
1750949016605 0.9926550598476604 15
1750949017237 0.9933351468988031 16
1750949017867 0.9944232861806311 17
1750949018497 0.9944232861806311 18
1750949019128 0.9957834602829162 19
1750949019757 0.9951033732317737 20
1750949020387 0.9963275299238302 21
1750949021019 0.9961915125136017 22
1750949021651 0.9970076169749728 23
1750949022284 0.9956474428726877 24
1750949022916 0.9961915125136017 25
1750949023548 0.9982317736670294 26
1750949024180 0.9980957562568009 27
1750949024813 0.9985038084874864 28
1750949025447 0.9975516866158868 29
1750949026082 0.9971436343852013 30
1750949026718 0.9974156692056583 31
1750949027357 0.9987758433079434 32
1750949027990 0.9990478781284005 33
1750949028624 0.999455930359086 34
1750949029261 0.998911860718172 35
1750949029897 0.9964635473340587 36
1750949030536 0.9964635473340587 37
1750949031173 0.9972796517954298 38
1750949031811 0.9983677910772579 39
1750949032454 0.9990478781284005 40
1750949033095 0.999183895538629 41
1750949033733 0.9986398258977149 42
1750949034372 0.9993199129488575 43
1750949035013 1.0 44
1750949035657 0.9967355821545157 45
1750949036300 0.9995919477693145 46
1750949036940 0.9993199129488575 47
1750949037583 0.9979597388465724 48
1750949038225 1.0 49
1750949038868 0.9990478781284005 50
1750949039511 0.9964635473340587 51
1750949040154 0.9967355821545157 52
1750949040799 0.9990478781284005 53
1750949041444 0.9983677910772579 54
1750949042088 0.999183895538629 55
1750949042732 1.0 56
1750949043378 0.9998639825897715 57
1750949044023 0.9998639825897715 58
1750949044667 1.0 59
1750949045314 0.999455930359086 60
1750949045960 0.9964635473340587 61
1750949046606 0.9986398258977149 62
1750949047255 0.9975516866158868 63
1750949047903 0.999727965179543 64
1750949048550 0.999455930359086 65
1750949049198 0.9980957562568009 66
1750949049848 0.999727965179543 67
1750949050058 0.999727965179543 0
1750949007217 0.8422198041349293 0
1750949050058 0.999727965179543 0
