1750949007155 0.6581216848519215 0
1750949007750 0.19077171662556852 1
1750949008371 0.11069278547112649 2
1750949008994 0.08039980506984531 3
1750949009619 0.06581641578797547 4
1750949010245 0.057012107369203174 5
1750949010877 0.046466674402323715 6
1750949011510 0.04332575358661202 7
1750949012139 0.03944789450230549 8
1750949012767 0.03631994989219246 9
1750949013392 0.03293110636367956 10
1750949014018 0.027206124628410634 11
1750949014643 0.027314224523635047 12
1750949015274 0.023926408882369413 13
1750949015902 0.02293485225765065 14
1750949016526 0.021749453239980985 15
1750949017158 0.02147487759178705 16
1750949017789 0.017800564251909026 17
1750949018418 0.016772890791055768 18
1750949019048 0.013496122192880251 19
1750949019678 0.015736031951788118 20
1750949020307 0.01234639417207815 21
1750949020940 0.012483962139513007 22
1750949021571 0.010214252385130441 23
1750949022204 0.012452175792471848 24
1750949022836 0.013036465490190262 25
1750949023468 0.00814537116289909 26
1750949024100 0.008174656289888057 27
1750949024733 0.0073039181646004205 28
1750949025367 0.00974265777521642 29
1750949026002 0.00939247241358742 30
1750949026638 0.008801992460910506 31
1750949027277 0.005509370248223846 32
1750949027910 0.0046014570512264655 33
1750949028544 0.0031254435802333083 34
1750949029180 0.004350315827964496 35
1750949029816 0.010812875449465398 36
1750949030455 0.01129357626847112 37
1750949031092 0.010411074398474624 38
1750949031730 0.006631870445986891 39
1750949032372 0.003922413374685963 40
1750949033014 0.0049812148085854125 41
1750949033651 0.0048531333205426444 42
1750949034290 0.002871891719804569 43
1750949034930 0.0016549246745960334 44
1750949035574 0.01066398659099164 45
1750949036218 0.003683501358697053 46
1750949036857 0.0031906739589216042 47
1750949037500 0.006145740410967166 48
1750949038142 0.0021196290777737254 49
1750949038784 0.0032811044313686712 50
1750949039429 0.008682648462332812 51
1750949040070 0.01049497972469411 52
1750949040717 0.005592929382590751 53
1750949041361 0.004690052176175474 54
1750949042005 0.002561418366417926 55
1750949042649 0.0010750014280129661 56
1750949043294 0.0011045686163740907 57
1750949043940 0.0011735498112252932 58
1750949044583 0.001215638580805013 59
1750949045229 0.002263560984400861 60
1750949045876 0.008789257540531146 61
1750949046522 0.005046325406485001 62
1750949047171 0.00755491118450721 63
1750949047819 0.002164385139689324 64
1750949048466 0.0022792810479024352 65
1750949049113 0.004060640292064443 66
1750949049763 0.0011245323594355735 67
1750949050058 0.0011245323594355735 0
1750949007155 0.6581216848519215 0
1750949050058 0.0011245323594355735 0
