1750949007239 0.8373914342700884 0
1750949007853 0.9526842422801374 1
1750949008474 0.9721101642819403 2
1750949009096 0.9757909591536387 3
1750949009721 0.9806837668856141 4
1750949010350 0.9813598524835201 5
1750949010981 0.9849037210196969 6
1750949011612 0.9854455749115166 7
1750949012243 0.9873511235006901 8
1750949012870 0.9884389372246566 9
1750949013496 0.9884386624401886 10
1750949014121 0.9910228509249184 11
1750949014748 0.9910234757424062 12
1750949015378 0.993063809755082 13
1750949016005 0.9915662475198951 14
1750949016631 0.9926550598476604 15
1750949017264 0.9933355381885357 16
1750949017894 0.9944234873671872 17
1750949018523 0.994423354824091 18
1750949019154 0.9957835121840689 19
1750949019783 0.9951032485210813 20
1750949020414 0.996327662412538 21
1750949021045 0.9961916051905884 22
1750949021677 0.997007540762883 23
1750949022311 0.995647548789244 24
1750949022942 0.9961916051905884 25
1750949023574 0.9982317053630814 26
1750949024207 0.9980957077581983 27
1750949024839 0.9985037896466413 28
1750949025474 0.9975517461939497 29
1750949026109 0.9971438020808009 30
1750949026744 0.9974158209302485 31
1750949027384 0.9987758583760199 32
1750949028017 0.9990478661387717 33
1750949028651 0.9994559435986555 34
1750949029287 0.998911860718172 35
1750949029924 0.9964631629796779 36
1750949030563 0.9964636727727915 37
1750949031201 0.9972797523575093 38
1750949031838 0.9983677495070271 39
1750949032481 0.9990479124773247 40
1750949033122 0.9991838747535136 41
1750949033759 0.9986398589966387 42
1750949034399 0.9993198866781082 43
1750949035040 1.0 44
1750949035685 0.9967352273658565 45
1750949036327 0.999591932006865 46
1750949036968 0.9993198866781082 47
1750949037610 0.99795981245141 48
1750949038252 1.0 49
1750949038896 0.9990478898480155 50
1750949039538 0.996463502150363 51
1750949040181 0.9967357204400967 52
1750949040827 0.9990478808924038 53
1750949041472 0.9983677910772579 54
1750949042116 0.9991839343317807 55
1750949042760 1.0 56
1750949043406 0.9998639808769674 57
1750949044051 0.9998639808769674 58
1750949044694 1.0 59
1750949045341 0.9994559165023423 60
1750949045988 0.9964634572652253 61
1750949046633 0.9986398589966387 62
1750949047283 0.9975520341604037 63
1750949047931 0.999727965179543 64
1750949048578 0.999455930359086 65
1750949049226 0.9980957562568009 66
1750949049876 0.999727965179543 67
1750949050058 0.999727965179543 0
1750949007239 0.8373914342700884 0
1750949050058 0.999727965179543 0
