1750949007176 0.8422198041349293 0
1750949007776 0.9528019586507073 1
1750949008397 0.9721164309031556 2
1750949009019 0.9757889009793254 3
1750949009644 0.9806855277475517 4
1750949010272 0.9813656147986942 5
1750949010903 0.9849020674646355 6
1750949011535 0.9854461371055495 7
1750949012165 0.9873503808487486 8
1750949012793 0.9884385201305768 9
1750949013419 0.9884385201305768 10
1750949014044 0.9910228509249184 11
1750949014670 0.9910228509249184 12
1750949015300 0.9930631120783461 13
1750949015928 0.9915669205658324 14
1750949016552 0.9926550598476604 15
1750949017185 0.9933351468988031 16
1750949017815 0.9944232861806311 17
1750949018444 0.9944232861806311 18
1750949019075 0.9957834602829162 19
1750949019704 0.9951033732317737 20
1750949020334 0.9963275299238302 21
1750949020967 0.9961915125136017 22
1750949021598 0.9970076169749728 23
1750949022231 0.9956474428726877 24
1750949022863 0.9961915125136017 25
1750949023494 0.9982317736670294 26
1750949024127 0.9980957562568009 27
1750949024760 0.9985038084874864 28
1750949025394 0.9975516866158868 29
1750949026029 0.9971436343852013 30
1750949026665 0.9974156692056583 31
1750949027304 0.9987758433079434 32
1750949027937 0.9990478781284005 33
1750949028571 0.999455930359086 34
1750949029207 0.998911860718172 35
1750949029843 0.9964635473340587 36
1750949030482 0.9964635473340587 37
1750949031119 0.9972796517954298 38
1750949031757 0.9983677910772579 39
1750949032400 0.9990478781284005 40
1750949033041 0.999183895538629 41
1750949033679 0.9986398258977149 42
1750949034318 0.9993199129488575 43
1750949034958 1.0 44
1750949035602 0.9967355821545157 45
1750949036245 0.9995919477693145 46
1750949036885 0.9993199129488575 47
1750949037528 0.9979597388465724 48
1750949038170 1.0 49
1750949038812 0.9990478781284005 50
1750949039456 0.9964635473340587 51
1750949040099 0.9967355821545157 52
1750949040744 0.9990478781284005 53
1750949041389 0.9983677910772579 54
1750949042033 0.999183895538629 55
1750949042677 1.0 56
1750949043322 0.9998639825897715 57
1750949043967 0.9998639825897715 58
1750949044611 1.0 59
1750949045258 0.999455930359086 60
1750949045904 0.9964635473340587 61
1750949046550 0.9986398258977149 62
1750949047199 0.9975516866158868 63
1750949047847 0.999727965179543 64
1750949048494 0.999455930359086 65
1750949049142 0.9980957562568009 66
1750949049791 0.999727965179543 67
1750949050058 0.999727965179543 0
1750949007176 0.8422198041349293 0
1750949050058 0.999727965179543 0
