1751012905376 0.6268750241875519 0
1751012905974 0.18170413023045326 1
1751012906591 0.10958643692167591 2
1751012907216 0.08272518359440845 3
1751012907840 0.06796147458668762 4
1751012908468 0.06292267178587607 5
1751012909100 0.05210820388077263 6
1751012909733 0.049856021432803946 7
1751012910369 0.047152131439163324 8
1751012911007 0.04301124094895232 9
1751012911642 0.04310059093822592 10
1751012912274 0.04527520879462637 11
1751012912908 0.03509362260643818 12
1751012913540 0.040664540476067414 13
1751012914172 0.03491349218507481 14
1751012914805 0.03749996197123133 15
1751012915436 0.03138044930769534 16
1751012916073 0.03216707163973751 17
1751012916708 0.03097423499245379 18
1751012917350 0.03313014701401999 19
1751012917985 0.02588179374825092 20
1751012918620 0.028340819401218596 21
1751012919255 0.03231205340673472 22
1751012919886 0.030962440504472586 23
1751012920520 0.027382314210236722 24
1751012921158 0.02399045863453303 25
1751012921796 0.023435702068088687 26
1751012922436 0.025292329321958944 27
1751012923073 0.02844043303244586 28
1751012923714 0.02590555908367184 29
1751012924351 0.021205522536003194 30
1751012924987 0.021007920539369392 31
1751012925630 0.01946401974577477 32
1751012926276 0.02128222030541891 33
1751012926915 0.023934787298401695 34
1751012927555 0.025465969494883462 35
1751012928197 0.01839639902848576 36
1751012928838 0.020811393509403083 37
1751012929487 0.017089244218439804 38
1751012930131 0.022198602259240162 39
1751012930777 0.018286734486760832 40
1751012931428 0.022690532081968216 41
1751012932074 0.021362529876028817 42
1751012932717 0.024744016833307465 43
1751012933363 0.03356847845897549 44
1751012934003 0.019735531425924407 45
1751012934645 0.018893626668532018 46
1751012935289 0.019529737354792305 47
1751012935936 0.017656475656703356 48
1751012936578 0.016459247954210044 49
1751012937227 0.015161007584474973 50
1751012937876 0.018326430523999123 51
1751012938526 0.02299049076238106 52
1751012939170 0.01860041209264487 53
1751012939823 0.025377970710761595 54
1751012940525 0.03315563713503399 55
1751012941166 0.020355264243788376 56
1751012941820 0.016674370042041302 57
1751012942475 0.018501914756917783 58
1751012942777 0.018501914756917783 0
1751012905376 0.6268750241875519 0
1751012942777 0.018501914756917783 0
