1751012905418 0.8522929296277328 0
1751012906025 0.9576474547516778 1
1751012906643 0.9730164464170005 2
1751012907268 0.9778056342082061 3
1751012907893 0.980272739493393 4
1751012908522 0.9802644937832425 5
1751012909152 0.985327649177356 6
1751012909784 0.9839530364430302 7
1751012910424 0.9851685130239924 8
1751012911060 0.9869512104729505 9
1751012911696 0.9877577194664546 10
1751012912327 0.986123653690089 11
1751012912963 0.9896653367039528 12
1751012913593 0.9871040821018642 13
1751012914225 0.9900730185477211 14
1751012914858 0.9888596534366683 15
1751012915489 0.9904899851820101 16
1751012916127 0.9900733643063516 17
1751012916764 0.9903552960752218 18
1751012917405 0.9889809127280423 19
1751012918039 0.9926690489032367 20
1751012918675 0.9910228509249184 21
1751012919308 0.9878930574568717 22
1751012919940 0.9900746476316769 23
1751012920577 0.9911684919149885 24
1751012921213 0.992516405452938 25
1751012921853 0.992654626931687 26
1751012922490 0.9936164590671036 27
1751012923128 0.9907557501228323 28
1751012923769 0.991294896533236 29
1751012924405 0.9944218649785107 30
1751012925042 0.9952392728596816 31
1751012925690 0.9952429715887589 32
1751012926330 0.9938791630372904 33
1751012926971 0.9945608255677987 34
1751012927610 0.9926583409228533 35
1751012928251 0.9964648351035051 36
1751012928897 0.9930664063492662 37
1751012929543 0.9945585082271239 38
1751012930186 0.9933367122438335 39
1751012930835 0.9951033732317737 40
1751012931484 0.9925380405245802 41
1751012932130 0.9941535171889048 42
1751012932773 0.9929327769620411 43
1751012933418 0.9907555909099384 44
1751012934059 0.9953766495954957 45
1751012934701 0.9948334441298387 46
1751012935346 0.9949656437258494 47
1751012935991 0.9949725302972025 48
1751012936634 0.996330494036539 49
1751012937284 0.9971447544848443 50
1751012937932 0.994698465200094 51
1751012938582 0.9937439041877212 52
1751012939226 0.9946997990808982 53
1751012939880 0.993607910895966 54
1751012940580 0.9907571008940811 55
1751012941224 0.9951038426126138 56
1751012941878 0.9955115632713855 57
1751012942532 0.9952406432786881 58
1751012942777 0.9952406432786881 0
1751012905418 0.8522929296277328 0
1751012942777 0.9952406432786881 0
