1751012905462 0.8501986584320659 0
1751012906076 0.9575969400765691 1
1751012906695 0.9730395269999166 2
1751012907320 0.9778160990491056 3
1751012907944 0.9802745342369884 4
1751012908574 0.980270705526616 5
1751012909203 0.9853098391335815 6
1751012909839 0.9839507085250175 7
1751012910478 0.985171250667254 8
1751012911114 0.9869434214600306 9
1751012911748 0.9877570360290364 10
1751012912380 0.9861245354002236 11
1751012913016 0.9896631484915394 12
1751012913646 0.9870798347172068 13
1751012914277 0.9900712283057452 14
1751012914911 0.9888490240069732 15
1751012915543 0.9904815346647363 16
1751012916181 0.9900711905901546 17
1751012916819 0.9903437762024382 18
1751012917459 0.9889801916350531 19
1751012918093 0.9926559274598967 20
1751012918729 0.9910228509249184 21
1751012919361 0.9878928680072442 22
1751012919994 0.9900712523509245 23
1751012920630 0.9911595750645557 24
1751012921267 0.9925173694668968 25
1751012921908 0.9926541309647195 26
1751012922543 0.9936081317969705 27
1751012923183 0.990752674543634 28
1751012923824 0.991294781767543 29
1751012924458 0.9944224202385729 30
1751012925098 0.9952392812149903 31
1751012925746 0.9952399180701591 32
1751012926385 0.9938791394635329 33
1751012927027 0.9945593114554296 34
1751012927665 0.9926553833448418 35
1751012928308 0.99646366848682 36
1751012928953 0.9930635033680787 37
1751012929599 0.99455855024799 38
1751012930241 0.9933352812499199 39
1751012930896 0.9951033732317737 40
1751012931541 0.9925200741148599 41
1751012932188 0.9941515161322716 42
1751012932829 0.9929275611278239 43
1751012933473 0.9907524753182174 44
1751012934114 0.9953755113965995 45
1751012934757 0.9948315841012768 46
1751012935402 0.9949664495669154 47
1751012936047 0.9949670690151686 48
1751012936690 0.9963277455324584 49
1751012937344 0.9971437374319739 50
1751012937988 0.9946956324357732 51
1751012938638 0.9937425025049955 52
1751012939283 0.9946956882440706 53
1751012939937 0.9936055901699185 54
1751012940637 0.990751364871938 55
1751012941282 0.9951022118352971 56
1751012941936 0.9955114282264625 57
1751012942589 0.9952395623866234 58
1751012942777 0.9952395623866234 0
1751012905462 0.8501986584320659 0
1751012942777 0.9952395623866234 0
