1751012905397 0.8513329706202394 0
1751012905999 0.9576985854189336 1
1751012906617 0.9730685527747551 2
1751012907242 0.977829162132753 3
1751012907867 0.9802774755168662 4
1751012908495 0.9802774755168662 5
1751012909126 0.985310119695321 6
1751012909758 0.983949945593036 7
1751012910396 0.9851741022850925 8
1751012911034 0.9869423286180631 9
1751012911669 0.9877584330794341 10
1751012912300 0.986126224156692 11
1751012912935 0.9896626768226333 12
1751012913567 0.9870783460282916 13
1751012914198 0.9900707290533188 14
1751012914832 0.9888465723612623 15
1751012915463 0.9904787812840044 16
1751012916101 0.9900707290533188 17
1751012916735 0.9903427638737758 18
1751012917378 0.9889825897714908 19
1751012918012 0.9926550598476604 20
1751012918647 0.9910228509249184 21
1751012919282 0.9878944504896626 22
1751012919913 0.9900707290533188 23
1751012920550 0.9911588683351469 24
1751012921185 0.9925190424374319 25
1751012921825 0.9926550598476604 26
1751012922463 0.9936071817192601 27
1751012923102 0.9907508161044614 28
1751012923741 0.9912948857453754 29
1751012924378 0.9944232861806311 30
1751012925014 0.9952393906420022 31
1751012925658 0.9952393906420022 32
1751012926303 0.9938792165397171 33
1751012926943 0.9945593035908596 34
1751012927583 0.9926550598476604 35
1751012928224 0.9964635473340587 36
1751012928866 0.9930631120783461 37
1751012929515 0.9945593035908596 38
1751012930158 0.9933351468988031 39
1751012930806 0.9951033732317737 40
1751012931456 0.9925190424374319 41
1751012932102 0.9941512513601741 42
1751012932746 0.9929270946681176 43
1751012933390 0.9907508161044614 44
1751012934031 0.9953754080522307 45
1751012934673 0.9948313384113167 46
1751012935317 0.9949673558215452 47
1751012935963 0.9949673558215452 48
1751012936606 0.9963275299238302 49
1751012937256 0.9971436343852013 50
1751012937904 0.9946953210010882 51
1751012938554 0.9937431991294886 52
1751012939198 0.9946953210010882 53
1751012939852 0.9936071817192601 54
1751012940552 0.9907508161044614 55
1751012941195 0.9951033732317737 56
1751012941850 0.9955114254624592 57
1751012942503 0.9952393906420022 58
1751012942777 0.9952393906420022 0
1751012905397 0.8513329706202394 0
1751012942777 0.9952393906420022 0
