1750855413875 0.9124714657258935 0
1750855414333 0.4271188738296808 1
1750855414800 0.27610330463623195 2
1750855415266 0.20025535830994814 3
1750855415735 0.15859182543801276 4
1750855416202 0.1337100285246271 5
1750855416671 0.11495803293323102 6
1750855417141 0.09853102944556207 7
1750855417608 0.08647200478173962 8
1750855418075 0.0840879581520036 9
1750855418540 0.07601983694033343 10
1750855419009 0.06807295938749049 11
1750855419477 0.06637181988608201 12
1750855419945 0.062336917719332516 13
1750855420410 0.06140422090579947 14
1750855420877 0.056691111964340825 15
1750855421343 0.05393326916996394 16
1750855421812 0.048069480074908064 17
1750855422330 0.047296403018480024 18
1750855422837 0.04419503327544223 19
1750855423335 0.04353299742043667 20
1750855423811 0.03913415210996476 21
1750855424283 0.03769385094234519 22
1750855424750 0.038246552106215984 23
1750855425223 0.03641173778855778 24
1750855425691 0.036304984485448805 25
1750855426156 0.03580202165914049 26
1750855426623 0.038125978798480856 27
1750855427091 0.03220619532174276 28
1750855427559 0.033508770660344224 29
1750855428026 0.029929204136579093 30
1750855428494 0.025680180435080052 31
1750855428962 0.028152419783436453 32
1750855429431 0.028410031946661748 33
1750855429899 0.025737391491405366 34
1750855430370 0.025801022479288338 35
1750855430839 0.02629692528561017 36
1750855431307 0.02939866205106841 37
1750855431777 0.028784060447402827 38
1750855432252 0.02672186709716977 39
1750855432722 0.027430708792214653 40
1750855433192 0.02416554456959267 41
1750855433664 0.02316430007004695 42
1750855434139 0.02217552618499059 43
1750855434610 0.023596904125653403 44
1750855435081 0.020967366987503903 45
1750855435554 0.02621771317440003 46
1750855436026 0.024331340774659663 47
1750855436498 0.022275784844887302 48
1750855436971 0.021941663469725023 49
1750855437444 0.02479345283711226 50
1750855437916 0.022897906092571155 51
1750855438388 0.019413469519903956 52
1750855438859 0.01834610550238987 53
1750855439332 0.02260089973322196 54
1750855439806 0.018292646371276585 55
1750855413875 0.9124714657258935 0
