1751013074685 0.8561922006220021 0
1751013075320 0.9580115445442163 1
1751013075966 0.9734588702341467 2
1751013076604 0.9779589497743815 3
1751013077254 0.9843562340396457 4
1751013077901 0.9831337011635055 5
1751013078547 0.9838162839595446 6
1751013079198 0.9858532635215127 7
1751013079850 0.9878959008259562 8
1751013080503 0.9885748155717651 9
1751013081155 0.9902072119813665 10
1751013081805 0.989798123742493 11
1751013082460 0.9915669205658324 12
1751013083116 0.9915661329908944 13
1751013083766 0.9919751686991014 14
1751013084401 0.9917037724521569 15
1751013085037 0.9936057484096787 16
1751013085672 0.9937426997728253 17
1751013086301 0.9941513233520954 18
1751013086936 0.9937433276951816 19
1751013087567 0.9956469299976617 20
1751013088202 0.9949669105884321 21
1751013088837 0.9942848506249392 22
1751013089474 0.9952392067467578 23
1751013090113 0.9965994333905414 24
1751013090748 0.9952395623866234 25
1751013091377 0.996599521924185 26
1751013092020 0.9952396076413461 27
1751013092660 0.9959196587278523 28
1751013093298 0.9957833749119018 29
1751013093946 0.9960556528639654 30
1751013094586 0.9961914322717476 31
1751013095243 0.9941501455900749 32
1751013095901 0.9957837078335634 33
1751013096555 0.9965994333905414 34
1751013097213 0.9972796517954298 35
1751013097870 0.998911860718172 36
1751013098531 0.9985037896466413 37
1751013099192 0.9990478752998853 38
1751013099855 0.9960554555800265 39
1751013100517 0.9938794320696249 40
1751013101181 0.9946953654889371 41
1751013101848 0.9970076334939447 42
1751013102510 0.9982317387979068 43
1751013103171 0.9976876749084458 44
1751013103833 0.9972781488552261 45
1751013104496 0.9990478898480155 46
1751013105160 0.9987758278927066 47
1751013105821 0.9968706702795301 48
1751013106485 0.9965985755520517 49
1751013107152 0.998503750691838 50
1751013107817 0.9955113689399242 51
1751013108479 0.9965996874190166 52
1751013109122 0.9986400507306431 53
1751013109767 0.999183733361582 54
1751013110410 0.9956465807634672 55
1751013111056 0.9985038443504135 56
1751013111701 0.9961914622869078 57
1751013112349 0.994695512373666 58
1751013112998 0.9967354121697062 59
1751013113645 0.9965996066000555 60
1751013114289 0.9983677910772579 61
1751013114939 0.998775629397195 62
1751013115590 0.999183895538629 63
1751013116239 0.9965996066000555 64
1751013116890 0.9967355500979608 65
1751013117540 0.9956476497694962 66
1751013118193 0.9979596600343248 67
1751013118850 0.9967354121697062 68
1751013119500 0.998231502266123 69
1751013120154 0.9980953610779729 70
1751013120809 0.997959713154511 71
1751013121468 0.9970077195261782 72
1751013122127 0.9929246406562091 73
1751013122786 0.9976878861763697 74
1751013123444 0.9972795101414219 75
1751013124100 0.9982317053630814 76
1751013124757 0.9985038269040244 77
1751013125414 0.9990479124773247 78
1751013126072 0.9975516866158868 79
1751013126728 0.9949677594845111 80
1751013127388 0.9964636333912607 81
1751013128045 0.9985038269040244 82
1751013128708 0.9987758583760199 83
1751013129371 0.999320020930668 84
1751013130036 0.9987760190568852 85
1751013130712 0.998911984306631 86
1751013131390 0.9986397949706304 87
1751013132066 0.9952392431176024 88
1751013132736 0.9968715165726908 89
1751013133405 0.9974156366623805 90
1751013133596 0.9974156366623805 0
1751013074685 0.8561922006220021 0
1751013133596 0.9974156366623805 0
