1751013074598 0.5962870545174533 0
1751013075213 0.16455368974911894 1
1751013075860 0.09573834139946949 2
1751013076497 0.0725373257401524 3
1751013077146 0.05990310657416775 4
1751013077794 0.051082866053554 5
1751013078443 0.048814301933359526 6
1751013079094 0.0432669711344844 7
1751013079742 0.037124126066248035 8
1751013080392 0.03419564555118405 9
1751013081048 0.032554025798265836 10
1751013081695 0.03006638304894877 11
1751013082352 0.026103396482473812 12
1751013083005 0.024577145597981583 13
1751013083659 0.025903670638151084 14
1751013084295 0.026121557974464325 15
1751013084928 0.020029331735812606 16
1751013085564 0.01969457980066992 17
1751013086195 0.018400700140128297 18
1751013086828 0.025194615550781067 19
1751013087459 0.020731671058630594 20
1751013088093 0.018059197729159555 21
1751013088729 0.016849372476659578 22
1751013089365 0.017209445678662425 23
1751013090001 0.013452647502409442 24
1751013090641 0.014905741885942899 25
1751013091270 0.01216296087600842 26
1751013091909 0.013933509306513965 27
1751013092550 0.0159380075367729 28
1751013093189 0.014159325168491367 29
1751013093835 0.013485802183489156 30
1751013094476 0.014620965460702469 31
1751013095132 0.017068381854500197 32
1751013095791 0.014730511176079649 33
1751013096447 0.010086882843380598 34
1751013097101 0.009425527942382099 35
1751013097759 0.006884860135290581 36
1751013098420 0.0070530785449351855 37
1751013099079 0.00671986065337777 38
1751013099743 0.013617919491182393 39
1751013100402 0.017153757860579034 40
1751013101067 0.018249299310571367 41
1751013101732 0.011703991097316017 42
1751013102397 0.008879536683661043 43
1751013103058 0.008836657622873669 44
1751013103721 0.010454609718019705 45
1751013104383 0.006605586249602227 46
1751013105047 0.005581299539111247 47
1751013105710 0.011084643504845832 48
1751013106372 0.014205959172295134 49
1751013107038 0.008098079554024189 50
1751013107703 0.011936706491194713 51
1751013108366 0.01092519380531747 52
1751013109009 0.006652489958064462 53
1751013109655 0.005704720370748644 54
1751013110297 0.014882606723000244 55
1751013110943 0.009071116187985707 56
1751013111590 0.011560112676862931 57
1751013112234 0.014977717432634291 58
1751013112885 0.009987732937830066 59
1751013113532 0.010236914221995934 60
1751013114177 0.006073573900141446 61
1751013114825 0.005941331964715813 62
1751013115476 0.005800527843945154 63
1751013116126 0.012899434780859073 64
1751013116774 0.012187034971464802 65
1751013117425 0.012694114233418829 66
1751013118076 0.007059798299150503 67
1751013118733 0.011472265205677432 68
1751013119385 0.007126459162363071 69
1751013120038 0.0086245630061866 70
1751013120691 0.006322318224337204 71
1751013121348 0.010314618434044569 72
1751013122009 0.02392200176437893 73
1751013122668 0.009575153958033142 74
1751013123328 0.010192729262645245 75
1751013123982 0.007269442425186972 76
1751013124640 0.006691900231030296 77
1751013125298 0.005045988647772913 78
1751013125955 0.008221569808779671 79
1751013126610 0.016222625612093783 80
1751013127269 0.010805118518908861 81
1751013127927 0.0061852632017483904 82
1751013128590 0.005502666032065407 83
1751013129252 0.005755597805569883 84
1751013129914 0.005631491687286633 85
1751013130591 0.005402659976062435 86
1751013131271 0.008956351946792094 87
1751013131947 0.017389464635712067 88
1751013132615 0.010768729057662104 89
1751013133283 0.008993619053839413 90
1751013133596 0.008993619053839413 0
1751013074598 0.5962870545174533 0
1751013133596 0.008993619053839413 0
