1751013074618 0.859221980413493 0
1751013075240 0.9581066376496191 1
1751013075887 0.9734766050054406 2
1751013076524 0.9779651795429815 3
1751013077173 0.9843579978237215 4
1751013077821 0.9831338411316648 5
1751013078469 0.9838139281828074 6
1751013079120 0.985854189336235 7
1751013079769 0.9878944504896626 8
1751013080420 0.9885745375408053 9
1751013081074 0.9902067464635473 10
1751013081723 0.9897986942328618 11
1751013082379 0.9915669205658324 12
1751013083033 0.9915669205658324 13
1751013083686 0.9919749727965179 14
1751013084322 0.9917029379760609 15
1751013084955 0.9936071817192601 16
1751013085591 0.9937431991294886 17
1751013086222 0.9941512513601741 18
1751013086856 0.9937431991294886 19
1751013087487 0.9956474428726877 20
1751013088121 0.9949673558215452 21
1751013088756 0.9942872687704026 22
1751013089393 0.9952393906420022 23
1751013090029 0.9965995647442872 24
1751013090668 0.9952393906420022 25
1751013091297 0.9965995647442872 26
1751013091936 0.9952393906420022 27
1751013092577 0.9959194776931447 28
1751013093217 0.9957834602829162 29
1751013093863 0.9960554951033732 30
1751013094503 0.9961915125136017 31
1751013095160 0.9941512513601741 32
1751013095819 0.9957834602829162 33
1751013096474 0.9965995647442872 34
1751013097130 0.9972796517954298 35
1751013097787 0.998911860718172 36
1751013098448 0.9985038084874864 37
1751013099107 0.9990478781284005 38
1751013099771 0.9960554951033732 39
1751013100431 0.9938792165397171 40
1751013101096 0.9946953210010882 41
1751013101763 0.9970076169749728 42
1751013102426 0.9982317736670294 43
1751013103086 0.9976877040261154 44
1751013103750 0.9972796517954298 45
1751013104411 0.9990478781284005 46
1751013105075 0.9987758433079434 47
1751013105738 0.9968715995647442 48
1751013106400 0.9965995647442872 49
1751013107066 0.9985038084874864 50
1751013107732 0.9955114254624592 51
1751013108394 0.9965995647442872 52
1751013109037 0.9986398258977149 53
1751013109683 0.999183895538629 54
1751013110325 0.9956474428726877 55
1751013110972 0.9985038084874864 56
1751013111618 0.9961915125136017 57
1751013112262 0.9946953210010882 58
1751013112913 0.9967355821545157 59
1751013113560 0.9965995647442872 60
1751013114206 0.9983677910772579 61
1751013114853 0.9987758433079434 62
1751013115505 0.999183895538629 63
1751013116154 0.9965995647442872 64
1751013116804 0.9967355821545157 65
1751013117454 0.9956474428726877 66
1751013118106 0.9979597388465724 67
1751013118763 0.9967355821545157 68
1751013119414 0.9982317736670294 69
1751013120067 0.9980957562568009 70
1751013120721 0.9979597388465724 71
1751013121378 0.9970076169749728 72
1751013122039 0.9929270946681176 73
1751013122698 0.9976877040261154 74
1751013123357 0.9972796517954298 75
1751013124012 0.9982317736670294 76
1751013124669 0.9985038084874864 77
1751013125327 0.9990478781284005 78
1751013125984 0.9975516866158868 79
1751013126640 0.9949673558215452 80
1751013127299 0.9964635473340587 81
1751013127957 0.9985038084874864 82
1751013128620 0.9987758433079434 83
1751013129282 0.9993199129488575 84
1751013129945 0.9987758433079434 85
1751013130623 0.998911860718172 86
1751013131301 0.9986398258977149 87
1751013131977 0.9952393906420022 88
1751013132646 0.9968715995647442 89
1751013133314 0.9974156692056583 90
1751013133596 0.9974156692056583 0
1751013074618 0.859221980413493 0
1751013133596 0.9974156692056583 0
