1751013074640 0.860043535142288 0
1751013075266 0.9581162340995941 1
1751013075913 0.9734437588499664 2
1751013076551 0.9779552584793731 3
1751013077201 0.9843576359336453 4
1751013077847 0.9831337776423766 5
1751013078495 0.9838379224988871 6
1751013079146 0.9858549173312005 7
1751013079796 0.9879093183665457 8
1751013080447 0.9885754901281947 9
1751013081101 0.9902092708629451 10
1751013081750 0.989806582972469 11
1751013082406 0.9915669205658324 12
1751013083061 0.9915703729847869 13
1751013083712 0.9919758839258838 14
1751013084348 0.9917127060217376 15
1751013084983 0.9936050261174147 16
1751013085618 0.9937458233784359 17
1751013086248 0.9941514960612875 18
1751013086882 0.9937485919679604 19
1751013087514 0.995648150196535 20
1751013088148 0.9949715499748862 21
1751013088783 0.9942916500023935 22
1751013089420 0.9952399322661352 23
1751013090057 0.9966002149242165 24
1751013090694 0.9952406432786881 25
1751013091324 0.9965995805255785 26
1751013091964 0.995241573749584 27
1751013092605 0.9959214602702325 28
1751013093244 0.9957840894586566 29
1751013093891 0.9960563483081497 30
1751013094531 0.9961964373111132 31
1751013095188 0.994149155153189 32
1751013095846 0.9957864844243907 33
1751013096501 0.9966002149242165 34
1751013097158 0.9972796517954298 35
1751013097815 0.998911860718172 36
1751013098476 0.9985038727673803 37
1751013099135 0.9990480047740339 38
1751013099799 0.996055641765219 39
1751013100460 0.993882551584976 40
1751013101124 0.9946963300055693 41
1751013101791 0.9970078704442419 42
1751013102454 0.9982322810003768 43
1751013103114 0.9976877475208938 44
1751013103778 0.9972784159938747 45
1751013104440 0.9990480036733882 46
1751013105104 0.9987759145162091 47
1751013105766 0.9968700356097102 48
1751013106429 0.9965980947676895 49
1751013107095 0.9985046106455305 50
1751013107760 0.9955114135302633 51
1751013108422 0.9966007227116568 52
1751013109065 0.9986405886955612 53
1751013109711 0.9991838952192711 54
1751013110354 0.9956484508575676 55
1751013110999 0.9985044204349323 56
1751013111646 0.9961916322201563 57
1751013112292 0.9946966115055006 58
1751013112941 0.9967368657995955 59
1751013113589 0.9965997498673379 60
1751013114233 0.9983677910772579 61
1751013114882 0.9987755165107189 62
1751013115533 0.999183895538629 63
1751013116182 0.9965997498673379 64
1751013116833 0.99673599273393 65
1751013117483 0.9956494747063493 66
1751013118135 0.997960497582298 67
1751013118792 0.9967368657995955 68
1751013119443 0.9982313317728299 69
1751013120096 0.9980952741215957 70
1751013120750 0.9979597892697226 71
1751013121408 0.9970079461414366 72
1751013122069 0.9929282886440385 73
1751013122728 0.9976895171158604 74
1751013123386 0.9972809945719529 75
1751013124041 0.9982325541139142 76
1751013124698 0.9985039472720437 77
1751013125356 0.9990488656910006 78
1751013126014 0.9975516866158868 79
1751013126669 0.9949731083144105 80
1751013127330 0.9964641249209827 81
1751013127986 0.9985039472720437 82
1751013128650 0.9987759754727158 83
1751013129311 0.9993202300057578 84
1751013129976 0.9987765030803424 85
1751013130653 0.9989128123294196 86
1751013131331 0.9986406221416823 87
1751013132006 0.9952416916748884 88
1751013132675 0.9968719641638198 89
1751013133344 0.9974157057720651 90
1751013133596 0.9974157057720651 0
1751013074640 0.860043535142288 0
1751013133596 0.9974157057720651 0
