1751013074662 0.859221980413493 0
1751013075293 0.9581066376496191 1
1751013075940 0.9734766050054406 2
1751013076577 0.9779651795429815 3
1751013077228 0.9843579978237215 4
1751013077874 0.9831338411316648 5
1751013078521 0.9838139281828074 6
1751013079172 0.985854189336235 7
1751013079823 0.9878944504896626 8
1751013080475 0.9885745375408053 9
1751013081128 0.9902067464635473 10
1751013081777 0.9897986942328618 11
1751013082433 0.9915669205658324 12
1751013083089 0.9915669205658324 13
1751013083739 0.9919749727965179 14
1751013084375 0.9917029379760609 15
1751013085010 0.9936071817192601 16
1751013085645 0.9937431991294886 17
1751013086275 0.9941512513601741 18
1751013086909 0.9937431991294886 19
1751013087540 0.9956474428726877 20
1751013088176 0.9949673558215452 21
1751013088810 0.9942872687704026 22
1751013089447 0.9952393906420022 23
1751013090085 0.9965995647442872 24
1751013090721 0.9952393906420022 25
1751013091351 0.9965995647442872 26
1751013091992 0.9952393906420022 27
1751013092633 0.9959194776931447 28
1751013093271 0.9957834602829162 29
1751013093918 0.9960554951033732 30
1751013094559 0.9961915125136017 31
1751013095215 0.9941512513601741 32
1751013095873 0.9957834602829162 33
1751013096528 0.9965995647442872 34
1751013097186 0.9972796517954298 35
1751013097843 0.998911860718172 36
1751013098504 0.9985038084874864 37
1751013099164 0.9990478781284005 38
1751013099827 0.9960554951033732 39
1751013100489 0.9938792165397171 40
1751013101153 0.9946953210010882 41
1751013101820 0.9970076169749728 42
1751013102482 0.9982317736670294 43
1751013103143 0.9976877040261154 44
1751013103806 0.9972796517954298 45
1751013104468 0.9990478781284005 46
1751013105132 0.9987758433079434 47
1751013105793 0.9968715995647442 48
1751013106457 0.9965995647442872 49
1751013107123 0.9985038084874864 50
1751013107788 0.9955114254624592 51
1751013108451 0.9965995647442872 52
1751013109094 0.9986398258977149 53
1751013109739 0.999183895538629 54
1751013110382 0.9956474428726877 55
1751013111027 0.9985038084874864 56
1751013111674 0.9961915125136017 57
1751013112320 0.9946953210010882 58
1751013112969 0.9967355821545157 59
1751013113617 0.9965995647442872 60
1751013114261 0.9983677910772579 61
1751013114911 0.9987758433079434 62
1751013115562 0.999183895538629 63
1751013116211 0.9965995647442872 64
1751013116862 0.9967355821545157 65
1751013117512 0.9956474428726877 66
1751013118164 0.9979597388465724 67
1751013118821 0.9967355821545157 68
1751013119472 0.9982317736670294 69
1751013120125 0.9980957562568009 70
1751013120779 0.9979597388465724 71
1751013121438 0.9970076169749728 72
1751013122098 0.9929270946681176 73
1751013122757 0.9976877040261154 74
1751013123415 0.9972796517954298 75
1751013124070 0.9982317736670294 76
1751013124728 0.9985038084874864 77
1751013125385 0.9990478781284005 78
1751013126043 0.9975516866158868 79
1751013126698 0.9949673558215452 80
1751013127359 0.9964635473340587 81
1751013128016 0.9985038084874864 82
1751013128679 0.9987758433079434 83
1751013129342 0.9993199129488575 84
1751013130006 0.9987758433079434 85
1751013130682 0.998911860718172 86
1751013131360 0.9986398258977149 87
1751013132036 0.9952393906420022 88
1751013132706 0.9968715995647442 89
1751013133374 0.9974156692056583 90
1751013133596 0.9974156692056583 0
1751013074662 0.859221980413493 0
1751013133596 0.9974156692056583 0
