1750949438690 0.6126501705169158 0
1750949439285 0.17331402184557215 1
1750949439906 0.1081029246069726 2
1750949440527 0.0812926184917041 3
1750949441153 0.06981633943672798 4
1750949441781 0.059792422056117046 5
1750949442413 0.05581260924110994 6
1750949443046 0.05347095654468671 7
1750949443682 0.04636670213285935 8
1750949444314 0.048289347275832145 9
1750949444945 0.04443681466173263 10
1750949445580 0.04170387664503774 11
1750949446212 0.03955008050222132 12
1750949446844 0.03917947732889062 13
1750949447476 0.04496769143533979 14
1750949448107 0.037785126755451856 15
1750949448738 0.03516675112008951 16
1750949449368 0.02896027068959162 17
1750949450000 0.02702015433338865 18
1750949450637 0.027646871984929204 19
1750949451269 0.02759033424822336 20
1750949451904 0.04023359603348864 21
1750949452539 0.03138655414085296 22
1750949453176 0.026297582570824193 23
1750949453813 0.0235416254827244 24
1750949454447 0.022947368470970154 25
1750949455081 0.021787514598985428 26
1750949455721 0.023979577239424444 27
1750949456357 0.021843718333419117 28
1750949456994 0.020258362555493306 29
1750949457633 0.022885467955423063 30
1750949458271 0.031413102816380926 31
1750949458910 0.023146671613919527 32
1750949459547 0.02646664911384519 33
1750949460188 0.018400316181875383 34
1750949460827 0.021664478145722175 35
1750949461467 0.019210173264530946 36
1750949462107 0.01723041007917484 37
1750949462749 0.019102988644048035 38
1750949463390 0.022409698551457875 39
1750949464030 0.03122673167161019 40
1750949464673 0.020267225901258783 41
1750949465317 0.018436746273526233 42
1750949465961 0.017194584208379486 43
1750949466605 0.015392423650985573 44
1750949467255 0.019078173116761563 45
1750949467911 0.01785378019736879 46
1750949468562 0.018539989512804916 47
1750949469210 0.019444083532985296 48
1750949469854 0.031792887634475096 49
1750949470501 0.02605951460173619 50
1750949471146 0.017356461676352446 51
1750949471792 0.01522509238563105 52
1750949472438 0.01295788774405676 53
1750949473083 0.015014972777933823 54
1750949473729 0.014698401653137913 55
1750949474376 0.022388861578979385 56
1750949475024 0.01958393649845683 57
1750949475669 0.02045475716740136 58
1750949476317 0.029026889746402662 59
1750949476965 0.016409310849203086 60
1750949477615 0.015178821060271432 61
1750949478264 0.016616991853850193 62
1750949478914 0.012681443479836343 63
1750949479565 0.020145998869427723 64
1750949480214 0.01921151288996843 65
1750949480865 0.020159614860699376 66
1750949481517 0.017195994410384143 67
1750949482168 0.01657056053026181 68
1750949482822 0.015687148868064757 69
1750949483475 0.013581617154389766 70
1750949484128 0.011835179068715646 71
1750949484779 0.015684661872470113 72
1750949485433 0.018538138961928196 73
1750949486091 0.015444491146754584 74
1750949486746 0.022954952674061547 75
1750949487403 0.01397435158598556 76
1750949488059 0.018676910205856694 77
1750949488715 0.015676132397993717 78
1750949489369 0.014387429832714946 79
1750949490025 0.01254658888056631 80
1750949490683 0.011875803798479682 81
1750949491339 0.01746068269387293 82
1750949491994 0.020774614464661858 83
1750949492653 0.016695635942529412 84
1750949493312 0.025412528694052982 85
1750949493971 0.020889678507611576 86
1750949494629 0.018192213777071666 87
1750949495287 0.012777184431113798 88
1750949495948 0.013266423210436813 89
1750949496252 0.013266423210436813 0
1750949438690 0.6126501705169158 0
1750949496252 0.013266423210436813 0
