1750949438774 0.8580149822171691 0
1750949439387 0.9578956555765492 1
1750949440009 0.9703296430455438 2
1750949440631 0.9760493771621718 3
1750949441256 0.9774194550595623 4
1750949441884 0.9821790996120179 5
1750949442516 0.9823127847111242 6
1750949443151 0.9821814343415822 7
1750949443787 0.9859919992132331 8
1750949444419 0.9843552271556855 9
1750949445051 0.9854396607808142 10
1750949445685 0.9848977885391256 11
1750949446317 0.9877591370093929 12
1750949446949 0.9876229907865159 13
1750949447581 0.9877581367672279 14
1750949448212 0.9863949227001412 15
1750949448843 0.9892515217609031 16
1750949449473 0.9904792338707731 17
1750949450108 0.9910206053409596 18
1750949450742 0.9917034250918505 19
1750949451374 0.9915676840427234 20
1750949452011 0.9887075829232596 21
1750949452646 0.9911598631517172 22
1750949453284 0.9923832690452764 23
1750949453918 0.9931996679980846 24
1750949454552 0.9936075570379831 25
1750949455189 0.9930617871735818 26
1750949455826 0.9927922492301275 27
1750949456463 0.9941501455900749 28
1750949457101 0.9938786405434246 29
1750949457739 0.9938795548724255 30
1750949458378 0.9911580149624094 31
1750949459017 0.994831165024372 32
1750949459655 0.990751252672074 33
1750949460294 0.9948309510901658 34
1750949460936 0.9929279988431505 35
1750949461576 0.9948314641872271 36
1750949462217 0.994559682268125 37
1750949462858 0.9938794373542299 38
1750949463499 0.9940156504949376 39
1750949464139 0.9918391252826603 40
1750949464782 0.9946956610265734 41
1750949465427 0.995375618337225 42
1750949466071 0.9964638228433094 43
1750949466715 0.9955114807120732 44
1750949467366 0.9945590946980323 45
1750949468023 0.9953752902699101 46
1750949468672 0.9951036221394329 47
1750949469319 0.9937428733252703 48
1750949469965 0.9903428228703078 49
1750949470611 0.9933334040641584 50
1750949471256 0.9961916159297463 51
1750949471902 0.9957835121840689 52
1750949472548 0.9972794401560101 53
1750949473193 0.9957834071859893 54
1750949473840 0.996734769712368 55
1750949474487 0.9925207520349987 56
1750949475135 0.9942872687704026 57
1750949475780 0.9949677776317889 58
1750949476429 0.9917022087655961 59
1750949477078 0.9956477838407976 60
1750949477727 0.996327662412538 61
1750949478377 0.9955114807120732 62
1750949479026 0.9975518570206563 63
1750949479677 0.9952400976564941 64
1750949480326 0.9956480788796973 65
1750949480978 0.9951034982557105 66
1750949481630 0.9948304164024767 67
1750949482281 0.9952378985316883 68
1750949482936 0.9951040048915736 69
1750949483588 0.9971435984163153 70
1750949484241 0.9974156366623805 71
1750949484893 0.9959194776931447 72
1750949485548 0.9951020014826103 73
1750949486206 0.9959195134223787 74
1750949486864 0.9940149473916208 75
1750949487517 0.9978238233119082 76
1750949488174 0.9951036441901923 77
1750949488829 0.9957834071859893 78
1750949489484 0.9961915125136017 79
1750949490140 0.9972797179932774 80
1750949490797 0.9972797179932774 81
1750949491454 0.9949674177680822 82
1750949492110 0.9941530372209992 83
1750949492770 0.9961915644401952 84
1750949493428 0.9936070411659744 85
1750949494087 0.9942875766680987 86
1750949494745 0.9944244267810614 87
1750949495404 0.9967355821545157 88
1750949496064 0.9966002013596392 89
1750949496252 0.9966002013596392 0
1750949438774 0.8580149822171691 0
1750949496252 0.9966002013596392 0
