1750949438752 0.860582154515778 0
1750949439362 0.9579706202393906 1
1750949439983 0.970348204570185 2
1750949440605 0.9760609357997824 3
1750949441230 0.9774211099020674 4
1750949441859 0.9821817192600653 5
1750949442491 0.9823177366702938 6
1750949443125 0.9821817192600653 7
1750949443760 0.9859902067464635 8
1750949444393 0.9843579978237215 9
1750949445024 0.9854461371055495 10
1750949445659 0.9849020674646355 11
1750949446291 0.9877584330794341 12
1750949446922 0.9876224156692056 13
1750949447555 0.9877584330794341 14
1750949448186 0.9863982589771491 15
1750949448817 0.9892546245919478 16
1750949449447 0.9904787812840044 17
1750949450081 0.9910228509249184 18
1750949450716 0.9917029379760609 19
1750949451348 0.9915669205658324 20
1750949451984 0.9887105549510338 21
1750949452620 0.9911588683351469 22
1750949453257 0.9923830250272034 23
1750949453892 0.9931991294885746 24
1750949454526 0.9936071817192601 25
1750949455162 0.9930631120783461 26
1750949455800 0.9927910772578891 27
1750949456437 0.9941512513601741 28
1750949457074 0.9938792165397171 29
1750949457713 0.9938792165397171 30
1750949458352 0.9911588683351469 31
1750949458990 0.9948313384113167 32
1750949459628 0.9907508161044614 33
1750949460267 0.9948313384113167 34
1750949460909 0.9929270946681176 35
1750949461548 0.9948313384113167 36
1750949462189 0.9945593035908596 37
1750949462831 0.9938792165397171 38
1750949463471 0.9940152339499456 39
1750949464111 0.9918389553862894 40
1750949464755 0.9946953210010882 41
1750949465400 0.9953754080522307 42
1750949466043 0.9964635473340587 43
1750949466688 0.9955114254624592 44
1750949467338 0.9945593035908596 45
1750949467995 0.9953754080522307 46
1750949468645 0.9951033732317737 47
1750949469292 0.9937431991294886 48
1750949469937 0.9903427638737758 49
1750949470584 0.9933351468988031 50
1750949471229 0.9961915125136017 51
1750949471874 0.9957834602829162 52
1750949472521 0.9972796517954298 53
1750949473165 0.9957834602829162 54
1750949473813 0.9967355821545157 55
1750949474460 0.9925190424374319 56
1750949475107 0.9942872687704026 57
1750949475752 0.9949673558215452 58
1750949476401 0.9917029379760609 59
1750949477049 0.9956474428726877 60
1750949477699 0.9963275299238302 61
1750949478349 0.9955114254624592 62
1750949478998 0.9975516866158868 63
1750949479648 0.9952393906420022 64
1750949480298 0.9956474428726877 65
1750949480949 0.9951033732317737 66
1750949481602 0.9948313384113167 67
1750949482253 0.9952393906420022 68
1750949482908 0.9951033732317737 69
1750949483560 0.9971436343852013 70
1750949484213 0.9974156692056583 71
1750949484864 0.9959194776931447 72
1750949485520 0.9951033732317737 73
1750949486177 0.9959194776931447 74
1750949486835 0.9940152339499456 75
1750949487489 0.9978237214363439 76
1750949488145 0.9951033732317737 77
1750949488800 0.9957834602829162 78
1750949489455 0.9961915125136017 79
1750949490111 0.9972796517954298 80
1750949490769 0.9972796517954298 81
1750949491425 0.9949673558215452 82
1750949492081 0.9941512513601741 83
1750949492741 0.9961915125136017 84
1750949493399 0.9936071817192601 85
1750949494058 0.9942872687704026 86
1750949494716 0.9944232861806311 87
1750949495375 0.9967355821545157 88
1750949496035 0.9965995647442872 89
1750949496252 0.9965995647442872 0
1750949438752 0.860582154515778 0
1750949496252 0.9965995647442872 0
