1750949438710 0.860582154515778 0
1750949439310 0.9579706202393906 1
1750949439932 0.970348204570185 2
1750949440554 0.9760609357997824 3
1750949441179 0.9774211099020674 4
1750949441807 0.9821817192600653 5
1750949442439 0.9823177366702938 6
1750949443073 0.9821817192600653 7
1750949443708 0.9859902067464635 8
1750949444341 0.9843579978237215 9
1750949444971 0.9854461371055495 10
1750949445607 0.9849020674646355 11
1750949446239 0.9877584330794341 12
1750949446870 0.9876224156692056 13
1750949447503 0.9877584330794341 14
1750949448133 0.9863982589771491 15
1750949448765 0.9892546245919478 16
1750949449394 0.9904787812840044 17
1750949450027 0.9910228509249184 18
1750949450663 0.9917029379760609 19
1750949451296 0.9915669205658324 20
1750949451931 0.9887105549510338 21
1750949452566 0.9911588683351469 22
1750949453203 0.9923830250272034 23
1750949453839 0.9931991294885746 24
1750949454473 0.9936071817192601 25
1750949455108 0.9930631120783461 26
1750949455747 0.9927910772578891 27
1750949456384 0.9941512513601741 28
1750949457021 0.9938792165397171 29
1750949457659 0.9938792165397171 30
1750949458299 0.9911588683351469 31
1750949458937 0.9948313384113167 32
1750949459575 0.9907508161044614 33
1750949460215 0.9948313384113167 34
1750949460855 0.9929270946681176 35
1750949461495 0.9948313384113167 36
1750949462134 0.9945593035908596 37
1750949462776 0.9938792165397171 38
1750949463418 0.9940152339499456 39
1750949464057 0.9918389553862894 40
1750949464700 0.9946953210010882 41
1750949465345 0.9953754080522307 42
1750949465988 0.9964635473340587 43
1750949466633 0.9955114254624592 44
1750949467283 0.9945593035908596 45
1750949467939 0.9953754080522307 46
1750949468589 0.9951033732317737 47
1750949469238 0.9937431991294886 48
1750949469881 0.9903427638737758 49
1750949470528 0.9933351468988031 50
1750949471173 0.9961915125136017 51
1750949471820 0.9957834602829162 52
1750949472466 0.9972796517954298 53
1750949473110 0.9957834602829162 54
1750949473757 0.9967355821545157 55
1750949474404 0.9925190424374319 56
1750949475052 0.9942872687704026 57
1750949475697 0.9949673558215452 58
1750949476345 0.9917029379760609 59
1750949476994 0.9956474428726877 60
1750949477644 0.9963275299238302 61
1750949478292 0.9955114254624592 62
1750949478942 0.9975516866158868 63
1750949479593 0.9952393906420022 64
1750949480243 0.9956474428726877 65
1750949480893 0.9951033732317737 66
1750949481546 0.9948313384113167 67
1750949482196 0.9952393906420022 68
1750949482851 0.9951033732317737 69
1750949483504 0.9971436343852013 70
1750949484156 0.9974156692056583 71
1750949484808 0.9959194776931447 72
1750949485462 0.9951033732317737 73
1750949486120 0.9959194776931447 74
1750949486777 0.9940152339499456 75
1750949487432 0.9978237214363439 76
1750949488088 0.9951033732317737 77
1750949488744 0.9957834602829162 78
1750949489398 0.9961915125136017 79
1750949490054 0.9972796517954298 80
1750949490711 0.9972796517954298 81
1750949491368 0.9949673558215452 82
1750949492023 0.9941512513601741 83
1750949492683 0.9961915125136017 84
1750949493342 0.9936071817192601 85
1750949494000 0.9942872687704026 86
1750949494658 0.9944232861806311 87
1750949495317 0.9967355821545157 88
1750949495977 0.9965995647442872 89
1750949496252 0.9965995647442872 0
1750949438710 0.860582154515778 0
1750949496252 0.9965995647442872 0
