1750949438731 0.8632292848379688 0
1750949439336 0.9579476097795565 1
1750949439957 0.9703201536942826 2
1750949440580 0.9760461498523172 3
1750949441205 0.9774221653504619 4
1750949441833 0.9821774142848768 5
1750949442465 0.9823121865980089 6
1750949443099 0.9821813656661174 7
1750949443734 0.986008093302661 8
1750949444367 0.9843526845483963 9
1750949444998 0.9854356187878831 10
1750949445633 0.9848977539171169 11
1750949446265 0.987762438491647 12
1750949446896 0.9876252725768196 13
1750949447529 0.9877587743630122 14
1750949448160 0.986396723655096 15
1750949448791 0.9892504127966676 16
1750949449421 0.9904812810551152 17
1750949450054 0.9910206123517763 18
1750949450690 0.9917064123332784 19
1750949451322 0.991574844585486 20
1750949451957 0.9887074336307633 21
1750949452593 0.9911650216489639 22
1750949453230 0.9923845405994267 23
1750949453866 0.9932052477980474 24
1750949454499 0.9936104459757975 25
1750949455135 0.993060562428503 26
1750949455774 0.9928015482150411 27
1750949456410 0.994149155153189 28
1750949457048 0.9938829979690953 29
1750949457686 0.9938829414308801 30
1750949458325 0.9911572788652587 31
1750949458964 0.9948319017466087 32
1750949459601 0.9907526992189974 33
1750949460241 0.994834883960272 34
1750949460882 0.9929291974267244 35
1750949461521 0.9948319935845437 36
1750949462162 0.9945636901172473 37
1750949462803 0.9938805638457193 38
1750949463445 0.9940196906607555 39
1750949464084 0.9918393988008296 40
1750949464728 0.9946969091365951 41
1750949465372 0.9953771178874867 42
1750949466016 0.9964691984648764 43
1750949466660 0.9955116370646488 44
1750949467310 0.9945599126463092 45
1750949467967 0.9953755768052662 46
1750949468617 0.9951112381099478 47
1750949469265 0.9937441575516307 48
1750949469909 0.9903451210926421 49
1750949470556 0.9933377328651196 50
1750949471201 0.9961937191249642 51
1750949471847 0.9957836652653211 52
1750949472493 0.9972813621183861 53
1750949473138 0.9957834552790921 54
1750949473785 0.9967352871897865 55
1750949474432 0.9925231691778148 56
1750949475079 0.9942872687704026 57
1750949475724 0.9949809563157516 58
1750949476373 0.9917015869419918 59
1750949477021 0.9956532135889923 60
1750949477672 0.9963287068250631 61
1750949478321 0.9955116370646488 62
1750949478970 0.9975556871279524 63
1750949479621 0.9952410294751151 64
1750949480271 0.9956499043457545 65
1750949480921 0.9951054607375324 66
1750949481573 0.994829719181 67
1750949482224 0.9952423182652375 68
1750949482879 0.995119172054251 69
1750949483532 0.9971436640232362 70
1750949484184 0.9974157057720651 71
1750949484836 0.9959194776931447 72
1750949485491 0.9951018153397693 73
1750949486149 0.9959200735710436 74
1750949486805 0.994015952586008 75
1750949487460 0.9978248650241658 76
1750949488116 0.9951106378291235 77
1750949488772 0.9957834552790921 78
1750949489427 0.9961915125136017 79
1750949490082 0.997280190589202 80
1750949490740 0.997280190589202 81
1750949491396 0.9949675806633043 82
1750949492052 0.994156949631259 83
1750949492712 0.9961918420653634 84
1750949493371 0.9936072939863219 85
1750949494029 0.9942896187629172 86
1750949494687 0.994432037756625 87
1750949495346 0.9967355821545157 88
1750949496006 0.9966009386575219 89
1750949496252 0.9966009386575219 0
1750949438731 0.8632292848379688 0
1750949496252 0.9966009386575219 0
