1751012574085 0.8374687153463943 0
1751012574690 0.9548953227902162 1
1751012575315 0.9685218916886953 2
1751012575942 0.9767187502004786 3
1751012576751 0.9827274516767545 4
1751012577390 0.9814991383059469 5
1751012578030 0.9846297867555092 6
1751012578667 0.9868067346431365 7
1751012579306 0.9895283096602194 8
1751012579939 0.9895277670328712 9
1751012580573 0.9883025027203483 10
1751012581201 0.9887108907897808 11
1751012581834 0.9908931839349905 12
1751012582465 0.9912996933782963 13
1751012583105 0.992519326857254 14
1751012583742 0.9927913550579262 15
1751012584376 0.9911624027211301 16
1751012585014 0.9912958720997609 17
1751012585649 0.991431140823507 18
1751012586284 0.9937439060269179 19
1751012586922 0.9914306107207368 20
1751012587557 0.9934744173195006 21
1751012588194 0.9944235739158185 22
1751012588834 0.9942912710194305 23
1751012589470 0.99592088129673 24
1751012590109 0.9930669007056113 25
1751012590748 0.9933354114592706 26
1751012591387 0.9936131335212706 27
1751012592024 0.9952393717814346 28
1751012592663 0.9970146545287857 29
1751012593303 0.997419210778578 30
1751012593947 0.9964637727486975 31
1751012594591 0.9930637123298126 32
1751012595233 0.9927931894747962 33
1751012595875 0.99605768603826 34
1751012596514 0.9963277216666656 35
1751012597151 0.9963276677327565 36
1751012597789 0.9966002560457942 37
1751012598429 0.9941545712237898 38
1751012599067 0.9967358217345553 39
1751012599704 0.996055497027921 40
1751012600342 0.9957854356741616 41
1751012600982 0.9976881447164546 42
1751012601619 0.998100085748733 43
1751012602256 0.9975505219320371 44
1751012602899 0.9948295009556466 45
1751012603536 0.9957864844243907 46
1751012604174 0.9959194776931447 47
1751012604813 0.9966009295547208 48
1751012605455 0.9948344868146164 49
1751012606095 0.9979604476234126 50
1751012606737 0.9982318310185515 51
1751012607383 0.9975516866158868 52
1751012608028 0.9985042580789666 53
1751012608671 0.9979613081291865 54
1751012609315 0.9970081686997956 55
1751012609958 0.9970116876714604 56
1751012610604 0.9970078707204133 57
1751012610843 0.9970078707204133 0
1751012574085 0.8374687153463943 0
1751012610843 0.9970078707204133 0
