1751012574043 0.6481608018133145 0
1751012574638 0.19039149095139124 1
1751012575262 0.11515280813124676 2
1751012575890 0.08003817380317796 3
1751012576697 0.06304784427610782 4
1751012577336 0.058527164513871514 5
1751012577976 0.04936865668731688 6
1751012578614 0.04470532475560255 7
1751012579253 0.03884323849317428 8
1751012579886 0.03678146645860489 9
1751012580520 0.035237387690178326 10
1751012581148 0.036149790075782916 11
1751012581779 0.029566134810569304 12
1751012582411 0.0301168420781727 13
1751012583051 0.026389168188790665 14
1751012583688 0.024298639644253533 15
1751012584322 0.02700059141576598 16
1751012584959 0.02641684834574784 17
1751012585594 0.02589231333923369 18
1751012586231 0.021431198917730623 19
1751012586868 0.02841086521992 20
1751012587503 0.02347107602321868 21
1751012588140 0.019773956797145494 22
1751012588779 0.019286953283461687 23
1751012589416 0.015639923789596208 24
1751012590054 0.019669327260399393 25
1751012590693 0.018353298916030467 26
1751012591332 0.019687802087965545 27
1751012591970 0.016386049833316943 28
1751012592608 0.01258968602462091 29
1751012593249 0.011267829913153466 30
1751012593891 0.013954415130738059 31
1751012594535 0.02066732213150414 32
1751012595177 0.023575585939738013 33
1751012595820 0.015525210904914145 34
1751012596459 0.01333586282808216 35
1751012597095 0.014174981122041958 36
1751012597734 0.01304568836725924 37
1751012598374 0.01858450313807101 38
1751012599012 0.012876734319948657 39
1751012599650 0.01317237414697325 40
1751012600287 0.01322857027400135 41
1751012600927 0.010232896979551629 42
1751012601564 0.00794161649236417 43
1751012602201 0.012629058918641056 44
1751012602844 0.016069579499614576 45
1751012603482 0.013147305033293323 46
1751012604119 0.01382741736708223 47
1751012604758 0.015286605806172023 48
1751012605399 0.019072457585054103 49
1751012606039 0.011522831783783992 50
1751012606681 0.009368708475530391 51
1751012607328 0.010205974792747458 52
1751012607973 0.009071058655761677 53
1751012608615 0.008788655674686986 54
1751012609259 0.012375739179105701 55
1751012609902 0.010789710796900272 56
1751012610548 0.009818673185660617 57
1751012610843 0.009818673185660617 0
1751012574043 0.6481608018133145 0
1751012610843 0.009818673185660617 0
