1751012574063 0.8374591947769314 0
1751012574664 0.9549782372143635 1
1751012575289 0.9685799782372143 2
1751012575916 0.9767410228509249 3
1751012576723 0.9827257889009793 4
1751012577363 0.9815016322089227 5
1751012578003 0.9846300326441785 6
1751012578641 0.9868063112078346 7
1751012579279 0.9895266594124048 8
1751012579912 0.9895266594124048 9
1751012580546 0.9883025027203483 10
1751012581174 0.9887105549510338 11
1751012581807 0.9908868335146899 12
1751012582438 0.9912948857453754 13
1751012583078 0.9925190424374319 14
1751012583716 0.9927910772578891 15
1751012584349 0.9911588683351469 16
1751012584986 0.9912948857453754 17
1751012585622 0.9914309031556039 18
1751012586257 0.9937431991294886 19
1751012586895 0.9914309031556039 20
1751012587530 0.9934711643090316 21
1751012588167 0.9944232861806311 22
1751012588806 0.9942872687704026 23
1751012589443 0.9959194776931447 24
1751012590082 0.9930631120783461 25
1751012590721 0.9933351468988031 26
1751012591360 0.9936071817192601 27
1751012591997 0.9952393906420022 28
1751012592636 0.9970076169749728 29
1751012593276 0.9974156692056583 30
1751012593919 0.9964635473340587 31
1751012594563 0.9930631120783461 32
1751012595206 0.9927910772578891 33
1751012595848 0.9960554951033732 34
1751012596487 0.9963275299238302 35
1751012597123 0.9963275299238302 36
1751012597761 0.9965995647442872 37
1751012598402 0.9941512513601741 38
1751012599040 0.9967355821545157 39
1751012599677 0.9960554951033732 40
1751012600315 0.9957834602829162 41
1751012600954 0.9976877040261154 42
1751012601591 0.9980957562568009 43
1751012602229 0.9975516866158868 44
1751012602872 0.9948313384113167 45
1751012603509 0.9957834602829162 46
1751012604146 0.9959194776931447 47
1751012604785 0.9965995647442872 48
1751012605427 0.9948313384113167 49
1751012606067 0.9979597388465724 50
1751012606709 0.9982317736670294 51
1751012607356 0.9975516866158868 52
1751012608000 0.9985038084874864 53
1751012608644 0.9979597388465724 54
1751012609287 0.9970076169749728 55
1751012609930 0.9970076169749728 56
1751012610576 0.9970076169749728 57
1751012610843 0.9970076169749728 0
1751012574063 0.8374591947769314 0
1751012610843 0.9970076169749728 0
