1751012574129 0.8349529201941853 0
1751012574744 0.9549014437230039 1
1751012575370 0.968542340072248 2
1751012575994 0.9767269392285214 3
1751012576807 0.9827263589172783 4
1751012577443 0.9814993074938574 5
1751012578083 0.9846296474193611 6
1751012578721 0.9868064736082153 7
1751012579359 0.9895270372505712 8
1751012579992 0.9895259702745611 9
1751012580626 0.9883025027203483 10
1751012581255 0.9887098616532064 11
1751012581887 0.9908875644719526 12
1751012582520 0.9912954916290001 13
1751012583160 0.9925191345201221 14
1751012583796 0.9927911659921176 15
1751012584430 0.9911593873929555 16
1751012585068 0.9912928013624339 17
1751012585703 0.991430572144164 18
1751012586339 0.9937433513845381 19
1751012586975 0.9914304901208056 20
1751012587612 0.9934714718098087 21
1751012588248 0.9944227107896756 22
1751012588889 0.9942867399927969 23
1751012589525 0.9959197124862867 24
1751012590164 0.9930646521611397 25
1751012590803 0.9933352289361087 26
1751012591441 0.9936076944803249 27
1751012592079 0.995239330693859 28
1751012592718 0.9970078878861277 29
1751012593359 0.9974163676558621 30
1751012594002 0.9964634572652253 31
1751012594646 0.9930630984295777 32
1751012595289 0.9927908865191508 33
1751012595930 0.9960557240906635 34
1751012596569 0.9963275751280599 35
1751012597205 0.9963275326878336 36
1751012597844 0.9965996413531891 37
1751012598484 0.9941515903303122 38
1751012599122 0.9967354990140542 39
1751012599759 0.9960554454320546 40
1751012600398 0.9957831828378103 41
1751012601037 0.9976874663768764 42
1751012601673 0.998096336454241 43
1751012602312 0.9975509499246504 44
1751012602954 0.9948302667774175 45
1751012603590 0.9957837078335634 46
1751012604229 0.9959194776931447 47
1751012604869 0.9965997796780749 48
1751012605510 0.99483063264779 49
1751012606151 0.9979598300337105 50
1751012606795 0.9982317514005762 51
1751012607440 0.9975516866158868 52
1751012608084 0.9985037670656637 53
1751012608727 0.9979596464111304 54
1751012609371 0.9970076897926052 55
1751012610014 0.9970078252474687 56
1751012610660 0.997007540762883 57
1751012610843 0.997007540762883 0
1751012574129 0.8349529201941853 0
1751012610843 0.997007540762883 0
