1751012574107 0.8374591947769314 0
1751012574718 0.9549782372143635 1
1751012575342 0.9685799782372143 2
1751012575968 0.9767410228509249 3
1751012576780 0.9827257889009793 4
1751012577417 0.9815016322089227 5
1751012578057 0.9846300326441785 6
1751012578694 0.9868063112078346 7
1751012579332 0.9895266594124048 8
1751012579965 0.9895266594124048 9
1751012580599 0.9883025027203483 10
1751012581229 0.9887105549510338 11
1751012581860 0.9908868335146899 12
1751012582493 0.9912948857453754 13
1751012583133 0.9925190424374319 14
1751012583769 0.9927910772578891 15
1751012584403 0.9911588683351469 16
1751012585041 0.9912948857453754 17
1751012585676 0.9914309031556039 18
1751012586312 0.9937431991294886 19
1751012586949 0.9914309031556039 20
1751012587584 0.9934711643090316 21
1751012588220 0.9944232861806311 22
1751012588861 0.9942872687704026 23
1751012589497 0.9959194776931447 24
1751012590136 0.9930631120783461 25
1751012590776 0.9933351468988031 26
1751012591414 0.9936071817192601 27
1751012592052 0.9952393906420022 28
1751012592691 0.9970076169749728 29
1751012593331 0.9974156692056583 30
1751012593974 0.9964635473340587 31
1751012594619 0.9930631120783461 32
1751012595261 0.9927910772578891 33
1751012595903 0.9960554951033732 34
1751012596542 0.9963275299238302 35
1751012597178 0.9963275299238302 36
1751012597816 0.9965995647442872 37
1751012598457 0.9941512513601741 38
1751012599095 0.9967355821545157 39
1751012599732 0.9960554951033732 40
1751012600370 0.9957834602829162 41
1751012601009 0.9976877040261154 42
1751012601646 0.9980957562568009 43
1751012602284 0.9975516866158868 44
1751012602926 0.9948313384113167 45
1751012603563 0.9957834602829162 46
1751012604201 0.9959194776931447 47
1751012604841 0.9965995647442872 48
1751012605483 0.9948313384113167 49
1751012606123 0.9979597388465724 50
1751012606766 0.9982317736670294 51
1751012607412 0.9975516866158868 52
1751012608056 0.9985038084874864 53
1751012608699 0.9979597388465724 54
1751012609343 0.9970076169749728 55
1751012609986 0.9970076169749728 56
1751012610632 0.9970076169749728 57
1751012610843 0.9970076169749728 0
1751012574107 0.8374591947769314 0
1751012610843 0.9970076169749728 0
