1750948331301 0.8579978237214363 0
1750948331911 0.955114254624592 1
1750948332532 0.9718443960826986 2
1750948333156 0.9779651795429815 3
1750948333784 0.9804134929270947 4
1750948334416 0.984766050054407 5
1750948335053 0.98449401523395 6
1750948335691 0.9869423286180631 7
1750948336326 0.9840859630032645 8
1750948336955 0.9874863982589771 9
1750948337587 0.9893906420021763 10
1750948338217 0.9891186071817193 11
1750948338852 0.9918389553862894 12
1750948339483 0.9910228509249184 13
1750948340114 0.9944232861806311 14
1750948340746 0.9941512513601741 15
1750948341379 0.9938792165397171 16
1750948342011 0.9936071817192601 17
1750948342643 0.9945593035908596 18
1750948343275 0.9948313384113167 19
1750948343906 0.9953754080522307 20
1750948344540 0.9955114254624592 21
1750948345173 0.9942872687704026 22
1750948345808 0.9949673558215452 23
1750948346443 0.9971436343852013 24
1750948347078 0.9975516866158868 25
1750948347714 0.9978237214363439 26
1750948348349 0.9968715995647442 27
1750948348984 0.9965995647442872 28
1750948349620 0.9963275299238302 29
1750948350255 0.9985038084874864 30
1750948350892 0.9978237214363439 31
1750948351528 0.9985038084874864 32
1750948352166 0.9976877040261154 33
1750948352805 0.9985038084874864 34
1750948353444 0.9987758433079434 35
1750948354083 0.9980957562568009 36
1750948354721 0.9960554951033732 37
1750948355364 0.9971436343852013 38
1750948356005 0.9982317736670294 39
1750948356645 0.998911860718172 40
1750948357288 0.9974156692056583 41
1750948357930 0.9982317736670294 42
1750948358572 0.9993199129488575 43
1750948359217 0.9980957562568009 44
1750948359859 0.999183895538629 45
1750948360502 0.9983677910772579 46
1750948361145 0.999455930359086 47
1750948361788 0.9982317736670294 48
1750948362432 0.9987758433079434 49
1750948363076 0.9965995647442872 50
1750948363719 0.9979597388465724 51
1750948364364 0.9982317736670294 52
1750948365010 0.9975516866158868 53
1750948365657 0.9995919477693145 54
1750948365866 0.9995919477693145 0
1750948331301 0.8579978237214363 0
1750948365866 0.9995919477693145 0
