1750948331322 0.8548429797424321 0
1750948331936 0.9550247980332609 1
1750948332558 0.9718314407495084 2
1750948333182 0.9779606383350807 3
1750948333810 0.9804143575504992 4
1750948334442 0.9847678288266638 5
1750948335080 0.9844945724877301 6
1750948335717 0.9869423286180631 7
1750948336351 0.9840875635557763 8
1750948336981 0.9874869930873017 9
1750948337613 0.9893910226043461 10
1750948338243 0.9891191244237407 11
1750948338879 0.991839422550086 12
1750948339509 0.991022622288649 13
1750948340141 0.994423354824091 14
1750948340773 0.9941513233520954 15
1750948341405 0.9938789801029743 16
1750948342037 0.9936074123477513 17
1750948342669 0.9945593035908596 18
1750948343301 0.9948312137006243 19
1750948343932 0.9953751672404171 20
1750948344566 0.995511587393102 21
1750948345199 0.9942874077858825 22
1750948345834 0.9949674177680822 23
1750948346470 0.9971438020808009 24
1750948347105 0.9975517461939497 25
1750948347740 0.9978238248847481 26
1750948348375 0.9968717124254953 27
1750948349011 0.9965995739651434 28
1750948349647 0.9963275179808797 29
1750948350282 0.9985038624643674 30
1750948350919 0.9978236660093694 31
1750948351555 0.9985037896466413 32
1750948352193 0.9976877874449313 33
1750948352832 0.998503750691838 34
1750948353471 0.9987758583760199 35
1750948354110 0.9980958025952942 36
1750948354748 0.9960556374060593 37
1750948355391 0.9971435240480547 38
1750948356032 0.9982317053630814 39
1750948356672 0.998911860718172 40
1750948357315 0.997415725955206 41
1750948357958 0.9982318374578886 42
1750948358599 0.9993199213200111 43
1750948359244 0.9980958025952942 44
1750948359886 0.9991838399139444 45
1750948360529 0.9983677831155623 46
1750948361173 0.999455930359086 47
1750948361816 0.9982317514005762 48
1750948362459 0.9987758550275585 49
1750948363103 0.9965995983954202 50
1750948363745 0.997959713154511 51
1750948364391 0.9982321488550432 52
1750948365038 0.9975515198537434 53
1750948365685 0.9995919527920066 54
1750948365866 0.9995919527920066 0
1750948331322 0.8548429797424321 0
1750948365866 0.9995919527920066 0
