1750948331280 0.8610563539356179 0
1750948331885 0.9550330341629065 1
1750948332507 0.9718353096658735 2
1750948333130 0.9779665145040792 3
1750948333759 0.9804171674494847 4
1750948334390 0.9847816151369239 5
1750948335027 0.9844961441002297 6
1750948335665 0.9869423286180631 7
1750948336299 0.9840970883952386 8
1750948336929 0.987489168941243 9
1750948337561 0.9893924300589172 10
1750948338191 0.9891212300942641 11
1750948338825 0.9918425105827592 12
1750948339457 0.9910227930315412 13
1750948340088 0.9944235242619598 14
1750948340720 0.9941514960612875 15
1750948341352 0.9938796496080536 16
1750948341985 0.9936085479591256 17
1750948342617 0.9945593035908596 18
1750948343248 0.9948314929989515 19
1750948343880 0.9953765438687024 20
1750948344514 0.9955126591652819 21
1750948345146 0.9942879498057308 22
1750948345781 0.9949675806633043 23
1750948346416 0.9971465084547614 24
1750948347052 0.9975522124786086 25
1750948347687 0.9978255562437109 26
1750948348322 0.9968727385982505 27
1750948348957 0.9966000783762015 28
1750948349593 0.9963276247491878 29
1750948350228 0.998504833917813 30
1750948350865 0.9978240176779866 31
1750948351502 0.9985038727673803 32
1750948352139 0.9976887862580319 33
1750948352778 0.9985046106455305 34
1750948353417 0.9987759754727158 35
1750948354056 0.9980962562574216 36
1750948354694 0.9960566909384693 37
1750948355336 0.997144327987449 38
1750948355978 0.9982325541139142 39
1750948356618 0.998911860718172 40
1750948357261 0.9974163217140134 41
1750948357903 0.9982328180312193 42
1750948358545 0.9993200318740603 43
1750948359189 0.9980962562574216 44
1750948359832 0.9991840187710609 45
1750948360474 0.9983681287763034 46
1750948361118 0.999455930359086 47
1750948361761 0.9982318310185515 48
1750948362404 0.9987759688529312 49
1750948363048 0.9966002078711673 50
1750948363692 0.9979597892697226 51
1750948364336 0.9982332129058707 52
1750948364983 0.9975526626852655 53
1750948365629 0.9995920600747327 54
1750948365866 0.9995920600747327 0
1750948331280 0.8610563539356179 0
1750948365866 0.9995920600747327 0
