1750948331239 0.6068617929831164 0
1750948331834 0.17440719101517194 1
1750948332455 0.10178179344135996 2
1750948333078 0.07406241577260513 3
1750948333708 0.06396997522185754 4
1750948334338 0.05321414885035147 5
1750948334974 0.04614008295119733 6
1750948335612 0.04099582202967674 7
1750948336247 0.041413986181862594 8
1750948336877 0.03515423203426311 9
1750948337508 0.03121453664195648 10
1750948338138 0.03024967138678792 11
1750948338769 0.023793992181070416 12
1750948339405 0.02774628584138376 13
1750948340035 0.020585657322882665 14
1750948340667 0.019497305128958493 15
1750948341300 0.019589055096983943 16
1750948341932 0.01845845107193854 17
1750948342563 0.01601914231669486 18
1750948343195 0.019925506219523225 19
1750948343827 0.01442092590254931 20
1750948344461 0.014633103638889432 21
1750948345093 0.016449050014074467 22
1750948345728 0.014071013128853142 23
1750948346363 0.010574274470482906 24
1750948346999 0.010303387228881898 25
1750948347633 0.00790483083405458 26
1750948348269 0.009652802426144035 27
1750948348904 0.011178887854821745 28
1750948349539 0.012525166020428679 29
1750948350175 0.0074467896939239085 30
1750948350811 0.00960797205860235 31
1750948351448 0.006555521296883474 32
1750948352085 0.006921094865753529 33
1750948352724 0.0054617569879633785 34
1750948353362 0.005366880129633869 35
1750948354002 0.006741937989338886 36
1750948354640 0.010987766349591392 37
1750948355280 0.008404203013694815 38
1750948355923 0.005415751287563916 39
1750948356564 0.004651348077554268 40
1750948357206 0.006943297363355071 41
1750948357848 0.006620597206975786 42
1750948358490 0.00383206742972245 43
1750948359135 0.006229214012517439 44
1750948359776 0.00408475347569109 45
1750948360419 0.007078775036175582 46
1750948361063 0.0032892688872185978 47
1750948361706 0.005479147164016163 48
1750948362348 0.005573962451545552 49
1750948362993 0.009794841926991819 50
1750948363637 0.008029805880923623 51
1750948364280 0.0065267724476519556 52
1750948364927 0.006483873601928627 53
1750948365573 0.0022936465392969507 54
1750948365866 0.0022936465392969507 0
1750948331239 0.6068617929831164 0
1750948365866 0.0022936465392969507 0
