1750948331259 0.8579978237214363 0
1750948331860 0.955114254624592 1
1750948332481 0.9718443960826986 2
1750948333104 0.9779651795429815 3
1750948333734 0.9804134929270947 4
1750948334364 0.984766050054407 5
1750948335001 0.98449401523395 6
1750948335638 0.9869423286180631 7
1750948336273 0.9840859630032645 8
1750948336903 0.9874863982589771 9
1750948337534 0.9893906420021763 10
1750948338165 0.9891186071817193 11
1750948338797 0.9918389553862894 12
1750948339431 0.9910228509249184 13
1750948340062 0.9944232861806311 14
1750948340693 0.9941512513601741 15
1750948341326 0.9938792165397171 16
1750948341958 0.9936071817192601 17
1750948342590 0.9945593035908596 18
1750948343222 0.9948313384113167 19
1750948343854 0.9953754080522307 20
1750948344488 0.9955114254624592 21
1750948345120 0.9942872687704026 22
1750948345755 0.9949673558215452 23
1750948346390 0.9971436343852013 24
1750948347025 0.9975516866158868 25
1750948347660 0.9978237214363439 26
1750948348296 0.9968715995647442 27
1750948348931 0.9965995647442872 28
1750948349566 0.9963275299238302 29
1750948350201 0.9985038084874864 30
1750948350838 0.9978237214363439 31
1750948351475 0.9985038084874864 32
1750948352112 0.9976877040261154 33
1750948352751 0.9985038084874864 34
1750948353389 0.9987758433079434 35
1750948354030 0.9980957562568009 36
1750948354667 0.9960554951033732 37
1750948355308 0.9971436343852013 38
1750948355951 0.9982317736670294 39
1750948356591 0.998911860718172 40
1750948357234 0.9974156692056583 41
1750948357876 0.9982317736670294 42
1750948358518 0.9993199129488575 43
1750948359162 0.9980957562568009 44
1750948359805 0.999183895538629 45
1750948360446 0.9983677910772579 46
1750948361090 0.999455930359086 47
1750948361734 0.9982317736670294 48
1750948362376 0.9987758433079434 49
1750948363021 0.9965995647442872 50
1750948363664 0.9979597388465724 51
1750948364308 0.9982317736670294 52
1750948364955 0.9975516866158868 53
1750948365601 0.9995919477693145 54
1750948365866 0.9995919477693145 0
1750948331259 0.8579978237214363 0
1750948365866 0.9995919477693145 0
