1750853037900 1.0440685957248634 0
1750853038302 0.5073890889041183 1
1750853038698 0.3083721095446793 2
1750853039091 0.2186324750767439 3
1750853039488 0.16974918450248125 4
1750853039884 0.1342630453967166 5
1750853040283 0.11880252900268878 6
1750853040681 0.10722999826025002 7
1750853041080 0.09481060402761736 8
1750853041479 0.08440605508035882 9
1750853041875 0.0775186290500343 10
1750853042277 0.07263680106237677 11
1750853042682 0.06629731960927052 12
1750853043104 0.061734050013716776 13
1750853043525 0.05996950771923099 14
1750853043927 0.05443747323391487 15
1750853044321 0.050469495834411814 16
1750853044717 0.05181534694339492 17
1750853045112 0.05297525211666043 18
1750853045507 0.04255298275391088 19
1750853045903 0.040699959636318284 20
1750853046297 0.040065978115608955 21
1750853046694 0.03932247205786366 22
1750853047089 0.039117710164244465 23
1750853047484 0.04068486677265855 24
1750853047881 0.0383511253838327 25
1750853048275 0.0331899569300434 26
1750853048670 0.03426101381086843 27
1750853049067 0.030193536166381395 28
1750853049464 0.03409314740416761 29
1750853049859 0.0341911340351252 30
1750853050255 0.02993170495405469 31
1750853050650 0.028666862415330195 32
1750853051045 0.027172772328838527 33
1750853051441 0.026811439723335814 34
1750853051837 0.026493190848030417 35
1750853052233 0.023278773868186917 36
1750853052627 0.0245588611217542 37
1750853053023 0.022328452689530605 38
1750853053418 0.023441902957187805 39
1750853053813 0.02068691328598614 40
1750853054207 0.022861590619848573 41
1750853054600 0.017710117619916376 42
1750853054998 0.019873118522588135 43
1750853055393 0.02467322855137929 44
1750853055790 0.025676903352891304 45
1750853056184 0.021371361829117003 46
1750853056582 0.019771763314726083 47
1750853056976 0.016089511652562213 48
1750853057372 0.019014286508257233 49
1750853057767 0.01584933620486895 50
1750853058163 0.013117895024333056 51
1750853058558 0.014210112722956914 52
1750853058954 0.018004131691517173 53
1750853059349 0.019524393997231642 54
1750853065677 0.9190932973749101 0
1750853065863 0.39272119602648553 1
1750853066046 0.23356754458443513 2
1750853066229 0.15818909875910742 3
1750853066414 0.11862230949484874 4
1750853066598 0.09943541337181616 5
1750853066785 0.0823903645472895 6
1750853066973 0.07173213424309034 7
1750853067159 0.06291031346162852 8
1750853067344 0.05726569698833667 9
1750853067528 0.05142772801309597 10
1750853067713 0.0485306555107317 11
1750853067897 0.04648225561951787 12
1750853068081 0.0422793282347937 13
1750853068266 0.041113920619263354 14
1750853068451 0.034166351396497235 15
1750853068636 0.034338437219406756 16
1750853068824 0.03158391782480887 17
1750853069007 0.031043055413596907 18
1750853069193 0.030387500148992153 19
1750853069377 0.026577036613973426 20
1750853069563 0.02670764431997858 21
1750853069746 0.02290896354678925 22
1750853069930 0.024467823639820137 23
1750853070115 0.022691732390567872 24
1750853070298 0.020788815377180803 25
1750853070482 0.020855047297182617 26
1750853070669 0.01813699550707789 27
1750853070853 0.016792859270017477 28
1750853071037 0.016922541095452614 29
1750853071223 0.015188191978866894 30
1750853071407 0.015438276046118877 31
1750853071592 0.013422028849689823 32
1750853071776 0.013061207191161285 33
1750853071963 0.011298245402768465 34
1750853072148 0.011347051951208307 35
1750853072333 0.010425807610235224 36
1750853072517 0.009334957103475004 37
1750853072701 0.009987888354311521 38
1750853072885 0.009395270793819323 39
1750853073069 0.00992527365242663 40
1750853073254 0.009600106429324361 41
1750853073437 0.00951546415234627 42
1750853073622 0.008847311382324833 43
1750853073808 0.006958133916008784 44
1750853073993 0.008094020469582379 45
1750853074177 0.008971009942220566 46
1750853074363 0.00664608260784886 47
1750853074548 0.006029935575458216 48
1750853074734 0.0068744739772948526 49
1750853074917 0.005763993146287134 50
1750853075105 0.005560659561625462 51
1750853075291 0.004978537389003267 52
1750853075475 0.004071733228111349 53
1750853075661 0.005634905498194122 54
1750853075847 0.004805653485668655 55
1750853076031 0.0042640875059183 56
1750853076217 0.004363799603732953 57
1750853076402 0.0032455138070407496 58
1750853076589 0.00284014048735825 59
1750853076775 0.003093264250946662 60
1750853076963 0.002968269953113029 61
1750853077148 0.002891497095688059 62
1750853077335 0.0029891092690990852 63
1750853077520 0.0025204565165032632 64
1750853077706 0.002862302618231969 65
1750853077890 0.0025247989219367114 66
1750853078076 0.0026147805877770698 67
1750853078263 0.00226034325906263 68
1750853078450 0.0021187734580624105 69
1750853078636 0.0021315600101808664 70
1750853078823 0.0024299033982978203 71
1750853079013 0.003463559633757315 72
1750853079199 0.002482720696842612 73
1750853079387 0.0037876890447310968 74
1750853079576 0.0027649949078769366 75
1750853079763 0.0030219885492134917 76
1750853079951 0.0021237047751189917 77
1750853080136 0.001963163698669746 78
1750853085635 1.4308335255746354 0
1750853085816 1.0606612600102387 1
1750853085999 0.8578825339399303 2
1750853086181 0.7085612513554628 3
1750853086367 0.6010254799865664 4
1750853086549 0.5101981522014792 5
1750853086732 0.44697774766708226 6
1750853086917 0.3864657097983542 7
1750853087099 0.3421340977146784 8
1750853087281 0.3006613443608642 9
1750853087468 0.2693417932963864 10
1750853087651 0.2445423311196162 11
1750853087834 0.22356431492653972 12
1750853088015 0.19964396710364682 13
1750853088197 0.18854226295200863 14
1750853088383 0.17275079188136722 15
1750853088566 0.1603732488003597 16
1750853088747 0.14827440935263048 17
1750853088930 0.13811671746827833 18
1750853089112 0.13137233022182887 19
1750853089294 0.12798849466511164 20
1750853089477 0.11937160578366851 21
1750853089659 0.11466795467934748 22
1750853089841 0.10996631982860938 23
1750853090021 0.1051637882993063 24
1750853090203 0.09797703590694008 25
1750853090384 0.09611614784215687 26
1750853090569 0.08790539933512467 27
1750853095937 1.4008386118238199 0
1750853096118 1.0724377416812036 1
1750853096300 0.8708919612964426 2
1750853096480 0.7100785986253824 3
1750853096661 0.5936644325059179 4
1750853096843 0.5041487089827479 5
1750853097024 0.43638260657691336 6
1750853097205 0.3813387501226805 7
1750853097386 0.3376952173336286 8
1750853097569 0.29907220887411406 9
1750853097752 0.2703993808522707 10
1750853097933 0.24635032000946402 11
1750853098115 0.2208629309385204 12
1750853098296 0.1987927045117784 13
1750853098478 0.18675469640354597 14
1750853098659 0.1701825642319836 15
1750853098842 0.16070826083291992 16
1750853099025 0.15211318475442562 17
1750853099207 0.13993176717363842 18
1750853099389 0.13219055894993334 19
1750853099571 0.12274056238500286 20
1750853099753 0.11761596250845377 21
1750853099935 0.11584814873010212 22
1750853100117 0.11106552323883843 23
1750853100298 0.10513009042585506 24
1750853100482 0.09875602365123823 25
1750853100664 0.0937520724937109 26
1750853100845 0.09156151466128357 27
1750853101028 0.08758252372679436 28
1750853101210 0.08767967306328805 29
1750853101391 0.08102761657343077 30
1750853101574 0.07777178873661683 31
1750853101756 0.0769715917431491 32
1750853101938 0.07409778741614992 33
1750853102120 0.06984203113435532 34
1750853102302 0.06617573495058422 35
1750853102483 0.0666992444751766 36
1750853102666 0.06328670718627084 37
1750853102848 0.06285078814243077 38
1750853103031 0.06316043710552958 39
1750853103213 0.06068505575400052 40
1750853103395 0.06058610925071906 41
1750853103576 0.055091265447121576 42
1750853103758 0.05454068912661374 43
1750853103940 0.052841085012317095 44
1750853104122 0.04907154041353585 45
1750853104304 0.053372631678448926 46
1750853104485 0.0500932958005432 47
1750853104669 0.048333261356617085 48
1750853104852 0.0485364111166719 49
1750853105034 0.04303111223923498 50
1750853105218 0.047597814158772615 51
1750853105400 0.04298309637061336 52
1750853105582 0.04362970194145956 53
1750853105764 0.040676009777418545 54
1750853105947 0.04049102843650926 55
1750853106131 0.04065816655301036 56
1750853106315 0.03837911756881497 57
1750853106498 0.03850374624570903 58
1750853106680 0.039815454913041795 59
1750853106864 0.03480474114766642 60
1750853107048 0.034097365487743905 61
1750853107231 0.03502694500754137 62
1750853107413 0.03560676324759915 63
1750853107595 0.03206591458709442 64
1750853107778 0.03144271055011482 65
1750853107960 0.029971204521752674 66
1750853108142 0.032706259475196016 67
1750853108324 0.030615255044078023 68
1750853108506 0.028271466424694778 69
1750853108689 0.02802055047356784 70
1750853108872 0.028542198449519177 71
1750853109055 0.029138457188149662 72
1750853109238 0.028384077142806514 73
1750853109421 0.027322265715768988 74
1750853109605 0.026387116445129144 75
1750853109789 0.025220709616750058 76
1750853109973 0.025573544465694514 77
1750853110157 0.02589786773237427 78
1750853110341 0.022829224190333203 79
1750853110526 0.022869694292934468 80
1750853110709 0.023865812864474815 81
1750853110892 0.02486277583042024 82
1750853111076 0.019936070790650146 83
1750853111258 0.020730313112284335 84
1750853111444 0.0212870321162572 85
1750853111627 0.019234484815574833 86
1750853111811 0.020884921900944237 87
1750853111993 0.019124833482365256 88
1750853112177 0.02068744442132793 89
1750853112360 0.019478096270992524 90
1750853112544 0.019877628166881166 91
1750853112729 0.020697334272557946 92
1750853112913 0.017267567904157333 93
1750853113097 0.018143059521654094 94
1750853113281 0.01787691021650235 95
1750853113467 0.018342262863610202 96
1750853113652 0.020346752988119835 97
1750853113835 0.019540206809914282 98
1750853114019 0.018353724827882514 99
1750853119153 1.4205707250663584 0
1750853119338 1.069894389436865 1
1750853119522 0.885775095490299 2
1750853119709 0.7508657916456104 3
1750853119894 0.6537402746986124 4
1750853120078 0.5743878031710935 5
1750853120262 0.5180385977970243 6
1750853120448 0.4679866604369146 7
1750853120633 0.4272370693538342 8
1750853120818 0.3941672286738249 9
1750853121003 0.36822482424669606 10
1750853121188 0.3391192873556803 11
1750853121373 0.3210486544294119 12
1750853121558 0.30072221497197404 13
1750853121744 0.2829970801421426 14
1750853121929 0.26998199027951836 15
1750853122113 0.26247629380589343 16
1750853122300 0.2449886402413168 17
1750853122484 0.2379734836867377 18
1750853122670 0.22361739605697636 19
1750853122855 0.21378914006581373 20
1750853123042 0.21326520442314065 21
1750853123228 0.20128561619575966 22
1750853123414 0.19244408348050288 23
1750853123601 0.1855733079087877 24
1750853123788 0.18766407501580795 25
1750853123974 0.1776640642519485 26
1750853124162 0.1761816693824575 27
1750853124349 0.16620054991836777 28
1750853124535 0.16258860151643204 29
1750853124721 0.15488360039038548 30
1750853124907 0.14283443330680715 31
1750853125094 0.14630821647205602 32
1750853125279 0.14243161448878486 33
1750853125464 0.1395092279821537 34
1750853125660 0.13424271041926675 35
1750853125845 0.12743713508103696 36
1750853126030 0.12384765026878092 37
1750853126215 0.12625270056354856 38
1750853126403 0.12401040519412376 39
1750853126588 0.12096943542507191 40
1750853126774 0.11776389432939274 41
1750853126963 0.1121736797742278 42
1750853127148 0.10863101816410857 43
1750853127334 0.1119032695046317 44
1750853127520 0.10993739046456376 45
1750853127705 0.10769479857581354 46
1750853127890 0.10591205872668276 47
1750853128076 0.10380189059154253 48
1750853128261 0.10326981633674592 49
1750853128447 0.10057057858616017 50
1750853128632 0.10037997815762044 51
1750853128817 0.10006317255513841 52
1750853129004 0.09175751203421799 53
1750853129190 0.09884916909922713 54
1750853129375 0.09770476926722127 55
1750853129560 0.08925423228766635 56
1750853129745 0.08997052300709246 57
1750853129930 0.09191674255118407 58
1750853130117 0.0923397598202392 59
1750853130302 0.08797067845639518 60
1750853135443 1.4864791483822015 0
1750853135634 1.1486912132995821 1
1750853135821 0.9510563232564044 2
1750853136009 0.8058331153468027 3
1750853136195 0.6933106222920631 4
1750853136381 0.5952133000610443 5
1750853136568 0.5171372226973483 6
1750853136756 0.4556336666541468 7
1750853136946 0.39962724830562063 8
1750853137133 0.35810095652273094 9
1750853137322 0.31773204029709 10
1750853137512 0.28804271190677555 11
1750853137700 0.26478949695079707 12
1750853137887 0.23978416869767472 13
1750853138074 0.22126925372649328 14
1750853138262 0.20334463794355942 15
1750853138448 0.19396055553825947 16
1750853138630 0.17919281752571317 17
1750853138813 0.1682907141850485 18
1750853138995 0.15801666633218883 19
1750853139177 0.15073408633956972 20
1750853139361 0.14177390607124574 21
1750853139544 0.13223689901556362 22
1750853139727 0.12958117432576138 23
1750853139911 0.12255148169654498 24
1750853140094 0.11635557279169105 25
1750853140278 0.11091962208620741 26
1750853140462 0.1085997785363545 27
1750853140645 0.10066092668569386 28
1750853140829 0.09791154908958793 29
1750853141012 0.09528948272597673 30
1750853141195 0.0902472650135692 31
1750853141379 0.08731226995992712 32
1750853141565 0.08777953107092404 33
1750853141753 0.0847217463305518 34
1750853141936 0.08105974603886185 35
1750853142120 0.07733226313749257 36
1750853142303 0.07274347735453353 37
1750853142486 0.07382363555253654 38
1750853142670 0.07002912741458454 39
1750853142853 0.06618701441211462 40
1750853143035 0.0681440984755268 41
1750853143218 0.06593344482199022 42
1750853143400 0.0634092698633768 43
1750853143584 0.06260417714325855 44
1750853143767 0.05847144541173557 45
1750853143951 0.058981760643155065 46
1750853144134 0.06014067733962336 47
1750853144317 0.05493713599569909 48
1750853144501 0.05324906170757344 49
1750853149664 1.4231746091676614 0
1750853149848 1.0298730178418953 1
1750853150033 0.8109013160631887 2
1750853150219 0.6650784745309766 3
1750853150404 0.5607549122679609 4
1750853150591 0.48415707961389626 5
1750853150778 0.4182169502266603 6
1750853150964 0.3676977054468306 7
1750853151150 0.32267163475008603 8
1750853151335 0.29415015485522794 9
1750853151521 0.2692631062797156 10
1750853151706 0.24124770322095063 11
1750853151892 0.22132406974772764 12
1750853152079 0.20321527579079773 13
1750853152266 0.1897903592107864 14
1750853152453 0.17581246365206285 15
1750853152636 0.16780648953701907 16
1750853152821 0.15778054154282425 17
1750853153005 0.14972175853945097 18
1750853153189 0.14405065864097566 19
1750853153374 0.13672357727900164 20
1750853153557 0.1280222910499936 21
1750853153741 0.12184517846824815 22
1750853153925 0.11698141039001539 23
1750853154111 0.1105932272054555 24
1750853154296 0.10455925763464077 25
1750853154480 0.1046205501885876 26
1750853154664 0.09724006714285134 27
1750853154848 0.09598558993606754 28
1750853155034 0.09268423893830462 29
1750853155219 0.09089197550816168 30
1750853155404 0.08647500005296317 31
1750853155589 0.08162566399256475 32
1750853155776 0.08256952805085851 33
1750853155961 0.0766083787117352 34
1750853156146 0.07585513989833285 35
1750853156332 0.07040150472904445 36
1750853156517 0.0689075921821257 37
1750853156703 0.06946101299080677 38
1750853156892 0.06621375603761455 39
1750853157082 0.06544423619765581 40
1750853157267 0.06106226608740881 41
1750853157452 0.06148072936946082 42
1750853157638 0.060408617964701504 43
1750853157822 0.058270299178877515 44
1750853158008 0.053543717844636705 45
1750853158193 0.05283434023438133 46
1750853158378 0.05254926646414078 47
1750853158564 0.05298289661503461 48
1750853158749 0.05498017835247374 49
1750853158934 0.04941014472650561 50
1750853159121 0.047174373343667995 51
1750853159306 0.04851794839148552 52
1750853159492 0.04695098819586087 53
1750853159678 0.04831017981059403 54
1750853159863 0.04631182840408127 55
1750853160050 0.04687588251275907 56
1750853160237 0.04592751089576733 57
1750853160422 0.041087110904861196 58
1750853160608 0.039777176010790276 59
1750853165745 1.3768389872290494 0
1750853165931 1.050605797988157 1
1750853166118 0.8812321538634607 2
1750853166306 0.7488851141229158 3
1750853166494 0.6461321707000152 4
1750853166680 0.5559185278623227 5
1750853166867 0.4827217623445492 6
1750853167058 0.4153292939569538 7
1750853167249 0.36495251060180744 8
1750853167441 0.32425787986557164 9
1750853167632 0.2924360508368765 10
1750853167822 0.2647109794733444 11
1750853168013 0.23885326786321448 12
1750853168203 0.21802266874432694 13
1750853168394 0.2011996815234455 14
1750853168584 0.18744822697748428 15
1750853168775 0.17133491462799877 16
1750853168962 0.16061630681303043 17
1750853169147 0.1533857715175253 18
1750853169332 0.14093880932595707 19
1750853169517 0.1325316807099084 20
1750853169705 0.1230331831272201 21
1750853169891 0.11998129239603796 22
1750853170077 0.11213600337991776 23
1750853170447 0.10712490058113883 24
1750853170637 0.10404658080022924 25
1750853170825 0.09808199423830449 26
1750853171014 0.09559834529610271 27
1750853171202 0.0905972168789984 28
1750853171389 0.08867473751144389 29
1750853171581 0.08620205154729615 30
1750853171769 0.08142867359262815 31
1750853171960 0.07894494585992852 32
1750853172152 0.07636592474738714 33
1750853172343 0.07196462127634438 34
1750853172531 0.07114140291306088 35
1750853172723 0.06641388147809948 36
1750853172915 0.06628023631570777 37
1750853173114 0.06446348902109658 38
1750853173310 0.06389837102382824 39
1750853173501 0.059477872716848686 40
1750853173693 0.06003121624703765 41
1750853173884 0.05732990288144227 42
1750853174076 0.056679261805767336 43
1750853174269 0.05446147209315098 44
1750853174461 0.05487446951091095 45
1750853174655 0.05466765078175833 46
1750853174847 0.053879491182224536 47
1750853175039 0.050439428011111516 48
1750853175231 0.051615016796383945 49
1750853175423 0.04839800887409764 50
1750853175615 0.046164841736718545 51
1750853175808 0.04673730342834377 52
1750853176000 0.04717976194365564 53
1750853176193 0.04306960261555569 54
1750853176386 0.044477696736242876 55
1750853176579 0.04431434351063138 56
1750853176771 0.04368901797555087 57
1750853176965 0.040381939949972454 58
1750853177157 0.0417093819978123 59
1750853177350 0.04035534964665625 60
1750853177542 0.04038648740657006 61
1750853177736 0.038857339608753594 62
1750853177929 0.03777195952054401 63
1750853178122 0.03824759866349132 64
1750853178316 0.03600520355134424 65
1750853178509 0.0373916898502424 66
1750853178702 0.03267463649723423 67
1750853178895 0.033648716068955316 68
1750853179091 0.03484525749210564 69
1750853179284 0.032766744620100846 70
1750853179477 0.032017706513356205 71
1750853179672 0.031205862444360317 72
1750853179865 0.03161954012688278 73
1750853180058 0.030441467108061056 74
1750853180251 0.033285348825116155 75
1750853180444 0.03151376883907728 76
1750853180639 0.030715673837620232 77
1750853180833 0.02820329270421875 78
1750853181027 0.03037924453275637 79
1750853181220 0.029779316563568643 80
1750853181414 0.027523192594291986 81
1750853181606 0.02677983185023037 82
1750853181800 0.026390864016230788 83
1750853181992 0.027234940500818476 84
1750853182186 0.028671173048453957 85
1750853187333 1.4722316959088464 0
1750853187527 1.176283881895171 1
1750853187721 0.9839846794701245 2
1750853187918 0.8350436797728347 3
1750853188112 0.7247891972840675 4
1750853188306 0.6215491634717574 5
1750853188499 0.5475498013060552 6
1750853188692 0.4874177144453238 7
1750853188885 0.41836942302648855 8
1750853189078 0.3759878084177032 9
1750853189271 0.33533335130933317 10
1750853189464 0.30703543478438594 11
1750853189658 0.27318346127462334 12
1750853189851 0.2492452605148135 13
1750853190044 0.22838215218599525 14
1750853190237 0.21408877396090636 15
1750853190430 0.19634283662361213 16
1750853190624 0.18733695512627363 17
1750853190818 0.17301790001148498 18
1750853191010 0.165643084782122 19
1750853191204 0.1579256964942706 20
1750853191397 0.1508589136263232 21
1750853191591 0.13866758570318252 22
1750853191785 0.1302933792894761 23
1750853191974 0.12950124641043317 24
1750853192163 0.12057103082878157 25
1750853192352 0.11325137440411129 26
1750853192540 0.10794558697932433 27
1750853192729 0.10447071390520372 28
1750853192919 0.09689354230127864 29
1750853193108 0.09515971867965536 30
1750853193298 0.08969595504598338 31
1750853193487 0.0917162489514875 32
1750853198625 1.4364071228299229 0
1750853198815 1.0568614234343188 1
1750853199005 0.8389472950399894 2
1750853199194 0.6782075134921774 3
1750853199384 0.5660998859524856 4
1750853199573 0.48368556977485805 5
1750853199761 0.41880655596772526 6
1750853199950 0.3669525393983096 7
1750853200140 0.32415804409617566 8
1750853200329 0.2886894313016576 9
1750853200518 0.25951233061924334 10
1750853200714 0.23071100062592376 11
1750853200905 0.2124355764364392 12
1750853201095 0.19624040894396805 13
1750853201286 0.1853494012933042 14
1750853201475 0.16690766772455956 15
1750853201664 0.16007204209499962 16
1750853201853 0.15270675991188584 17
1750853202041 0.14143116746231574 18
1750853202231 0.13609761317484526 19
1750853202421 0.1296103706135454 20
1750853202611 0.11980985445543005 21
1750853202801 0.11778271045045313 22
1750853202993 0.11288766789942234 23
1750853203183 0.10927135622994295 24
1750853203372 0.10419746322133726 25
1750853203562 0.09999474724177049 26
1750853203753 0.09540108554024691 27
1750853203943 0.09096927365229361 28
1750853204133 0.08955025107835919 29
1750853204322 0.08529002529136245 30
1750853204512 0.08292937380088426 31
1750853204702 0.07526530738072763 32
1750853204892 0.07421603262165036 33
1750853205083 0.07013996466751067 34
1750853205273 0.06751477382306954 35
1750853205464 0.06669141281238058 36
1750853205657 0.06277997531118408 37
1750853205848 0.062415597139491866 38
1750853206040 0.056938375819624444 39
1750853206232 0.05468259685317113 40
1750853206425 0.05535281994364856 41
1750853206620 0.05233537220478188 42
1750853206812 0.05069366091369804 43
1750853207004 0.04681690860138365 44
1750853207196 0.04531537956265293 45
1750853207389 0.04570209217927661 46
1750853207584 0.042820669343782196 47
1750853207777 0.04077473533328651 48
1750853207970 0.0417499145263881 49
1750853208162 0.04207513162560186 50
1750853208354 0.038613874607104345 51
1750853208548 0.03718321238390056 52
1750853208744 0.03803926158870719 53
1750853208938 0.03667480444233617 54
1750853209132 0.03432861257190446 55
1750853209322 0.03475714331620471 56
1750853209513 0.0349100932187043 57
1750853209704 0.03293721243066225 58
1750853209896 0.03167714935375765 59
1750853210087 0.031081803471368855 60
1750853210281 0.02769778133597999 61
1750853210471 0.02900250871403303 62
1750853210663 0.030530376661816152 63
1750853210855 0.027250977168194097 64
1750853211047 0.02761757712693676 65
1750853211241 0.02846820833885047 66
1750853211434 0.02377365031345495 67
1750853211628 0.02789766599056316 68
1750853211821 0.025280615015885712 69
1750853212017 0.02399293381935624 70
1750853212213 0.023258277672110885 71
1750853212406 0.023633588420610238 72
1750853212598 0.023169801897806104 73
1750853212792 0.021984128804392992 74
1750853212985 0.024137744468244623 75
1750853213179 0.019742833169722387 76
1750853213374 0.0202873313416432 77
1750853213567 0.02295723482277305 78
1750853213759 0.019924086945230735 79
1750853213951 0.02052581258791056 80
1750853214144 0.019205244590444197 81
1750853219514 1.1769768633961808 0
1750853219777 0.7265094399322494 1
1750853220041 0.4961681651991262 2
1750853220304 0.36490941037939734 3
1750853220567 0.2778425687869303 4
1750853220830 0.22140569120677953 5
1750853221093 0.1836073718016503 6
1750853221356 0.15211022130423454 7
1750853221620 0.1299712839207011 8
1750853221883 0.11536170775729503 9
1750853222146 0.1030445104227751 10
1750853222412 0.09114797402404338 11
1750853222675 0.08263801155009907 12
1750853222940 0.07544131304610671 13
1750853223205 0.06990503566795646 14
1750853223469 0.06336542828995592 15
1750853223731 0.058779525812776096 16
1750853223996 0.05534822174770528 17
1750853224260 0.05220661949573067 18
1750853224525 0.050234325128780746 19
1750853224789 0.04701969485579948 20
1750853225052 0.043040719900738295 21
1750853225314 0.04038786958250439 22
1750853225578 0.0395446099559812 23
1750853225840 0.03665343446857716 24
1750853226102 0.03493820727722754 25
1750853226362 0.03342982811267539 26
1750853226625 0.033774665519351925 27
1750853226888 0.03269916995893657 28
1750853227150 0.02766154859502829 29
1750853227412 0.026463466938645847 30
1750853227674 0.02794662187680586 31
1750853227936 0.024551507158527178 32
1750853228199 0.024865385162176908 33
1750853228461 0.022727228241027114 34
1750853228909 0.023166627558282655 35
1750853229173 0.021177974773795873 36
1750853229436 0.01745559256098216 37
1750853229700 0.020536082420777833 38
1750853229965 0.01767878062106969 39
1750853230229 0.017351879991623406 40
1750853230493 0.01574555918233828 41
1750853230756 0.015606352320129418 42
1750853231019 0.015710129466422623 43
1750853231284 0.015150045887369488 44
1750853231548 0.014582044095352244 45
1750853231812 0.014489951223272818 46
1750853232075 0.0134430031258698 47
1750853232338 0.012114620775134343 48
1750853232603 0.011666124247286117 49
1750853232867 0.01110995490959277 50
1750853233130 0.012039438673417703 51
1750853233394 0.010005009013518966 52
1750853238736 1.1117686436666627 0
1750853239137 0.6666681366983773 1
1750853239536 0.4807161461476792 2
1750853239936 0.36384862674333324 3
1750853240336 0.2854971713158459 4
1750853240736 0.24149156745292158 5
1750853241137 0.20937800477132185 6
1750853241550 0.18620180550220872 7
1750853241949 0.1746558249645316 8
1750853242350 0.1588264179696715 9
1750853242750 0.14473344100248048 10
1750853243149 0.14372530914397183 11
1750853243549 0.13285187852768565 12
1750853243950 0.1222294766265368 13
1750853244351 0.11824637911281466 14
1750853244752 0.11361743165210489 15
1750853245152 0.10376696895009416 16
1750853245554 0.11002548728077403 17
1750853245957 0.10674181690802383 18
1750853246357 0.0991495523695004 19
1750853246758 0.09686275768591349 20
1750853247160 0.0941443946313871 21
1750853247562 0.09248632702558941 22
1750853247965 0.09421141495496456 23
1750853248370 0.08940058214117705 24
1750853248772 0.08829607468369996 25
1750853249175 0.0843964916440102 26
1750853249578 0.08569946023103527 27
1750853249981 0.08142223376963162 28
1750853250387 0.07589406882320511 29
1750853250790 0.07869741888726951 30
1750853251194 0.07372364249603339 31
1750853251598 0.07279832173904995 32
1750853252003 0.06440137407182026 33
1750853252409 0.06889890409880384 34
1750853252813 0.06459777253822822 35
1750853253218 0.06044947360571316 36
1750853253626 0.06414433587160087 37
1750853254030 0.05756327790999633 38
1750853254431 0.05634299805552533 39
1750853254831 0.06052279111374903 40
1750853255233 0.05908382574898942 41
1750853255635 0.056341806364319694 42
1750853256039 0.05609954792856197 43
1750853256442 0.0495329780475732 44
1750853256845 0.05230606483017886 45
1750853257250 0.052960427214469565 46
1750853257654 0.048957061288793194 47
1750853258057 0.0491887074185817 48
1750853258462 0.0456002077348206 49
1750853258866 0.046085989607398736 50
1750853259272 0.04340050257950154 51
1750853259676 0.042134672856835954 52
1750853260079 0.04569000107442942 53
1750853260481 0.043923144252064825 54
1750853260882 0.04658469590064548 55
1750853261290 0.042077191630570915 56
1750853261694 0.04004903668253981 57
1750853262096 0.03940284724871226 58
1750853262498 0.03893148970815036 59
1750853262900 0.04142545444066956 60
1750853263302 0.03655474188598734 61
1750853263704 0.03320851636481987 62
1750853264105 0.035523766723194926 63
1750853264509 0.03484615130411812 64
1750853264913 0.037315658861521675 65
1750853265316 0.03273359004821592 66
1750853265718 0.03743411131052177 67
1750853266121 0.029987739084665465 68
1750853266525 0.034375964087546604 69
1750853266929 0.03638558801443704 70
1750853267332 0.03968899219496514 71
1750853267736 0.03155837981909477 72
1750853268139 0.02933607629796245 73
1750853268541 0.029888258656444813 74
1750853268944 0.033900110727739526 75
1750853269351 0.03351005001824098 76
1750853274727 1.1447660812096705 0
1750853275130 0.658966908582017 1
1750853275531 0.44737281043070315 2
1750853275932 0.33878558287163946 3
1750853276335 0.2742254755280353 4
1750853276737 0.2243611119257872 5
1750853277143 0.19528415416477812 6
1750853277545 0.16637576060922932 7
1750853277945 0.14706404259077743 8
1750853278346 0.1404670633059461 9
1750853278748 0.126250334205643 10
1750853279148 0.12213348476489817 11
1750853279548 0.10843948518879655 12
1750853279949 0.10310224999022043 13
1750853280350 0.09670075232627212 14
1750853280752 0.09397836001154128 15
1750853281153 0.08529961766660928 16
1750853281554 0.08536389472532584 17
1750853281956 0.07779368286763882 18
1750853282357 0.07769413812894686 19
1750853282758 0.0775604985788124 20
1750853283158 0.07188263481788913 21
1750853283560 0.0724613456576414 22
1750853283962 0.06569557154188348 23
1750853284363 0.06663562840517606 24
1750853284764 0.06408811458087525 25
1750853285166 0.06352868934199457 26
1750853285567 0.059834284619737305 27
1750853285969 0.05626692094508725 28
1750853286370 0.052930706060036484 29
1750853286775 0.054534409090803614 30
1750853287180 0.05694885148795502 31
1750853287586 0.05926619984525721 32
1750853287990 0.051859915138944834 33
1750853288393 0.048083320131851716 34
1750853288799 0.04864697001764999 35
1750853289205 0.04792458763076509 36
1750853289609 0.04756110531285048 37
1750853294989 1.1265460923395167 0
1750853295395 0.6855702084348303 1
1750853295800 0.494155249865452 2
1750853296204 0.3905385931441003 3
1750853296607 0.3304470862800071 4
1750853297190 0.28124955032219434 5
1750853297598 0.2539667323377628 6
1750853298004 0.2177086154219894 7
1750853298409 0.2022234149058314 8
1750853298817 0.1736960692961535 9
1750853299223 0.1633088285016287 10
1750853299628 0.1471269439269461 11
1750853300032 0.13918470524827078 12
1750853300440 0.12834156736715316 13
1750853300843 0.11716323533177506 14
1750853301247 0.1179881344455111 15
1750853301652 0.11336408193923443 16
1750853302056 0.10287037105487012 17
1750853302460 0.0981722599923027 18
1750853302869 0.09616290200684094 19
1750853303273 0.0889562125904516 20
1750853303676 0.09257564653963726 21
1750853304080 0.08346088376946106 22
1750853304484 0.08717849207342773 23
1750853304887 0.07602277750370293 24
1750853305290 0.07526103047181784 25
1750853305693 0.07756585753051579 26
1750853306098 0.07348660487069529 27
1750853306503 0.07323696714004053 28
1750853306907 0.06998228849245233 29
1750853307311 0.06770548117433202 30
1750853307716 0.06678324746691558 31
1750853308120 0.06544172649511965 32
1750853308526 0.06968273991420947 33
1750853308928 0.06541047728457311 34
1750853309333 0.06235043350424743 35
1750853309736 0.05664489756037316 36
1750853310142 0.06307277756502955 37
1750853310546 0.05833317798329771 38
1750853310950 0.059288787245101844 39
1750853311356 0.058533378044737176 40
1750853311761 0.05655842605508029 41
1750853312166 0.05739784475124084 42
1750853312571 0.057007903782438016 43
1750853312975 0.05383734077507056 44
1750853313380 0.050227686394942406 45
1750853313785 0.05492241149646624 46
1750853314189 0.055003844959594476 47
1750853314594 0.051560173160776546 48
1750853320043 1.1196360528404228 0
1750853320452 0.6756582886013035 1
1750853320857 0.48456317247970837 2
1750853321264 0.38940225050291116 3
1750853321668 0.31464264171362183 4
1750853322072 0.261024204898581 5
1750853322476 0.22424433643851627 6
1750853322881 0.1999477231885196 7
1750853323285 0.18110425285468035 8
1750853323690 0.16854148516198367 9
1750853324095 0.15282549223456213 10
1750853324500 0.14307324257522205 11
1750853324905 0.13779352481301643 12
1750853325310 0.12539885740350198 13
1750853325716 0.1157830765630981 14
1750853326121 0.11335513094223233 15
1750853326524 0.10759198432129537 16
1750853326929 0.0994961878550325 17
1750853327334 0.0970649295633454 18
1750853327738 0.09592057427267774 19
1750853328142 0.08603316047294744 20
1750853328548 0.08281524697474738 21
1750853328954 0.07525719195539467 22
1750853329359 0.07508674119036722 23
1750853329765 0.07671970072870221 24
1750853330171 0.07330823850223107 25
1750853330581 0.06602054448054456 26
1750853330986 0.05966367018211459 27
1750853331390 0.061156502126293484 28
1750853331796 0.06240543633318375 29
1750853332204 0.06242341355960796 30
1750853332610 0.056427126314077564 31
1750853333014 0.05690865927012039 32
1750853333419 0.05409345327409327 33
1750853333825 0.055282110690875984 34
1750853334230 0.05458156000701173 35
1750853334636 0.04752623455921214 36
1750853335041 0.05093224031974331 37
1750853335447 0.04687760393282194 38
1750853335854 0.05325964396825553 39
1750853336260 0.05412450823674467 40
1750853336665 0.051528210710162566 41
1750853337070 0.04221093284383708 42
1750853337476 0.050144988697395136 43
1750853337882 0.04884311094220375 44
1750853338287 0.04425902981985 45
1750853338691 0.04053712076450758 46
1750853339096 0.04868769150387427 47
1750853339503 0.04420141757428403 48
1750853339908 0.044286135806559185 49
1750853340314 0.04500066576235734 50
1750853340724 0.040544619178247435 51
1750853341130 0.04099947413084046 52
1750853341537 0.03965668449805638 53
1750853341944 0.03933756810641352 54
1750853342349 0.04481444520036203 55
1750853342758 0.038684664984254956 56
1750853343164 0.04068587704958654 57
1750853343570 0.04207847189154148 58
1750853343977 0.03935176962647097 59
1750853344386 0.034476434104590475 60
1750853344794 0.04007643259546423 61
1750853345202 0.03723619465404053 62
1750853345771 0.03895492181329485 63
1750853346178 0.0381249033638719 64
1750853346587 0.03831439138042018 65
1750853346997 0.03223888125671915 66
1750853347406 0.03476979289486623 67
1750853347816 0.03414511760956835 68
1750853348221 0.03466536257095773 69
1750853348626 0.03632624583003153 70
1750853354210 1.1686171376925687 0
1750853354621 0.6929462304312464 1
1750853355031 0.4705412578530877 2
1750853355440 0.3358204314511541 3
1750853355848 0.26930417032898185 4
1750853356257 0.21922296454260476 5
1750853356665 0.18878196509832657 6
1750853357070 0.16780225587228437 7
1750853357477 0.15239485598070968 8
1750853357888 0.13841422990175276 9
1750853358296 0.12671632059445448 10
1750853358705 0.11350157214034758 11
1750853359120 0.10873207505853184 12
1750853359529 0.10441450534694473 13
1750853359937 0.09498462696702618 14
1750853360382 0.08836720616914437 15
1750853360791 0.08068458904574044 16
1750853361200 0.0773208595009701 17
1750853361609 0.07483342484499088 18
1750853362018 0.07475738974452278 19
1750853362425 0.07025490118285907 20
1750853362833 0.06329191313555892 21
1750853363242 0.06318372144070945 22
1750853363652 0.061160736233887784 23
1750853364060 0.0599893314948344 24
1750853364469 0.05711025602799375 25
1750853364877 0.053738894178182436 26
1750853365285 0.05194200175866014 27
1750853365692 0.05271305012495396 28
1750853366102 0.04921655234160212 29
1750853366511 0.04524955883119519 30
1750853366919 0.04563909388117906 31
1750853367326 0.04662025072819617 32
1750853367735 0.042055155105495644 33
1750853368142 0.0428367027679967 34
1750853368550 0.04414895713056708 35
1750853368957 0.03978370237483423 36
1750853369364 0.042142084958812095 37
1750853369774 0.04084260284929041 38
1750853370185 0.0429692697671766 39
1750853370610 0.036036265199199335 40
1750853371019 0.039644541347073035 41
1750853371430 0.035278397705507294 42
1750853371837 0.03220937654205777 43
1750853372245 0.03683569183384633 44
1750853372656 0.031113796868950324 45
1750853373064 0.03399096890727628 46
1750853373471 0.03456516091377901 47
1750853373880 0.031516859949372866 48
1750853374292 0.0352210971527815 49
1750853374702 0.03338212571859307 50
1750853375110 0.029742636658571523 51
1750853375519 0.029155729387930398 52
1750853376105 0.029087303600540553 53
1750853376512 0.028645535527401168 54
1750853376919 0.032128494075561294 55
1750853377328 0.03632262391869234 56
1750853377738 0.030195435603839367 57
1750853378148 0.028236718926886836 58
1750853378556 0.02703449360735439 59
1750853378965 0.026878356098038295 60
1750853379375 0.031903007604846566 61
1750853379783 0.027744480385926428 62
1750853380192 0.02436916328330957 63
1750853380601 0.02372049927682098 64
1750853381008 0.027090400082167638 65
1750853381417 0.024918269555660025 66
1750853381826 0.028631895551152965 67
1750853382236 0.0283734931337411 68
1750853382648 0.023857084453441365 69
1750853383056 0.02380072500059377 70
1750853383467 0.028821792773384564 71
1750853383875 0.022312360937692937 72
1750853384282 0.01998263336136639 73
1750853384691 0.024153544058794232 74
1750853385100 0.02147784893934527 75
1750853385508 0.020962000019104504 76
1750853385920 0.022491156725796654 77
1750853386328 0.02366948402975711 78
1750853386738 0.020136053758669316 79
1750853387149 0.022512538454969647 80
1750853387559 0.02470483569346872 81
1750853387967 0.025049928885603867 82
1750853388375 0.019715745315934664 83
1750853388783 0.02296511490370215 84
1750853389192 0.01975904439990961 85
1750853389599 0.021683438390154408 86
1750853390006 0.021252577553601517 87
1750853395587 1.196362029416517 0
1750853395995 0.7410865551888359 1
1750853396403 0.5349611775530047 2
1750853396814 0.41794888239041766 3
1750853397223 0.339144678253344 4
1750853397631 0.28524517286589146 5
1750853398039 0.2561985806554913 6
1750853398448 0.22373707821112332 7
1750853398859 0.1979842706460818 8
1750853399270 0.17909630659614995 9
1750853399682 0.1603926651674334 10
1750853400092 0.14239966806117546 11
1750853400501 0.1354329612215533 12
1750853400912 0.12034062624496526 13
1750853401368 0.1126646536510839 14
1750853401778 0.1015144170052144 15
1750853402189 0.09704699181628305 16
1750853402600 0.09285339936046527 17
1750853403010 0.08908402246865925 18
1750853403418 0.0809435644982559 19
1750853403830 0.07565134773446375 20
1750853404242 0.07574922009751249 21
1750853404655 0.06682435722699362 22
1750853405065 0.06698505144254167 23
1750853405476 0.06331151499087649 24
1750853405889 0.06346278040344554 25
1750853406302 0.06275414576160117 26
1750853406713 0.0592654323624903 27
1750853407125 0.056356411725201595 28
1750853407539 0.057272952135096956 29
1750853407954 0.05074088715251953 30
1750853408368 0.05217484517227676 31
1750853408781 0.05270835755836782 32
1750853409198 0.04890461360946525 33
1750853409613 0.05009138702300415 34
1750853410025 0.04613585558935789 35
1750853410436 0.04993108548102363 36
1750853410847 0.048813324930375365 37
1750853411428 0.04673118261119778 38
1750853411838 0.043772683967354835 39
1750853412252 0.04313604284272457 40
1750853412664 0.0413783637409517 41
1750853413076 0.04310713205243318 42
1750853413487 0.040373216111565635 43
1750853413898 0.03985323451542507 44
1750853414309 0.04116937819659564 45
1750853414722 0.03662921030072331 46
1750853415134 0.03956023083900439 47
1750853415546 0.038104057511146525 48
1750853415988 0.03530868906446685 49
