1750857386402 0.6337657107031655 0
1750857386997 0.8252440096453679 1
1750857387598 0.8795833844216013 2
1750857388201 0.9137743962300253 3
1750857388815 0.9374228538872317 4
1750857389438 0.9451318776294316 5
1750857390062 0.9542841305745257 6
1750857390697 0.9615499367634743 7
1750857391328 0.9640256234879646 8
1750857391940 0.9672002115871626 9
1750857392544 0.9726346628130578 10
1750857393150 0.9741323824379413 11
1750857393757 0.9804057743168542 12
1750857394365 0.9805473663769818 13
1750857394975 0.9810898567284065 14
1750857395590 0.9793155066442946 15
1750857396205 0.9824489511113265 16
1750857396823 0.9839475586993638 17
1750857397437 0.9843533681800575 18
1750857398049 0.9851715321592506 19
1750857398660 0.9846247006680959 20
1750857399285 0.9878923583231706 21
1750857399902 0.987483425578096 22
1750857400519 0.988030616321968 23
1750857401130 0.9882953861655572 24
1750857401747 0.9889833121638808 25
1750857402365 0.9892536145308033 26
1750857402981 0.9892535802709128 27
1750857403604 0.9892493803611545 28
1750857404227 0.991567066753846 29
1750857404850 0.9912963947249125 30
1750857405470 0.9918390569299058 31
1750857406089 0.9904796253681196 32
1750857406718 0.9926530535164977 33
1750857407367 0.9917034051398574 34
1750857408003 0.9921107892839643 35
1750857408647 0.9918390580947278 36
1750857409287 0.9936071884416238 37
1750857409913 0.9929275058576851 38
1750857410534 0.9925220697494472 39
1750857411161 0.9918378931928323 40
1750857411788 0.9942877859644256 41
1750857412442 0.9937446254728979 42
1750857413080 0.9930658539663592 43
1750857413707 0.9934718100300268 44
1750857414329 0.9949675919597996 45
1750857414950 0.9933355041945396 46
1750857415579 0.9955117513690128 47
1750857416207 0.9960562374454336 48
1750857416839 0.9955103560460627 49
1750857417466 0.9948314641872271 50
1750857418089 0.9953755205885716 51
1750857418717 0.9956468632126118 52
1750857419339 0.995918682542462 53
1750857419965 0.9972797967400563 54
1750857420595 0.9966002168922754 55
1750857421222 0.9953737042839155 56
1750857421850 0.9963273417926364 57
1750857422476 0.9967357971493755 58
1750857423103 0.9963276123931003 59
1750857423732 0.9967359032209916 60
1750857424361 0.9971436383140266 61
1750857424991 0.995784943247844 62
1750857425619 0.9971436966020654 63
1750857426251 0.9970071212279974 64
1750857426886 0.997959713154511 65
1750857386402 0.6337657107031655 0
