1750857386344 0.6424102285092492 0
1750857386924 0.829570184983678 1
1750857387525 0.8824809575625681 2
1750857388128 0.9148531011969532 3
1750857388736 0.9378400435255713 4
1750857389356 0.9454570184983678 5
1750857389976 0.9544341675734495 6
1750857390616 0.9616430903155604 7
1750857391246 0.9640914036996736 8
1750857391866 0.9672198041349293 9
1750857392470 0.9726605005440696 10
1750857393075 0.9741566920565833 11
1750857393682 0.9804134929270947 12
1750857394290 0.9805495103373232 13
1750857394899 0.9810935799782372 14
1750857395513 0.9793253536452666 15
1750857396127 0.9824537540805223 16
1750857396742 0.983949945593036 17
1750857397362 0.9843579978237215 18
1750857397973 0.9851741022850925 19
1750857398585 0.9846300326441785 20
1750857399210 0.9878944504896626 21
1750857399825 0.9874863982589771 22
1750857400442 0.9880304678998912 23
1750857401054 0.9883025027203483 24
1750857401669 0.9889825897714908 25
1750857402287 0.9892546245919478 26
1750857402903 0.9892546245919478 27
1750857403524 0.9892546245919478 28
1750857404148 0.9915669205658324 29
1750857404773 0.9912948857453754 30
1750857405391 0.9918389553862894 31
1750857406011 0.9904787812840044 32
1750857406631 0.9926550598476604 33
1750857407282 0.9917029379760609 34
1750857407918 0.9921109902067464 35
1750857408564 0.9918389553862894 36
1750857409201 0.9936071817192601 37
1750857409835 0.9929270946681176 38
1750857410454 0.9925190424374319 39
1750857411080 0.9918389553862894 40
1750857411707 0.9942872687704026 41
1750857412358 0.9937431991294886 42
1750857412996 0.9930631120783461 43
1750857413628 0.9934711643090316 44
1750857414251 0.9949673558215452 45
1750857414871 0.9933351468988031 46
1750857415496 0.9955114254624592 47
1750857416126 0.9960554951033732 48
1750857416755 0.9955114254624592 49
1750857417387 0.9948313384113167 50
1750857418009 0.9953754080522307 51
1750857418637 0.9956474428726877 52
1750857419260 0.9959194776931447 53
1750857419885 0.9972796517954298 54
1750857420511 0.9965995647442872 55
1750857421141 0.9953754080522307 56
1750857421769 0.9963275299238302 57
1750857422395 0.9967355821545157 58
1750857423022 0.9963275299238302 59
1750857423650 0.9967355821545157 60
1750857424279 0.9971436343852013 61
1750857424909 0.9957834602829162 62
1750857425537 0.9971436343852013 63
1750857426170 0.9970076169749728 64
1750857426803 0.9979597388465724 65
1750857386344 0.6424102285092492 0
