1750857386324 1.3125667725086732 0
1750857386899 0.8513250348357823 1
1750857387501 0.6289175523118693 2
1750857388104 0.4827565440869565 3
1750857388709 0.37731553852493277 4
1750857389329 0.30507800582962535 5
1750857389951 0.25093654647745167 6
1750857390588 0.21125530063197973 7
1750857391218 0.18201534594363564 8
1750857391842 0.16041310021290972 9
1750857392445 0.1389963403425227 10
1750857393050 0.12604934157919184 11
1750857393657 0.11155254641898439 12
1750857394265 0.09881393214985647 13
1750857394874 0.09400077474681545 14
1750857395488 0.08825850553437663 15
1750857396102 0.0814894755919169 16
1750857396717 0.07134764623687369 17
1750857397336 0.06939633207657132 18
1750857397947 0.06495017413418817 19
1750857398559 0.06237403482960799 20
1750857399185 0.0568362036689516 21
1750857399799 0.05215243853312452 22
1750857400416 0.04985930597545403 23
1750857401029 0.048290198930296985 24
1750857401644 0.045012990880242756 25
1750857402261 0.04261588385496876 26
1750857402877 0.043038902618801694 27
1750857403497 0.040305130565751815 28
1750857404121 0.034847168053497315 29
1750857404747 0.03503444828538952 30
1750857405366 0.032452980818488394 31
1750857405984 0.031706906561217836 32
1750857406603 0.031083776517259413 33
1750857407252 0.029719459813116553 34
1750857407892 0.02793109877454573 35
1750857408538 0.030228197345585118 36
1750857409172 0.024586275425639258 37
1750857409809 0.025354611111746066 38
1750857410427 0.024727564095798172 39
1750857411053 0.027250675485551486 40
1750857411681 0.022097422672441722 41
1750857412330 0.02303574495199942 42
1750857412968 0.023587016042694853 43
1750857413601 0.021023631141996325 44
1750857414225 0.018758979947250478 45
1750857414845 0.02165898924956445 46
1750857415470 0.017115040298681036 47
1750857416099 0.017203235008649453 48
1750857416727 0.016702063089810208 49
1750857417360 0.01751516671507732 50
1750857417982 0.016814102347022058 51
1750857418610 0.015524690576435813 52
1750857419233 0.015385108601385008 53
1750857419859 0.013715127796533602 54
1750857420484 0.013389521594877812 55
1750857421114 0.015325486601986016 56
1750857421742 0.014591418503620484 57
1750857422368 0.01274268372213393 58
1750857422995 0.014057392903686712 59
1750857423623 0.012962751916074624 60
1750857424252 0.01103378255419348 61
1750857424882 0.013042013611724565 62
1750857425510 0.011210002415277413 63
1750857426143 0.011373023347223787 64
1750857426775 0.009425671515409694 65
1750857386324 1.3125667725086732 0
