1750857386362 0.6668969451920529 0
1750857386948 0.8298424880114917 1
1750857387550 0.884555653399767 2
1750857388153 0.916177564629416 3
1750857388763 0.9385431273702556 4
1750857389383 0.9457813032288396 5
1750857390004 0.9544714601319861 6
1750857390644 0.9615766621091968 7
1750857391274 0.9640589183466771 8
1750857391891 0.9671964436290028 9
1750857392495 0.9726322291074484 10
1750857393100 0.9741178662270165 11
1750857393707 0.980414417742839 12
1750857394315 0.9805483506584908 13
1750857394925 0.9810881177025901 14
1750857395538 0.9793122477732047 15
1750857396154 0.9824483692057456 16
1750857396770 0.983945973886305 17
1750857397387 0.9843512317949685 18
1750857397999 0.9851697490550895 19
1750857398610 0.98462056327659 20
1750857399235 0.9878904811526503 21
1750857399850 0.9874817493539193 22
1750857400468 0.9880309960451955 23
1750857401079 0.9883053589943498 24
1750857401694 0.9889880861033429 25
1750857402313 0.9892569840973143 26
1750857402929 0.9892569266454325 27
1750857403550 0.9892566188350947 28
1750857404174 0.991567952392816 29
1750857404799 0.9912983545832011 30
1750857405418 0.9918393908546073 31
1750857406037 0.9904869760824603 32
1750857406660 0.9926541977461472 33
1750857407309 0.9917064931725307 34
1750857407945 0.9921109889749724 35
1750857408591 0.9918393796913142 36
1750857409229 0.9936073195281864 37
1750857409861 0.9929305455990541 38
1750857410481 0.9925264432032954 39
1750857411107 0.9918380186928222 40
1750857411735 0.9942947495571358 41
1750857412386 0.9937473687334742 42
1750857413024 0.9930724506321086 43
1750857413654 0.9934807308270601 44
1750857414277 0.994969114569525 45
1750857414898 0.9933415601733534 46
1750857415523 0.9955150002817078 47
1750857416153 0.9960570803878747 48
1750857416783 0.9955107449150893 49
1750857417414 0.9948319935845437 50
1750857418036 0.9953760373633568 51
1750857418664 0.9956520316041879 52
1750857419286 0.9959186029019832 53
1750857419912 0.9972826067042421 54
1750857420540 0.9966021954340086 55
1750857421168 0.9953733514171809 56
1750857421796 0.9963288948568235 57
1750857422422 0.9967397906599297 58
1750857423049 0.9963282041140283 59
1750857423677 0.9967376610787471 60
1750857424306 0.9971437610308348 61
1750857424937 0.9957907922620606 62
1750857425564 0.9971442840326086 63
1750857426197 0.9970067229197604 64
1750857426831 0.9979597892697226 65
1750857386362 0.6668969451920529 0
