1750857386382 0.6424102285092492 0
1750857386972 0.829570184983678 1
1750857387574 0.8824809575625681 2
1750857388177 0.9148531011969532 3
1750857388790 0.9378400435255713 4
1750857389411 0.9454570184983678 5
1750857390032 0.9544341675734495 6
1750857390671 0.9616430903155604 7
1750857391301 0.9640914036996736 8
1750857391915 0.9672198041349293 9
1750857392520 0.9726605005440696 10
1750857393125 0.9741566920565833 11
1750857393732 0.9804134929270947 12
1750857394340 0.9805495103373232 13
1750857394950 0.9810935799782372 14
1750857395564 0.9793253536452666 15
1750857396179 0.9824537540805223 16
1750857396797 0.983949945593036 17
1750857397412 0.9843579978237215 18
1750857398024 0.9851741022850925 19
1750857398635 0.9846300326441785 20
1750857399260 0.9878944504896626 21
1750857399876 0.9874863982589771 22
1750857400493 0.9880304678998912 23
1750857401105 0.9883025027203483 24
1750857401720 0.9889825897714908 25
1750857402339 0.9892546245919478 26
1750857402955 0.9892546245919478 27
1750857403577 0.9892546245919478 28
1750857404200 0.9915669205658324 29
1750857404825 0.9912948857453754 30
1750857405444 0.9918389553862894 31
1750857406063 0.9904787812840044 32
1750857406689 0.9926550598476604 33
1750857407339 0.9917029379760609 34
1750857407972 0.9921109902067464 35
1750857408618 0.9918389553862894 36
1750857409259 0.9936071817192601 37
1750857409887 0.9929270946681176 38
1750857410508 0.9925190424374319 39
1750857411135 0.9918389553862894 40
1750857411761 0.9942872687704026 41
1750857412414 0.9937431991294886 42
1750857413052 0.9930631120783461 43
1750857413680 0.9934711643090316 44
1750857414304 0.9949673558215452 45
1750857414923 0.9933351468988031 46
1750857415551 0.9955114254624592 47
1750857416181 0.9960554951033732 48
1750857416812 0.9955114254624592 49
1750857417440 0.9948313384113167 50
1750857418063 0.9953754080522307 51
1750857418690 0.9956474428726877 52
1750857419312 0.9959194776931447 53
1750857419938 0.9972796517954298 54
1750857420567 0.9965995647442872 55
1750857421195 0.9953754080522307 56
1750857421823 0.9963275299238302 57
1750857422449 0.9967355821545157 58
1750857423076 0.9963275299238302 59
1750857423705 0.9967355821545157 60
1750857424334 0.9971436343852013 61
1750857424964 0.9957834602829162 62
1750857425592 0.9971436343852013 63
1750857426225 0.9970076169749728 64
1750857426859 0.9979597388465724 65
1750857386382 0.6424102285092492 0
