1751012769051 0.8446744553155399 0
1751012769664 0.9522927843327778 1
1751012770286 0.970738632437756 2
1751012770907 0.9755111188762169 3
1751012771534 0.9809514188615586 4
1751012772169 0.9805460895920888 5
1751012772801 0.9835369521368349 6
1751012773435 0.9838184797072154 7
1751012774069 0.9857167690075999 8
1751012774701 0.9832720990087022 9
1751012775334 0.9855817815048096 10
1751012775964 0.9880314154008231 11
1751012776593 0.9869436683175966 12
1751012777224 0.9897973322012272 13
1751012777856 0.9889836978463067 14
1751012778487 0.9885752078372794 15
1751012779118 0.9884387194546617 16
1751012779749 0.9888452997454555 17
1751012780382 0.9878955033377221 18
1751012781016 0.9899359846280306 19
1751012781649 0.9904777863425883 20
1751012782282 0.9915662475198951 21
1751012782913 0.9922473823979263 22
1751012783545 0.990342876567181 23
1751012784180 0.9888412249872012 24
1751012784814 0.9911592860575894 25
1751012785445 0.9903425288803431 26
1751012786084 0.9918375188563529 27
1751012786722 0.9927946418955391 28
1751012787362 0.9911563051442478 29
1751012787998 0.9923829513766276 30
1751012788639 0.9914285688646454 31
1751012789276 0.9931997111858758 32
1751012789920 0.9931996028351563 33
1751012790563 0.992656531794805 34
1751012791206 0.9945562260183477 35
1751012791854 0.9926549718330471 36
1751012792493 0.9900710971911815 37
1751012793133 0.9944232667682901 38
1751012793778 0.9931965798387316 39
1751012794422 0.994149675020817 40
1751012795068 0.9931998391729825 41
1751012795707 0.9937424334975001 42
1751012796351 0.9922464338083852 43
1751012796996 0.9934729394115753 44
1751012797637 0.9937429851847208 45
1751012797817 0.9937429851847208 0
1751012769051 0.8446744553155399 0
1751012797817 0.9937429851847208 0
