1751012768965 0.6209886847337519 0
1751012769560 0.18931081156541266 1
1751012770181 0.11499229979917196 2
1751012770802 0.08745635164267221 3
1751012771428 0.07166647293297848 4
1751012772063 0.06184952779266663 5
1751012772696 0.05888627813287866 6
1751012773329 0.05489792745313136 7
1751012773963 0.0507212041839714 8
1751012774596 0.05157513651790115 9
1751012775229 0.04698253558569621 10
1751012775857 0.04191430364213519 11
1751012776488 0.04473552703289913 12
1751012777119 0.03734836084474288 13
1751012777748 0.03469488646032469 14
1751012778379 0.0347203106687316 15
1751012779011 0.03753294841912337 16
1751012779642 0.038182001141375245 17
1751012780274 0.03776122491160191 18
1751012780910 0.03636969135257378 19
1751012781541 0.03046088556579686 20
1751012782175 0.02814107436800256 21
1751012782806 0.027306511215825075 22
1751012783436 0.03193084633974024 23
1751012784071 0.03719461031695899 24
1751012784705 0.029328662755172517 25
1751012785338 0.028425104456008193 26
1751012785975 0.026606653783048814 27
1751012786612 0.026030263173372623 28
1751012787254 0.027175880173044897 29
1751012787889 0.028924492905291366 30
1751012788525 0.03090536175802415 31
1751012789166 0.025805392480932655 32
1751012789808 0.024463619653265253 33
1751012790451 0.026947360110324246 34
1751012791095 0.022529467810614195 35
1751012791735 0.023108824647727937 36
1751012792383 0.03103930459452045 37
1751012793023 0.026230604429369524 38
1751012793664 0.02261113847977805 39
1751012794310 0.021854264719434024 40
1751012794955 0.02465024427029429 41
1751012795596 0.022253477938829945 42
1751012796237 0.02531105478550586 43
1751012796883 0.02397916445830863 44
1751012797526 0.023551681261890698 45
1751012797817 0.023551681261890698 0
1751012768965 0.6209886847337519 0
1751012797817 0.023551681261890698 0
