1751012768986 0.846436343852013 0
1751012769586 0.9523939064200218 1
1751012770208 0.9707562568008705 2
1751012770828 0.9755168661588683 3
1751012771455 0.9809575625680087 4
1751012772089 0.9805495103373232 5
1751012772723 0.9835418933623504 6
1751012773356 0.9838139281828074 7
1751012773990 0.9857181719260065 8
1751012774622 0.9832698585418934 9
1751012775255 0.985582154515778 10
1751012775884 0.9880304678998912 11
1751012776514 0.9869423286180631 12
1751012777145 0.9897986942328618 13
1751012777776 0.9889825897714908 14
1751012778406 0.9885745375408053 15
1751012779038 0.9884385201305768 16
1751012779669 0.9888465723612623 17
1751012780301 0.9878944504896626 18
1751012780936 0.9899347116430903 19
1751012781568 0.9904787812840044 20
1751012782201 0.9915669205658324 21
1751012782833 0.9922470076169749 22
1751012783464 0.9903427638737758 23
1751012784099 0.9888465723612623 24
1751012784732 0.9911588683351469 25
1751012785364 0.9903427638737758 26
1751012786003 0.9918389553862894 27
1751012786639 0.9927910772578891 28
1751012787281 0.9911588683351469 29
1751012787917 0.9923830250272034 30
1751012788553 0.9914309031556039 31
1751012789193 0.9931991294885746 32
1751012789838 0.9931991294885746 33
1751012790479 0.9926550598476604 34
1751012791123 0.9945593035908596 35
1751012791763 0.9926550598476604 36
1751012792410 0.9900707290533188 37
1751012793051 0.9944232861806311 38
1751012793692 0.9931991294885746 39
1751012794338 0.9941512513601741 40
1751012794984 0.9931991294885746 41
1751012795624 0.9937431991294886 42
1751012796266 0.9922470076169749 43
1751012796912 0.9934711643090316 44
1751012797554 0.9937431991294886 45
1751012797817 0.9937431991294886 0
1751012768986 0.846436343852013 0
1751012797817 0.9937431991294886 0
