1751012769007 0.8522519394315703 0
1751012769613 0.9523725111658123 1
1751012770234 0.9707350840613215 2
1751012770854 0.9755137845179758 3
1751012771481 0.980945581203245 4
1751012772116 0.9805431447780872 5
1751012772748 0.9835340316209022 6
1751012773382 0.9838344219312724 7
1751012774017 0.9857197184905369 8
1751012774648 0.9832909896874298 9
1751012775282 0.9855970669036366 10
1751012775910 0.9880373416598848 11
1751012776540 0.9869534883937222 12
1751012777172 0.9897972673224854 13
1751012777802 0.9889928425837022 14
1751012778433 0.9885784687018678 15
1751012779064 0.9884391295586521 16
1751012779696 0.9888462616742646 17
1751012780328 0.9879047175940233 18
1751012780963 0.9899462462259054 19
1751012781595 0.9904832958107231 20
1751012782228 0.991569175202252 21
1751012782860 0.9922784889643469 22
1751012783491 0.9903432212777243 23
1751012784126 0.988838436934851 24
1751012784760 0.9911614208670309 25
1751012785391 0.9903428042952305 26
1751012786030 0.9918361790799523 27
1751012786667 0.9927990782820201 28
1751012787308 0.9911556111635855 29
1751012787944 0.9923829784531486 30
1751012788581 0.9914293732292414 31
1751012789221 0.993208566104446 32
1751012789865 0.9932036914760177 33
1751012790506 0.9926588364725039 34
1751012791151 0.994556023811503 35
1751012791792 0.992655116440673 36
1751012792438 0.9900724684713605 37
1751012793079 0.9944284346802258 38
1751012793722 0.9931944308644263 39
1751012794366 0.9941513823494993 40
1751012795012 0.9932130751198687 41
1751012795652 0.9937424953724407 42
1751012796294 0.9922515498346329 43
1751012796940 0.9934845822235893 44
1751012797582 0.9937437334178135 45
1751012797817 0.9937437334178135 0
1751012769007 0.8522519394315703 0
1751012797817 0.9937437334178135 0
