1751012769029 0.846436343852013 0
1751012769639 0.9523939064200218 1
1751012770260 0.9707562568008705 2
1751012770881 0.9755168661588683 3
1751012771508 0.9809575625680087 4
1751012772142 0.9805495103373232 5
1751012772775 0.9835418933623504 6
1751012773409 0.9838139281828074 7
1751012774043 0.9857181719260065 8
1751012774675 0.9832698585418934 9
1751012775308 0.985582154515778 10
1751012775937 0.9880304678998912 11
1751012776567 0.9869423286180631 12
1751012777198 0.9897986942328618 13
1751012777829 0.9889825897714908 14
1751012778460 0.9885745375408053 15
1751012779091 0.9884385201305768 16
1751012779722 0.9888465723612623 17
1751012780355 0.9878944504896626 18
1751012780989 0.9899347116430903 19
1751012781622 0.9904787812840044 20
1751012782255 0.9915669205658324 21
1751012782886 0.9922470076169749 22
1751012783517 0.9903427638737758 23
1751012784153 0.9888465723612623 24
1751012784787 0.9911588683351469 25
1751012785418 0.9903427638737758 26
1751012786057 0.9918389553862894 27
1751012786694 0.9927910772578891 28
1751012787335 0.9911588683351469 29
1751012787971 0.9923830250272034 30
1751012788611 0.9914309031556039 31
1751012789248 0.9931991294885746 32
1751012789893 0.9931991294885746 33
1751012790535 0.9926550598476604 34
1751012791178 0.9945593035908596 35
1751012791827 0.9926550598476604 36
1751012792466 0.9900707290533188 37
1751012793106 0.9944232861806311 38
1751012793750 0.9931991294885746 39
1751012794394 0.9941512513601741 40
1751012795040 0.9931991294885746 41
1751012795680 0.9937431991294886 42
1751012796322 0.9922470076169749 43
1751012796967 0.9934711643090316 44
1751012797610 0.9937431991294886 45
1751012797817 0.9937431991294886 0
1751012769029 0.846436343852013 0
1751012797817 0.9937431991294886 0
