1750948055006 0.6806311207834603 0
1750948055623 0.8824809575625681 1
1750948056257 0.9220620239390642 2
1750948056893 0.94069640914037 3
1750948057529 0.9534820457018498 4
1750948058162 0.9566104461371056 5
1750948058802 0.9628672470076169 6
1750948059443 0.9659956474428727 7
1750948060082 0.9707562568008705 8
1750948060721 0.969260065288357 9
1750948061361 0.9687159956474428 10
1750948062002 0.9729325353645266 11
1750948062646 0.9752448313384113 12
1750948063284 0.97810119695321 13
1750948063923 0.9783732317736671 14
1750948064561 0.9782372143634385 15
1750948065202 0.9779651795429815 16
1750948065847 0.9795973884657236 17
1750948066488 0.9824537540805223 18
1750948067128 0.9824537540805223 19
1750948067771 0.9831338411316648 20
1750948068414 0.9840859630032645 21
1750948069057 0.9834058759521219 22
1750948069699 0.9854461371055495 23
1750948070345 0.9851741022850925 24
1750948070990 0.9869423286180631 25
1750948071633 0.9873503808487486 26
1750948072280 0.9865342763873776 27
1750948072925 0.9866702937976061 28
1750948073570 0.9880304678998912 29
1750948074215 0.9887105549510338 30
1750948074859 0.9885745375408053 31
1750948075504 0.9896626768226333 32
1750948076149 0.9906147986942329 33
1750948076797 0.9865342763873776 34
1750948077449 0.9885745375408053 35
1750948078096 0.9892546245919478 36
1750948078740 0.9885745375408053 37
1750948079389 0.9915669205658324 38
1750948080038 0.9900707290533188 39
1750948080691 0.9907508161044614 40
1750948081342 0.9900707290533188 41
1750948081994 0.9906147986942329 42
1750948082644 0.9914309031556039 43
1750948083295 0.9888465723612623 44
1750948083948 0.9881664853101197 45
1750948084603 0.9923830250272034 46
1750948085257 0.9906147986942329 47
1750948085911 0.9929270946681176 48
1750948086564 0.9914309031556039 49
1750948087224 0.9902067464635473 50
1750948087875 0.9914309031556039 51
1750948088530 0.9923830250272034 52
1750948089184 0.9918389553862894 53
1750948089839 0.9933351468988031 54
1750948090496 0.9925190424374319 55
1750948091152 0.9918389553862894 56
1750948091809 0.9933351468988031 57
1750948092466 0.9933351468988031 58
1750948093124 0.9899347116430903 59
1750948093783 0.9933351468988031 60
1750948094440 0.9930631120783461 61
1750948095097 0.9931991294885746 62
1750948095755 0.9929270946681176 63
1750948096413 0.9933351468988031 64
1750948097072 0.9900707290533188 65
1750948097733 0.9930631120783461 66
1750948098391 0.9955114254624592 67
1750948099051 0.9933351468988031 68
1750948099709 0.9933351468988031 69
1750948100369 0.9923830250272034 70
1750948101031 0.9925190424374319 71
1750948101299 0.9925190424374319 0
1750948055006 0.6806311207834603 0
1750948101299 0.9925190424374319 0
