1750948055048 0.6806311207834603 0
1750948055674 0.8824809575625681 1
1750948056308 0.9220620239390642 2
1750948056944 0.94069640914037 3
1750948057580 0.9534820457018498 4
1750948058214 0.9566104461371056 5
1750948058854 0.9628672470076169 6
1750948059494 0.9659956474428727 7
1750948060134 0.9707562568008705 8
1750948060773 0.969260065288357 9
1750948061413 0.9687159956474428 10
1750948062057 0.9729325353645266 11
1750948062698 0.9752448313384113 12
1750948063336 0.97810119695321 13
1750948063976 0.9783732317736671 14
1750948064613 0.9782372143634385 15
1750948065258 0.9779651795429815 16
1750948065899 0.9795973884657236 17
1750948066540 0.9824537540805223 18
1750948067180 0.9824537540805223 19
1750948067823 0.9831338411316648 20
1750948068467 0.9840859630032645 21
1750948069110 0.9834058759521219 22
1750948069752 0.9854461371055495 23
1750948070397 0.9851741022850925 24
1750948071042 0.9869423286180631 25
1750948071686 0.9873503808487486 26
1750948072334 0.9865342763873776 27
1750948072978 0.9866702937976061 28
1750948073623 0.9880304678998912 29
1750948074268 0.9887105549510338 30
1750948074913 0.9885745375408053 31
1750948075558 0.9896626768226333 32
1750948076203 0.9906147986942329 33
1750948076852 0.9865342763873776 34
1750948077503 0.9885745375408053 35
1750948078149 0.9892546245919478 36
1750948078794 0.9885745375408053 37
1750948079443 0.9915669205658324 38
1750948080091 0.9900707290533188 39
1750948080746 0.9907508161044614 40
1750948081397 0.9900707290533188 41
1750948082048 0.9906147986942329 42
1750948082698 0.9914309031556039 43
1750948083350 0.9888465723612623 44
1750948084003 0.9881664853101197 45
1750948084658 0.9923830250272034 46
1750948085312 0.9906147986942329 47
1750948085966 0.9929270946681176 48
1750948086619 0.9914309031556039 49
1750948087278 0.9902067464635473 50
1750948087930 0.9914309031556039 51
1750948088585 0.9923830250272034 52
1750948089240 0.9918389553862894 53
1750948089895 0.9933351468988031 54
1750948090552 0.9925190424374319 55
1750948091207 0.9918389553862894 56
1750948091865 0.9933351468988031 57
1750948092522 0.9933351468988031 58
1750948093180 0.9899347116430903 59
1750948093839 0.9933351468988031 60
1750948094496 0.9930631120783461 61
1750948095153 0.9931991294885746 62
1750948095811 0.9929270946681176 63
1750948096469 0.9933351468988031 64
1750948097128 0.9900707290533188 65
1750948097789 0.9930631120783461 66
1750948098447 0.9955114254624592 67
1750948099107 0.9933351468988031 68
1750948099765 0.9933351468988031 69
1750948100426 0.9923830250272034 70
1750948101087 0.9925190424374319 71
1750948101299 0.9925190424374319 0
1750948055048 0.6806311207834603 0
1750948101299 0.9925190424374319 0
