1750948054985 1.1491338599623222 0
1750948055597 0.6491020357193703 1
1750948056231 0.4484452228421615 2
1750948056867 0.33634724872545524 3
1750948057503 0.2692449902294769 4
1750948058137 0.22509617086852596 5
1750948058776 0.19084392995517843 6
1750948059416 0.16861739911957846 7
1750948060056 0.1490447297692299 8
1750948060695 0.13516914633723934 9
1750948061335 0.12327775865047359 10
1750948061975 0.11389301525949783 11
1750948062620 0.10318811753029014 12
1750948063258 0.09360437652742708 13
1750948063897 0.08890860783943544 14
1750948064534 0.08203606545049555 15
1750948065176 0.07880033165929885 16
1750948065821 0.07413369375843477 17
1750948066461 0.06926418700629401 18
1750948067101 0.06298187994464048 19
1750948067744 0.061248399692225765 20
1750948068387 0.060980934797663554 21
1750948069030 0.05669962232516951 22
1750948069673 0.05423551566404279 23
1750948070317 0.05084411877534789 24
1750948070963 0.04733533225092182 25
1750948071606 0.04523373208534666 26
1750948072253 0.04769033841663106 27
1750948072898 0.04418684830443206 28
1750948073543 0.04353242897924129 29
1750948074188 0.03772086689250708 30
1750948074832 0.03918167839984088 31
1750948075478 0.03361235897819855 32
1750948076122 0.03595724222843127 33
1750948076769 0.040556278438494825 34
1750948077422 0.03728130606324356 35
1750948078068 0.03388042448917495 36
1750948078713 0.03401774169889332 37
1750948079362 0.029397185026415674 38
1750948080011 0.03019941199806005 39
1750948080664 0.02885371001495071 40
1750948081315 0.030652915022180895 41
1750948081967 0.030636310844932468 42
1750948082616 0.027453609283150087 43
1750948083267 0.03236737431222583 44
1750948083921 0.033353311283832114 45
1750948084575 0.02349640976412625 46
1750948085229 0.026000417593762204 47
1750948085884 0.02278149132292527 48
1750948086537 0.025880352580024007 49
1750948087196 0.025409859876220353 50
1750948087848 0.022701524508284998 51
1750948088502 0.021116591907527918 52
1750948089156 0.02358606062734234 53
1750948089812 0.019527978442091965 54
1750948090468 0.021450602063114662 55
1750948091124 0.0217029385835437 56
1750948091782 0.018029572747653336 57
1750948092438 0.020595852794101355 58
1750948093096 0.026899894749871388 59
1750948093755 0.02021308808579384 60
1750948094412 0.0197914671617098 61
1750948095068 0.019046067930955615 62
1750948095726 0.019603465319311165 63
1750948096385 0.022184035078625187 64
1750948097044 0.025687368135819247 65
1750948097705 0.01888044889518734 66
1750948098363 0.016558575343881034 67
1750948099023 0.019469775104063225 68
1750948099680 0.01867162995901814 69
1750948100340 0.019635638732096266 70
1750948101003 0.01941341137152745 71
1750948101299 0.01941341137152745 0
1750948054985 1.1491338599623222 0
1750948101299 0.01941341137152745 0
