1750948055071 0.6841422274082736 0
1750948055699 0.8801327246189657 1
1750948056334 0.9209818867600933 2
1750948056969 0.940260191685945 3
1750948057605 0.9533283338234186 4
1750948058240 0.9564332702427432 5
1750948058880 0.962792396232175 6
1750948059520 0.965996472905626 7
1750948060159 0.9707334254356572 8
1750948060799 0.9692165687607585 9
1750948061439 0.968713146266515 10
1750948062083 0.9729312619882621 11
1750948062724 0.9752517437318385 12
1750948063362 0.9780969742116252 13
1750948064001 0.9783672328496149 14
1750948064639 0.9782216203654647 15
1750948065284 0.9779754666427356 16
1750948065925 0.9795726445973777 17
1750948066566 0.9824531228099216 18
1750948067206 0.9824647999783123 19
1750948067850 0.9831401252695526 20
1750948068493 0.9840749627894887 21
1750948069136 0.9834039006092257 22
1750948069779 0.9854488140593225 23
1750948070424 0.9851749680223564 24
1750948071069 0.986935664876148 25
1750948071713 0.9873447748035062 26
1750948072360 0.986538486889472 27
1750948073005 0.9866739005097457 28
1750948073650 0.9880353292433129 29
1750948074294 0.9887105349238829 30
1750948074939 0.9885709512492472 31
1750948075584 0.989664083774945 32
1750948076229 0.9906152575267794 33
1750948076879 0.9865367058121755 34
1750948077530 0.988573936131903 35
1750948078176 0.9892504433454726 36
1750948078821 0.9885831988218892 37
1750948079470 0.9915690369127131 38
1750948080119 0.9900702901222569 39
1750948080773 0.9907543639905884 40
1750948081424 0.9900688974307488 41
1750948082075 0.9906151501769201 42
1750948082725 0.9914284621950783 43
1750948083377 0.9888499281448115 44
1750948084030 0.9881649299540446 45
1750948084685 0.9923825739580256 46
1750948085339 0.9906128301058823 47
1750948085993 0.9929303710792605 48
1750948086647 0.991429475646047 49
1750948087305 0.9902076839009013 50
1750948087957 0.9914342616019214 51
1750948088612 0.9923807525451637 52
1750948089267 0.9918396027081251 53
1750948089922 0.9933362588580223 54
1750948090579 0.9925213905143643 55
1750948091235 0.9918397075211246 56
1750948091892 0.993337144364216 57
1750948092550 0.9933389131795662 58
1750948093208 0.9899366278761275 59
1750948093867 0.9933372217865455 60
1750948094523 0.9930626724467551 61
1750948095181 0.9931958516495276 62
1750948095839 0.9929304171818862 63
1750948096497 0.9933339327150182 64
1750948097156 0.9900753864996693 65
1750948097817 0.9930648083514331 66
1750948098475 0.9955101737602725 67
1750948099135 0.9933365402142211 68
1750948099793 0.9933361911785485 69
1750948100454 0.9923850474483256 70
1750948101116 0.9925192985826926 71
1750948101299 0.9925192985826926 0
1750948055071 0.6841422274082736 0
1750948101299 0.9925192985826926 0
