1750948055027 0.6992670944132225 0
1750948055648 0.8841400821056195 1
1750948056282 0.9237537880872626 2
1750948056918 0.9421598130479141 3
1750948057554 0.9537573552752898 4
1750948058188 0.9568425247272945 5
1750948058828 0.9631935558637089 6
1750948059469 0.9663263983255016 7
1750948060108 0.9708310707932207 8
1750948060747 0.9696169910597482 9
1750948061387 0.9689798108295564 10
1750948062028 0.9731291096536921 11
1750948062672 0.975373854393313 12
1750948063310 0.9782794941632499 13
1750948063950 0.9785199696061759 14
1750948064587 0.9783795539258368 15
1750948065229 0.9780857945748787 16
1750948065873 0.9797752516921332 17
1750948066514 0.9825240122532594 18
1750948067154 0.9825161560870648 19
1750948067797 0.9832313585601653 20
1750948068440 0.9841931438960302 21
1750948069083 0.9834567002067345 22
1750948069726 0.9854848129160665 23
1750948070371 0.985252816022232 24
1750948071016 0.9869801206624441 25
1750948071660 0.9873573737111409 26
1750948072307 0.9865977490142531 27
1750948072952 0.9866878862677455 28
1750948073597 0.9880549209985654 29
1750948074241 0.9887752262877118 30
1750948074886 0.9885964652121083 31
1750948075531 0.9896805674604803 32
1750948076176 0.9906505066936793 33
1750948076824 0.9865702297296363 34
1750948077476 0.9885878292644922 35
1750948078122 0.9892707442738655 36
1750948078767 0.9885974685422456 37
1750948079416 0.9915755363414877 38
1750948080064 0.9900825717017881 39
1750948080719 0.9907643318564979 40
1750948081369 0.990080705716582 41
1750948082022 0.9906365195179422 42
1750948082671 0.9914376508486095 43
1750948083322 0.9888896204058397 44
1750948083976 0.9882063955458439 45
1750948084630 0.9923886175180647 46
1750948085284 0.9906383812074558 47
1750948085939 0.9929439111533406 48
1750948086592 0.9914925688745736 49
1750948087251 0.9902141626075726 50
1750948087903 0.9914529725457568 51
1750948088557 0.9923937930302537 52
1750948089212 0.9918450660172581 53
1750948089867 0.9933378617422732 54
1750948090524 0.9925406375029493 55
1750948091179 0.9918575410645961 56
1750948091837 0.9933418211995436 57
1750948092494 0.9933491554628378 58
1750948093152 0.9899522833385167 59
1750948093811 0.9933568333741091 60
1750948094468 0.9930728535392218 61
1750948095125 0.9932067530234363 62
1750948095783 0.9929707382644485 63
1750948096441 0.9933370981911237 64
1750948097100 0.9900913350310127 65
1750948097761 0.9930762051257399 66
1750948098419 0.9955129988505158 67
1750948099079 0.9933479804008918 68
1750948099737 0.9933454190957548 69
1750948100397 0.9923956726241212 70
1750948101059 0.9925321606989282 71
1750948101299 0.9925321606989282 0
1750948055027 0.6992670944132225 0
1750948101299 0.9925321606989282 0
