1750930683085 1.1569666507065102 0
1750930683677 0.6528769719198557 1
1750930684296 0.45895696072246356 2
1750930684915 0.3521684246042478 3
1750930685534 0.2764558180826144 4
1750930686155 0.2261463551416231 5
1750930686776 0.19195291706410533 6
1750930687397 0.16525400819923725 7
1750930688017 0.14867160627385348 8
1750930688638 0.13413453494503658 9
1750930689260 0.11938759258931038 10
1750930689883 0.11474443418384248 11
1750930690505 0.10717402556272664 12
1750930691138 0.1019465100988989 13
1750930691765 0.09460445902471444 14
1750930692392 0.09261894192834415 15
1750930693016 0.08581467138621571 16
1750930693640 0.08238995171702336 17
1750930694270 0.08041156354128212 18
1750930694894 0.07653964807049364 19
1750930695518 0.07598488456017305 20
1750930696144 0.0700903172007842 21
1750930696772 0.07047714434880298 22
1750930697402 0.07019716799178113 23
1750930698027 0.06527568754801877 24
1750930698654 0.0681047190438806 25
1750930699288 0.06454086509230217 26
1750930699917 0.06812599799124539 27
1750930700546 0.06855762035659918 28
1750930701176 0.06181698755824268 29
1750930701805 0.06111559447334822 30
1750930702433 0.05828642246431962 31
1750930703062 0.058211240370203546 32
1750930703690 0.05588323874672686 33
1750930704321 0.05839300507900505 34
1750930704951 0.05535057699054447 35
1750930705581 0.05462328278914629 36
1750930706210 0.05726273076951309 37
1750930706842 0.05357727065066259 38
1750930707473 0.053099611853132826 39
1750930708108 0.05563475148624642 40
1750930708740 0.051675533334662786 41
1750930709375 0.05258519838688747 42
1750930710009 0.05342332836771556 43
1750930710644 0.05443123380235022 44
1750930710933 0.05443123380235022 0
1750930683085 1.1569666507065102 0
1750930710933 0.05443123380235022 0
