1750930683170 0.6650817642212601 0
1750930683780 0.871037123326203 1
1750930684402 0.9198521123316382 2
1750930685019 0.9399532429889165 3
1750930685638 0.9538181974561062 4
1750930686259 0.9614507099783287 5
1750930686881 0.9651259888686806 6
1750930687499 0.9704163772498727 7
1750930688122 0.9726440440088068 8
1750930688743 0.9721027031439289 9
1750930689365 0.976595225623184 10
1750930689988 0.9741396629458623 11
1750930690610 0.9767445349823478 12
1750930691243 0.9755195088269375 13
1750930691868 0.979857907847793 14
1750930692497 0.9792990169270966 15
1750930693121 0.9790622629324034 16
1750930693746 0.9793139375966492 17
1750930694375 0.9793189323534472 18
1750930695000 0.9808209147971639 19
1750930695625 0.9805481873958278 20
1750930696250 0.9813724737741322 21
1750930696881 0.9817771907325125 22
1750930697508 0.9809574179009243 23
1750930698134 0.9843615963614722 24
1750930698761 0.9839497442329986 25
1750930699396 0.9838122162486815 26
1750930700024 0.9820467543282254 27
1750930700654 0.983274431078878 28
1750930701284 0.9844953953611013 29
1750930701911 0.9843483307988337 30
1750930702539 0.9861311700172166 31
1750930703169 0.9849031436373235 32
1750930703798 0.9869428224086768 33
1750930704429 0.9853108335353796 34
1750930705060 0.9859890069819544 35
1750930705689 0.9885743762135972 36
1750930706319 0.9857197230951986 37
1750930706951 0.9878930464607586 38
1750930707583 0.986947457300829 39
1750930708217 0.9874928606501647 40
1750930708850 0.989121551979895 41
1750930709485 0.9877555684598563 42
1750930710119 0.9869417551823216 43
1750930710753 0.9872146859310751 44
1750930710933 0.9872146859310751 0
1750930683170 0.6650817642212601 0
1750930710933 0.9872146859310751 0
