1750930683127 0.6788813686155787 0
1750930683728 0.8791526935212918 1
1750930684349 0.9221370514295679 2
1750930684968 0.9420534245250434 3
1750930685586 0.9547246501364616 4
1750930686207 0.961657017411705 5
1750930686829 0.9653145898047497 6
1750930687448 0.9706571559198485 7
1750930688070 0.9727339775988137 8
1750930688691 0.9722887180948402 9
1750930689313 0.9767395069230757 10
1750930689936 0.9743737100412386 11
1750930690558 0.9767893365764135 12
1750930691190 0.9755672655002354 13
1750930691817 0.9799154940611242 14
1750930692446 0.9793964845590791 15
1750930693069 0.9791148442529912 16
1750930693693 0.9794053795583104 17
1750930694323 0.9793256068987486 18
1750930694947 0.9808609348405664 19
1750930695572 0.980572724152701 20
1750930696197 0.9814123082078425 21
1750930696827 0.981789337645504 22
1750930697456 0.9809909527980113 23
1750930698081 0.984372270401651 24
1750930698708 0.9839504483553977 25
1750930699342 0.9838189467447437 26
1750930699971 0.9820539465517757 27
1750930700600 0.9832796759462529 28
1750930701230 0.9845067871782833 29
1750930701858 0.9843457995881119 30
1750930702486 0.9861369337724216 31
1750930703115 0.9849070857994201 32
1750930703744 0.9869458271188929 33
1750930704374 0.9853152002467483 34
1750930705005 0.9859961221105743 35
1750930705635 0.9885746094355577 36
1750930706265 0.9857269062469068 37
1750930706897 0.9878956924564746 38
1750930707528 0.9869581700544384 39
1750930708162 0.9875007463166022 40
1750930708795 0.9891431411111233 41
1750930709431 0.9877573564041832 42
1750930710064 0.9869424489849674 43
1750930710698 0.9872158788042812 44
1750930710933 0.9872158788042812 0
1750930683127 0.6788813686155787 0
1750930710933 0.9872158788042812 0
