1750930683148 0.6720620239390642 0
1750930683754 0.8751360174102285 1
1750930684376 0.9208378672470077 2
1750930684994 0.940424374319913 3
1750930685612 0.9540261153427638 4
1750930686233 0.9615070729053319 5
1750930686855 0.9651795429815017 6
1750930687474 0.9704842219804135 7
1750930688096 0.9726605005440696 8
1750930688717 0.9721164309031556 9
1750930689339 0.9766050054406964 10
1750930689962 0.9741566920565833 11
1750930690584 0.9767410228509249 12
1750930691216 0.9755168661588683 13
1750930691843 0.9798694232861807 14
1750930692471 0.9793253536452666 15
1750930693095 0.9790533188248096 16
1750930693719 0.9793253536452666 17
1750930694349 0.9793253536452666 18
1750930694974 0.9808215451577802 19
1750930695598 0.9805495103373232 20
1750930696224 0.9813656147986942 21
1750930696854 0.9817736670293797 22
1750930697482 0.9809575625680087 23
1750930698108 0.9843579978237215 24
1750930698734 0.983949945593036 25
1750930699369 0.9838139281828074 26
1750930699998 0.9820457018498367 27
1750930700627 0.9832698585418934 28
1750930701257 0.98449401523395 29
1750930701884 0.9843579978237215 30
1750930702513 0.986126224156692 31
1750930703143 0.9849020674646355 32
1750930703771 0.9869423286180631 33
1750930704402 0.985310119695321 34
1750930705033 0.9859902067464635 35
1750930705662 0.9885745375408053 36
1750930706292 0.9857181719260065 37
1750930706924 0.9878944504896626 38
1750930707555 0.9869423286180631 39
1750930708190 0.9874863982589771 40
1750930708822 0.9891186071817193 41
1750930709458 0.9877584330794341 42
1750930710091 0.9869423286180631 43
1750930710726 0.9872143634385201 44
1750930710933 0.9872143634385201 0
1750930683148 0.6720620239390642 0
1750930710933 0.9872143634385201 0
