1750930683105 0.6720620239390642 0
1750930683703 0.8751360174102285 1
1750930684323 0.9208378672470077 2
1750930684942 0.940424374319913 3
1750930685560 0.9540261153427638 4
1750930686181 0.9615070729053319 5
1750930686803 0.9651795429815017 6
1750930687423 0.9704842219804135 7
1750930688044 0.9726605005440696 8
1750930688665 0.9721164309031556 9
1750930689287 0.9766050054406964 10
1750930689910 0.9741566920565833 11
1750930690532 0.9767410228509249 12
1750930691164 0.9755168661588683 13
1750930691791 0.9798694232861807 14
1750930692419 0.9793253536452666 15
1750930693042 0.9790533188248096 16
1750930693666 0.9793253536452666 17
1750930694297 0.9793253536452666 18
1750930694921 0.9808215451577802 19
1750930695545 0.9805495103373232 20
1750930696171 0.9813656147986942 21
1750930696800 0.9817736670293797 22
1750930697429 0.9809575625680087 23
1750930698054 0.9843579978237215 24
1750930698681 0.983949945593036 25
1750930699315 0.9838139281828074 26
1750930699944 0.9820457018498367 27
1750930700573 0.9832698585418934 28
1750930701203 0.98449401523395 29
1750930701832 0.9843579978237215 30
1750930702459 0.986126224156692 31
1750930703089 0.9849020674646355 32
1750930703717 0.9869423286180631 33
1750930704348 0.985310119695321 34
1750930704978 0.9859902067464635 35
1750930705608 0.9885745375408053 36
1750930706237 0.9857181719260065 37
1750930706870 0.9878944504896626 38
1750930707501 0.9869423286180631 39
1750930708135 0.9874863982589771 40
1750930708768 0.9891186071817193 41
1750930709403 0.9877584330794341 42
1750930710036 0.9869423286180631 43
1750930710671 0.9872143634385201 44
1750930710933 0.9872143634385201 0
1750930683105 0.6720620239390642 0
1750930710933 0.9872143634385201 0
