1751012870956 0.8467542139577191 0
1751012871559 0.9524564283636762 1
1751012872179 0.9665243605028002 2
1751012872800 0.9767176884708076 3
1751012873422 0.9808216209830793 4
1751012874048 0.982601233045985 5
1751012874680 0.9857271533804263 6
1751012875312 0.9859908238877939 7
1751012875945 0.9868060775677412 8
1751012876575 0.9879026987656587 9
1751012877205 0.9888465723612623 10
1751012877829 0.9897985368048582 11
1751012878454 0.9907532912472854 12
1751012879083 0.9917031973551232 13
1751012879710 0.992519326857254 14
1751012880337 0.9923853277720199 15
1751012880968 0.992659974864922 16
1751012881597 0.9937441575516307 17
1751012882228 0.9949678757345187 18
1751012882861 0.995650390532597 19
1751012883493 0.9948324150963452 20
1751012884124 0.9955126591652819 21
1751012884757 0.9957834552790921 22
1751012885390 0.9961917237628397 23
1751012886027 0.9960556934659933 24
1751012886662 0.9976878626700268 25
1751012887304 0.9970066784293221 26
1751012887937 0.9963274566663711 27
1751012888571 0.99646470204845 28
1751012889208 0.9982319190713714 29
1751012889846 0.9967358217345553 30
1751012890486 0.9978237214363439 31
1751012891124 0.9963281583926002 32
1751012891761 0.997280190589202 33
1751012892400 0.9989123219256411 34
1751012893038 0.9975556871279524 35
1751012893674 0.9978237214363439 36
1751012894311 0.9956479702157404 37
1751012894951 0.9967365881532096 38
1751012895598 0.9989127784645928 39
1751012896238 0.9990488656910006 40
1751012896882 0.998911860718172 41
1751012897525 0.9967355821545157 42
1751012898164 0.9972788308301084 43
1751012898807 0.9987759754727158 44
1751012899452 0.9998640815115244 45
1751012899687 0.9998640815115244 0
1751012870956 0.8467542139577191 0
1751012899687 0.9998640815115244 0
