1751012870915 0.6471549942197685 0
1751012871508 0.19527549250406073 1
1751012872127 0.11860216211961325 2
1751012872748 0.08330271027422834 3
1751012873370 0.06793559131428388 4
1751012873995 0.058126053407026194 5
1751012874627 0.04771931330603471 6
1751012875258 0.04609690103538018 7
1751012875892 0.039792260981516524 8
1751012876521 0.03544743262004346 9
1751012877151 0.034544098544642896 10
1751012877777 0.03009651370257366 11
1751012878402 0.029460623442834816 12
1751012879030 0.025794350668044114 13
1751012879657 0.02255294839846491 14
1751012880284 0.023382928913055843 15
1751012880914 0.025256718836230214 16
1751012881544 0.019652968349585853 17
1751012882176 0.018325716658405173 18
1751012882808 0.016479865225514354 19
1751012883440 0.016608000788695794 20
1751012884071 0.01400684242535046 21
1751012884703 0.015471997083558968 22
1751012885335 0.01241963587587819 23
1751012885973 0.013718780702977188 24
1751012886607 0.011073573191738378 25
1751012887250 0.014179776135884769 26
1751012887883 0.01531237926991845 27
1751012888516 0.011878187238401911 28
1751012889153 0.008560959237573974 29
1751012889791 0.008899709580327314 30
1751012890431 0.008585667258350967 31
1751012891069 0.011397739618857542 32
1751012891706 0.008842114314803766 33
1751012892345 0.00670436835766469 34
1751012892983 0.00882093404582879 35
1751012893619 0.008298722551694754 36
1751012894255 0.014595241797378568 37
1751012894896 0.012051372742483045 38
1751012895542 0.007609285553815948 39
1751012896183 0.005562383280859265 40
1751012896826 0.005415375281243876 41
1751012897469 0.009429505420823391 42
1751012898109 0.009308977551039783 43
1751012898750 0.005283425283269659 44
1751012899396 0.004078382255268304 45
1751012899687 0.004078382255268304 0
1751012870915 0.6471549942197685 0
1751012899687 0.004078382255268304 0
