1751012870935 0.845348204570185 0
1751012871534 0.9523939064200218 1
1751012872153 0.9665397170837867 2
1751012872774 0.9767410228509249 3
1751012873396 0.9808215451577802 4
1751012874021 0.9825897714907508 5
1751012874653 0.9857181719260065 6
1751012875286 0.9859902067464635 7
1751012875919 0.9868063112078346 8
1751012876548 0.9878944504896626 9
1751012877178 0.9888465723612623 10
1751012877803 0.9897986942328618 11
1751012878428 0.9907508161044614 12
1751012879056 0.9917029379760609 13
1751012879683 0.9925190424374319 14
1751012880311 0.9923830250272034 15
1751012880941 0.9926550598476604 16
1751012881571 0.9937431991294886 17
1751012882202 0.9949673558215452 18
1751012882835 0.9956474428726877 19
1751012883467 0.9948313384113167 20
1751012884097 0.9955114254624592 21
1751012884730 0.9957834602829162 22
1751012885363 0.9961915125136017 23
1751012885999 0.9960554951033732 24
1751012886634 0.9976877040261154 25
1751012887277 0.9970076169749728 26
1751012887910 0.9963275299238302 27
1751012888543 0.9964635473340587 28
1751012889181 0.9982317736670294 29
1751012889818 0.9967355821545157 30
1751012890458 0.9978237214363439 31
1751012891097 0.9963275299238302 32
1751012891734 0.9972796517954298 33
1751012892373 0.998911860718172 34
1751012893011 0.9975516866158868 35
1751012893647 0.9978237214363439 36
1751012894283 0.9956474428726877 37
1751012894924 0.9967355821545157 38
1751012895570 0.998911860718172 39
1751012896211 0.9990478781284005 40
1751012896855 0.998911860718172 41
1751012897497 0.9967355821545157 42
1751012898137 0.9972796517954298 43
1751012898778 0.9987758433079434 44
1751012899424 0.9998639825897715 45
1751012899687 0.9998639825897715 0
1751012870935 0.845348204570185 0
1751012899687 0.9998639825897715 0
