1751012870999 0.8450529770334582 0
1751012871612 0.9522834660748782 1
1751012872232 0.9665160983567365 2
1751012872852 0.9767207834385709 3
1751012873473 0.9808203038937282 4
1751012874102 0.982591493269227 5
1751012874733 0.9857194497684053 6
1751012875365 0.9859892849127248 7
1751012875998 0.9868061450658376 8
1751012876627 0.9878925847497207 9
1751012877257 0.9888465723612623 10
1751012877882 0.989798565772555 11
1751012878507 0.9907512557601796 12
1751012879136 0.9917026174729208 13
1751012879762 0.9925191345201221 14
1751012880390 0.9923833741655679 15
1751012881022 0.9926554597901663 16
1751012881651 0.9937428733252703 17
1751012882282 0.994967161418001 18
1751012882915 0.9956470954941393 19
1751012883546 0.9948310692687016 20
1751012884178 0.995511587393102 21
1751012884811 0.9957834071859893 22
1751012885444 0.9961914155163966 23
1751012886081 0.9960555436560643 24
1751012886716 0.9976877324880378 25
1751012887358 0.9970069939909753 26
1751012887991 0.996326768950112 27
1751012888626 0.9964636052392847 28
1751012889262 0.9982317954320288 29
1751012889900 0.9967354990140542 30
1751012890540 0.9978237214363439 31
1751012891179 0.9963273880617847 32
1751012891815 0.9972797179932774 33
1751012892455 0.998911887197311 34
1751012893093 0.9975518570206563 35
1751012893729 0.9978237214363439 36
1751012894366 0.9956474671556697 37
1751012895007 0.996735770279392 38
1751012895653 0.9989118508600703 39
1751012896293 0.9990479124773247 40
1751012896938 0.998911860718172 41
1751012897579 0.9967355821545157 42
1751012898219 0.997279087502834 43
1751012898864 0.9987758583760199 44
1751012899506 0.9998639808769674 45
1751012899687 0.9998639808769674 0
1751012870999 0.8450529770334582 0
1751012899687 0.9998639808769674 0
