1750855376910 0.8833733980621944 0
1750855377366 0.37348567160156526 1
1750855377829 0.2193347059182166 2
1750855378294 0.14956136364023626 3
1750855378756 0.11665233784842673 4
1750855379221 0.09467164119776496 5
1750855379684 0.07960668883171901 6
1750855380149 0.07687243522510695 7
1750855380614 0.06483218599601331 8
1750855381079 0.05824196889542522 9
1750855381543 0.05732341028012181 10
1750855382008 0.05018659853969292 11
1750855382475 0.0454530529110359 12
1750855382939 0.039339527311421714 13
1750855383405 0.03844052616008218 14
1750855383872 0.034574328746415584 15
1750855384338 0.03434245815648575 16
1750855384804 0.037678996363494616 17
1750855385269 0.03295126444963136 18
1750855385736 0.029485586740814303 19
1750855386204 0.027383761448528256 20
1750855386671 0.02428478248198481 21
1750855387141 0.02312921884827421 22
1750855387606 0.02422223753833959 23
1750855388072 0.023058458241016905 24
1750855388537 0.02290565715732825 25
1750855389004 0.021440724253459907 26
1750855389471 0.017840152675279854 27
1750855389939 0.018809992449370268 28
1750855390406 0.016567208074915938 29
1750855390874 0.01729369376937051 30
1750855391341 0.021127723037570278 31
1750855391810 0.018213225543038905 32
1750855392278 0.017636476893796788 33
1750855392744 0.017673907721449618 34
1750855393212 0.017107679008635954 35
1750855393679 0.011553992046944198 36
1750855394148 0.013009628773197203 37
1750855394617 0.01128314279505762 38
1750855395086 0.012560680102236706 39
1750855395556 0.010110899756872323 40
1750855396023 0.010655923303033268 41
1750855396492 0.010484942874766813 42
1750855396961 0.009164321516899917 43
1750855397430 0.010827658096568049 44
1750855397899 0.018119601802130243 45
1750855398367 0.010814809735894297 46
1750855398837 0.010935212191888734 47
1750855399309 0.011378636050284552 48
1750855399781 0.010120585983738422 49
1750855400251 0.011152249263468784 50
1750855400722 0.011350718441191792 51
1750855401194 0.00805073189941369 52
1750855401665 0.00674218545822752 53
1750855402135 0.008061719844508557 54
1750855402606 0.010906701944789965 55
1750855403078 0.011054889770194668 56
1750855403551 0.01372746880476209 57
1750855404024 0.011578920949358135 58
1750855404499 0.012406208594824959 59
1750855404971 0.008094115070047331 60
1750855405444 0.011691037708392034 61
1750855405917 0.006592525480084792 62
1750855406390 0.006583736587428033 63
1750855406862 0.007379585072477738 64
1750855407335 0.008052831640445766 65
1750855407808 0.009690557445227944 66
1750855408281 0.008217751829051672 67
1750855376910 0.8833733980621944 0
