1751011952536 0.852526896467398 0
1751011953140 0.9573626333397918 1
1751011953763 0.9701741672805696 2
1751011954382 0.9767365104135767 3
1751011955008 0.9793183796074233 4
1751011955637 0.980686978266851 5
1751011956268 0.9847697338771669 6
1751011956905 0.9858630441450213 7
1751011957542 0.9861272801924857 8
1751011958173 0.988303013082575 9
1751011958807 0.9880309848819026 10
1751011959439 0.9859921031345007 11
1751011960076 0.9892612141832224 12
1751011960708 0.988436999609448 13
1751011961344 0.9904787712867495 14
1751011961976 0.9895293434747564 15
1751011962612 0.9907532912472854 16
1751011963247 0.9932000287792734 17
1751011963882 0.9930735345588447 18
1751011964518 0.9919774514435413 19
1751011965160 0.9883050585998518 20
1751011965796 0.9942904365036371 21
1751011966439 0.9917063823188956 22
1751011967077 0.9937431991294886 23
1751011967714 0.9955116370646488 24
1751011968353 0.9940153318759771 25
1751011968989 0.9944264603940199 26
1751011969631 0.9932023792726277 27
1751011970273 0.9963310146999304 28
1751011970917 0.9923868781828957 29
1751011971556 0.9941531572366378 30
1751011972197 0.9959196062633259 31
1751011972841 0.996055497027921 32
1751011973487 0.995377464514179 33
1751011974132 0.9957864844243907 34
1751011974777 0.9974157057720651 35
1751011975427 0.9955099250670127 36
1751011976070 0.9953759514819985 37
1751011976716 0.9930596355525343 38
1751011977365 0.9937437375275131 39
1751011978010 0.9974167703714382 40
1751011978655 0.9975521927271808 41
1751011979299 0.9961986830372908 42
1751011979951 0.9980960666638444 43
1751011980599 0.9959181873745376 44
1751011981243 0.9967402845108033 45
1751011981891 0.9944237626712862 46
1751011982538 0.9974185132608355 47
1751011983183 0.9951092424518525 48
1751011983828 0.9926581740322835 49
1751011984474 0.9975510207347309 50
1751011985127 0.9966084602102012 51
1751011985774 0.9980957562568009 52
1751011986426 0.9978239687422477 53
1751011986666 0.9978239687422477 0
1751011952536 0.852526896467398 0
1751011986666 0.9978239687422477 0
