1751011952579 0.8486209567013604 0
1751011953191 0.9573497164896737 1
1751011953815 0.9701806041225935 2
1751011954434 0.9767373566557399 3
1751011955061 0.9793200923749865 4
1751011955689 0.9806838158401393 5
1751011956320 0.9847648472270044 6
1751011956957 0.9858554700071489 7
1751011957594 0.98612655514593 8
1751011958227 0.9883026489587855 9
1751011958860 0.98803061748679 10
1751011959493 0.9859907121663486 11
1751011960129 0.9892554864669291 12
1751011960761 0.9884354238571093 13
1751011961398 0.9904786670293474 14
1751011962030 0.9895271387502409 15
1751011962666 0.9907512557601796 16
1751011963302 0.9931987753535546 17
1751011963936 0.9930642566907125 18
1751011964571 0.9919753517258089 19
1751011965213 0.9883025732291595 20
1751011965851 0.9942875289065098 21
1751011966493 0.991703409120841 22
1751011967131 0.9937431991294886 23
1751011967770 0.9955114807120732 24
1751011968406 0.994015081525766 25
1751011969044 0.9944236135863258 26
1751011969686 0.9931998508499765 27
1751011970328 0.9963277404884626 28
1751011970972 0.9923835183066257 29
1751011971611 0.9941514080514356 30
1751011972252 0.9959194251933109 31
1751011972898 0.9960554454320546 32
1751011973542 0.9953756278800897 33
1751011974187 0.9957837078335634 34
1751011974832 0.9974156366623805 35
1751011975483 0.9955106250167832 36
1751011976126 0.9953752129555122 37
1751011976772 0.9930611168909912 38
1751011977421 0.9937429528611541 39
1751011978065 0.9974157624384526 40
1751011978709 0.9975517022268997 41
1751011979354 0.9961918573096171 42
1751011980007 0.9980957077581983 43
1751011980656 0.9959187838865986 44
1751011981299 0.9967361069919696 45
1751011981948 0.9944230707604876 46
1751011982593 0.9974158209302485 47
1751011983239 0.9951028761479594 48
1751011983885 0.9926553553113361 49
1751011984531 0.997551297415454 50
1751011985183 0.9965999067426872 51
1751011985831 0.9980957562568009 52
1751011986482 0.9978231706566865 53
1751011986666 0.9978231706566865 0
1751011952579 0.8486209567013604 0
1751011986666 0.9978231706566865 0
