1751011952557 0.8506528835690969 0
1751011953165 0.9574265505984766 1
1751011953788 0.9702121871599565 2
1751011954408 0.9767410228509249 3
1751011955034 0.9793253536452666 4
1751011955663 0.9806855277475517 5
1751011956294 0.984766050054407 6
1751011956931 0.985854189336235 7
1751011957568 0.986126224156692 8
1751011958201 0.9883025027203483 9
1751011958834 0.9880304678998912 10
1751011959466 0.9859902067464635 11
1751011960103 0.9892546245919478 12
1751011960735 0.9884385201305768 13
1751011961371 0.9904787812840044 14
1751011962003 0.9895266594124048 15
1751011962640 0.9907508161044614 16
1751011963274 0.9931991294885746 17
1751011963909 0.9930631120783461 18
1751011964544 0.9919749727965179 19
1751011965187 0.9883025027203483 20
1751011965823 0.9942872687704026 21
1751011966466 0.9917029379760609 22
1751011967104 0.9937431991294886 23
1751011967743 0.9955114254624592 24
1751011968380 0.9940152339499456 25
1751011969017 0.9944232861806311 26
1751011969659 0.9931991294885746 27
1751011970301 0.9963275299238302 28
1751011970945 0.9923830250272034 29
1751011971584 0.9941512513601741 30
1751011972225 0.9959194776931447 31
1751011972871 0.9960554951033732 32
1751011973514 0.9953754080522307 33
1751011974160 0.9957834602829162 34
1751011974805 0.9974156692056583 35
1751011975455 0.9955114254624592 36
1751011976098 0.9953754080522307 37
1751011976743 0.9930631120783461 38
1751011977393 0.9937431991294886 39
1751011978037 0.9974156692056583 40
1751011978682 0.9975516866158868 41
1751011979326 0.9961915125136017 42
1751011979978 0.9980957562568009 43
1751011980627 0.9959194776931447 44
1751011981271 0.9967355821545157 45
1751011981919 0.9944232861806311 46
1751011982566 0.9974156692056583 47
1751011983211 0.9951033732317737 48
1751011983857 0.9926550598476604 49
1751011984503 0.9975516866158868 50
1751011985155 0.9965995647442872 51
1751011985803 0.9980957562568009 52
1751011986454 0.9978237214363439 53
1751011986666 0.9978237214363439 0
1751011952557 0.8506528835690969 0
1751011986666 0.9978237214363439 0
