1751011952494 0.6458083506637091 0
1751011953089 0.18317141431719228 1
1751011953710 0.11047398022520918 2
1751011954331 0.0818472657518885 3
1751011954956 0.06698224970400009 4
1751011955584 0.06023187332982208 5
1751011956215 0.05263753843790688 6
1751011956852 0.04716215118911762 7
1751011957488 0.04238620038033829 8
1751011958120 0.04165252725977828 9
1751011958754 0.03703010774605681 10
1751011959386 0.03877305337131607 11
1751011960021 0.03344187481983507 12
1751011960655 0.03577420046964459 13
1751011961289 0.031687020734601105 14
1751011961923 0.03197782410722189 15
1751011962557 0.027305810864289192 16
1751011963194 0.025505494633922605 17
1751011963828 0.02358879351033804 18
1751011964465 0.024595856080814726 19
1751011965104 0.03701163490882531 20
1751011965741 0.022718057150915023 21
1751011966384 0.025282063793798378 22
1751011967023 0.020474078512717122 23
1751011967660 0.016608427311633273 24
1751011968298 0.019914038835034602 25
1751011968934 0.018584287326359337 26
1751011969576 0.023226080412679515 27
1751011970218 0.01653368146563105 28
1751011970861 0.02406137553119669 29
1751011971502 0.01953125873102246 30
1751011972142 0.015809125867920548 31
1751011972786 0.014289377822203235 32
1751011973431 0.015582630172766081 33
1751011974077 0.014307393763119089 34
1751011974721 0.01297792886972622 35
1751011975365 0.016348112071028244 36
1751011976015 0.018545646282263562 37
1751011976660 0.023655284821411535 38
1751011977308 0.018542364152032836 39
1751011977953 0.011714589191748639 40
1751011978599 0.012165106788391129 41
1751011979242 0.013841246414860717 42
1751011979894 0.009758336894149296 43
1751011980543 0.014301956136446442 44
1751011981189 0.012471313785429197 45
1751011981835 0.016902516345707323 46
1751011982482 0.013019099189080015 47
1751011983128 0.01637326931060009 48
1751011983772 0.02493666758927009 49
1751011984417 0.01143532605351266 50
1751011985070 0.01112076616491332 51
1751011985717 0.009503844009547152 52
1751011986369 0.009907585397459995 53
1751011986666 0.009907585397459995 0
1751011952494 0.6458083506637091 0
1751011986666 0.009907585397459995 0
