1751011952514 0.8506528835690969 0
1751011953114 0.9574265505984766 1
1751011953737 0.9702121871599565 2
1751011954356 0.9767410228509249 3
1751011954983 0.9793253536452666 4
1751011955611 0.9806855277475517 5
1751011956242 0.984766050054407 6
1751011956878 0.985854189336235 7
1751011957515 0.986126224156692 8
1751011958146 0.9883025027203483 9
1751011958781 0.9880304678998912 10
1751011959412 0.9859902067464635 11
1751011960048 0.9892546245919478 12
1751011960682 0.9884385201305768 13
1751011961317 0.9904787812840044 14
1751011961949 0.9895266594124048 15
1751011962584 0.9907508161044614 16
1751011963221 0.9931991294885746 17
1751011963855 0.9930631120783461 18
1751011964491 0.9919749727965179 19
1751011965131 0.9883025027203483 20
1751011965769 0.9942872687704026 21
1751011966411 0.9917029379760609 22
1751011967050 0.9937431991294886 23
1751011967687 0.9955114254624592 24
1751011968326 0.9940152339499456 25
1751011968962 0.9944232861806311 26
1751011969604 0.9931991294885746 27
1751011970246 0.9963275299238302 28
1751011970889 0.9923830250272034 29
1751011971529 0.9941512513601741 30
1751011972169 0.9959194776931447 31
1751011972813 0.9960554951033732 32
1751011973459 0.9953754080522307 33
1751011974105 0.9957834602829162 34
1751011974749 0.9974156692056583 35
1751011975393 0.9955114254624592 36
1751011976042 0.9953754080522307 37
1751011976688 0.9930631120783461 38
1751011977337 0.9937431991294886 39
1751011977982 0.9974156692056583 40
1751011978628 0.9975516866158868 41
1751011979270 0.9961915125136017 42
1751011979922 0.9980957562568009 43
1751011980571 0.9959194776931447 44
1751011981216 0.9967355821545157 45
1751011981863 0.9944232861806311 46
1751011982510 0.9974156692056583 47
1751011983155 0.9951033732317737 48
1751011983800 0.9926550598476604 49
1751011984446 0.9975516866158868 50
1751011985099 0.9965995647442872 51
1751011985746 0.9980957562568009 52
1751011986398 0.9978237214363439 53
1751011986666 0.9978237214363439 0
1751011952514 0.8506528835690969 0
1751011986666 0.9978237214363439 0
