1750930888441 0.7387105549510338 0
1750930889045 0.9114526659412405 1
1750930889661 0.9455930359085963 2
1750930890275 0.9597388465723613 3
1750930890893 0.9684439608269858 4
1750930891511 0.9759249183895539 5
1750930892127 0.9770130576713819 6
1750930892750 0.9790533188248096 7
1750930893371 0.9829978237214363 8
1750930893994 0.9824537540805223 9
1750930894615 0.9843579978237215 10
1750930895235 0.9846300326441785 11
1750930895857 0.9881664853101197 12
1750930896478 0.9874863982589771 13
1750930897099 0.9885745375408053 14
1750930897720 0.9897986942328618 15
1750930898341 0.9872143634385201 16
1750930898962 0.9881664853101197 17
1750930899584 0.9912948857453754 18
1750930900206 0.9911588683351469 19
1750930900828 0.9921109902067464 20
1750930901453 0.9934711643090316 21
1750930902078 0.9940152339499456 22
1750930902708 0.9934711643090316 23
1750930903334 0.9923830250272034 24
1750930903963 0.9922470076169749 25
1750930904592 0.9951033732317737 26
1750930905219 0.9948313384113167 27
1750930905850 0.9952393906420022 28
1750930906482 0.9956474428726877 29
1750930907109 0.9959194776931447 30
1750930907737 0.9964635473340587 31
1750930908367 0.9957834602829162 32
1750930908997 0.9967355821545157 33
1750930909625 0.9953754080522307 34
1750930910252 0.9948313384113167 35
1750930910882 0.9940152339499456 36
1750930911513 0.9959194776931447 37
1750930912144 0.9974156692056583 38
1750930912349 0.9974156692056583 0
1750930888441 0.7387105549510338 0
1750930912349 0.9974156692056583 0
