1750930888419 0.7612766077833396 0
1750930889019 0.9129602099258777 1
1750930889635 0.945596134505517 2
1750930890250 0.9597332287476237 3
1750930890867 0.9684358853811311 4
1750930891485 0.9759106307649404 5
1750930892101 0.977046945389438 6
1750930892724 0.9790543962577399 7
1750930893345 0.9830053656136456 8
1750930893968 0.982453318702488 9
1750930894589 0.9843741988239294 10
1750930895208 0.9846455149730803 11
1750930895831 0.9881691120963435 12
1750930896452 0.9875125916021555 13
1750930897072 0.9885754901281947 14
1750930897694 0.9898131789521888 15
1750930898315 0.9872213074032942 16
1750930898935 0.9881750520629127 17
1750930899558 0.9912948807412377 18
1750930900179 0.9911620999344516 19
1750930900801 0.9921125859724909 20
1750930901426 0.9934711643090316 21
1750930902051 0.9940153318759771 22
1750930902681 0.9934738115941543 23
1750930903307 0.9923828759627144 24
1750930903936 0.9922536249775954 25
1750930904565 0.9951076895737392 26
1750930905192 0.9948338612324772 27
1750930905823 0.9952373818173457 28
1750930906454 0.9956505936597956 29
1750930907082 0.9959216286224806 30
1750930907710 0.9964636581876938 31
1750930908340 0.9957846750518756 32
1750930908970 0.9967355821545157 33
1750930909598 0.995376573434424 34
1750930910225 0.9948332380886263 35
1750930910855 0.9940150341433143 36
1750930911486 0.9959194776931447 37
1750930912117 0.9974163845190654 38
1750930912349 0.9974163845190654 0
1750930888419 0.7612766077833396 0
1750930912349 0.9974163845190654 0
