1750930888378 1.0954559629578327 0
1750930888967 0.5160853007607673 1
1750930889583 0.3088001940435891 2
1750930890198 0.21396096269635562 3
1750930890816 0.1632936630920954 4
1750930891432 0.12598118142217754 5
1750930892050 0.10506518028668403 6
1750930892672 0.09152558588618423 7
1750930893292 0.07880344461969893 8
1750930893916 0.07276480518467927 9
1750930894536 0.06258502696824217 10
1750930895156 0.05973644723043543 11
1750930895777 0.051174427024914725 12
1750930896399 0.051516489949689465 13
1750930897020 0.04686587336103273 14
1750930897641 0.04298843699786103 15
1750930898263 0.0448095452960609 16
1750930898882 0.04219336341863845 17
1750930899504 0.03688679869824836 18
1750930900126 0.034955092785845514 19
1750930900748 0.030930856216427292 20
1750930901373 0.0278640653394868 21
1750930901998 0.02797345345651364 22
1750930902627 0.026788159503608584 23
1750930903253 0.02911275917901308 24
1750930903883 0.02892218523286891 25
1750930904511 0.023346207973114555 26
1750930905138 0.02125534330878784 27
1750930905769 0.022408505208522764 28
1750930906400 0.02077436566320415 29
1750930907028 0.02156278766566022 30
1750930907657 0.01806664273094171 31
1750930908286 0.01895948015969202 32
1750930908916 0.018095771854052218 33
1750930909543 0.018529043338333495 34
1750930910170 0.021312525328167665 35
1750930910801 0.024227588529717806 36
1750930911432 0.017086201448751545 37
1750930912063 0.014089344834991942 38
1750930912349 0.014089344834991942 0
1750930888378 1.0954559629578327 0
1750930912349 0.014089344834991942 0
