1750930888398 0.7387105549510338 0
1750930888993 0.9114526659412405 1
1750930889609 0.9455930359085963 2
1750930890224 0.9597388465723613 3
1750930890841 0.9684439608269858 4
1750930891459 0.9759249183895539 5
1750930892076 0.9770130576713819 6
1750930892698 0.9790533188248096 7
1750930893319 0.9829978237214363 8
1750930893942 0.9824537540805223 9
1750930894563 0.9843579978237215 10
1750930895183 0.9846300326441785 11
1750930895804 0.9881664853101197 12
1750930896426 0.9874863982589771 13
1750930897046 0.9885745375408053 14
1750930897667 0.9897986942328618 15
1750930898289 0.9872143634385201 16
1750930898909 0.9881664853101197 17
1750930899532 0.9912948857453754 18
1750930900153 0.9911588683351469 19
1750930900775 0.9921109902067464 20
1750930901400 0.9934711643090316 21
1750930902024 0.9940152339499456 22
1750930902655 0.9934711643090316 23
1750930903280 0.9923830250272034 24
1750930903910 0.9922470076169749 25
1750930904538 0.9951033732317737 26
1750930905165 0.9948313384113167 27
1750930905796 0.9952393906420022 28
1750930906427 0.9956474428726877 29
1750930907055 0.9959194776931447 30
1750930907684 0.9964635473340587 31
1750930908313 0.9957834602829162 32
1750930908944 0.9967355821545157 33
1750930909570 0.9953754080522307 34
1750930910198 0.9948313384113167 35
1750930910828 0.9940152339499456 36
1750930911459 0.9959194776931447 37
1750930912090 0.9974156692056583 38
1750930912349 0.9974156692056583 0
1750930888398 0.7387105549510338 0
1750930912349 0.9974156692056583 0
