1750930888463 0.7237647972460057 0
1750930889071 0.9105590937781275 1
1750930889686 0.9454344860205685 2
1750930890301 0.9597076233437938 3
1750930890919 0.9684344375492174 4
1750930891537 0.9759142422636713 5
1750930892154 0.9770193226585102 6
1750930892775 0.9790523669866799 7
1750930893397 0.9829991353228877 8
1750930894020 0.9824530973117923 9
1750930894641 0.9843597353153051 10
1750930895261 0.9846318414905672 11
1750930895882 0.9881653717172875 12
1750930896505 0.9874883191517834 13
1750930897125 0.9885748155717651 14
1750930897746 0.98980140123342 15
1750930898367 0.9872153477456748 16
1750930898989 0.9881675403454688 17
1750930899611 0.9912947710587539 18
1750930900232 0.9911580363405021 19
1750930900854 0.9921104760847618 20
1750930901480 0.9934711643090316 21
1750930902104 0.994015081525766 22
1750930902734 0.9934715063664685 23
1750930903360 0.9923828381906437 24
1750930903990 0.9922476720501523 25
1750930904619 0.9951037140413126 26
1750930905246 0.9948297002117034 27
1750930905877 0.9952374149195279 28
1750930906508 0.9956476875948197 29
1750930907135 0.9959192209117266 30
1750930907765 0.996463540554095 31
1750930908394 0.9957836123995807 32
1750930909024 0.9967355821545157 33
1750930909652 0.9953751814058178 34
1750930910279 0.9948314149864916 35
1750930910910 0.9940143991201825 36
1750930911541 0.9959194776931447 37
1750930912171 0.9974155693768114 38
1750930912349 0.9974155693768114 0
1750930888463 0.7237647972460057 0
1750930912349 0.9974155693768114 0
