1751012033111 0.8350108813928183 0
1751012033716 0.9552502720348205 1
1751012034341 0.9691240478781284 2
1751012034967 0.9745647442872688 3
1751012035597 0.9809575625680087 4
1751012036234 0.9820457018498367 5
1751012036869 0.9832698585418934 6
1751012037511 0.985038084874864 7
1751012038151 0.9857181719260065 8
1751012038791 0.9881664853101197 9
1751012039427 0.9888465723612623 10
1751012040058 0.9888465723612623 11
1751012040689 0.9907508161044614 12
1751012041322 0.9897986942328618 13
1751012041953 0.9906147986942329 14
1751012042589 0.9895266594124048 15
1751012043225 0.9899347116430903 16
1751012043858 0.9918389553862894 17
1751012044493 0.9937431991294886 18
1751012045128 0.9938792165397171 19
1751012045765 0.9915669205658324 20
1751012046400 0.9917029379760609 21
1751012047031 0.9912948857453754 22
1751012047667 0.9959194776931447 23
1751012048305 0.9952393906420022 24
1751012048945 0.9933351468988031 25
1751012049589 0.9941512513601741 26
1751012050227 0.9959194776931447 27
1751012050866 0.9953754080522307 28
1751012051507 0.9974156692056583 29
1751012052145 0.9953754080522307 30
1751012052791 0.9961915125136017 31
1751012053443 0.9967355821545157 32
1751012054086 0.9963275299238302 33
1751012054729 0.9968715995647442 34
1751012055377 0.9972796517954298 35
1751012056026 0.9972796517954298 36
1751012056677 0.9951033732317737 37
1751012057330 0.9972796517954298 38
1751012057973 0.9955114254624592 39
1751012058615 0.9972796517954298 40
1751012059266 0.9970076169749728 41
1751012059912 0.9942872687704026 42
1751012060560 0.9970076169749728 43
1751012061203 0.9974156692056583 44
1751012061849 0.9976877040261154 45
1751012062500 0.9982317736670294 46
1751012063148 0.9971436343852013 47
1751012063791 0.9975516866158868 48
1751012064442 0.9974156692056583 49
1751012065092 0.9971436343852013 50
1751012065743 0.9979597388465724 51
1751012066392 0.9983677910772579 52
1751012067040 0.9942872687704026 53
1751012067686 0.9976877040261154 54
1751012068333 0.9982317736670294 55
1751012068977 0.9987758433079434 56
1751012069625 0.9975516866158868 57
1751012070274 0.9983677910772579 58
1751012070925 0.9971436343852013 59
1751012071577 0.9978237214363439 60
1751012072227 0.9985038084874864 61
1751012072885 0.9978237214363439 62
1751012073540 0.9959194776931447 63
1751012074192 0.9957834602829162 64
1751012074849 0.9978237214363439 65
1751012075505 0.9990478781284005 66
1751012076162 0.9980957562568009 67
1751012076819 0.9974156692056583 68
1751012077477 0.9960554951033732 69
1751012078134 0.9976877040261154 70
1751012078790 0.9982317736670294 71
1751012079076 0.9982317736670294 0
1751012033111 0.8350108813928183 0
1751012079076 0.9982317736670294 0
