1751012033154 0.8350108813928183 0
1751012033768 0.9552502720348205 1
1751012034394 0.9691240478781284 2
1751012035019 0.9745647442872688 3
1751012035651 0.9809575625680087 4
1751012036287 0.9820457018498367 5
1751012036922 0.9832698585418934 6
1751012037565 0.985038084874864 7
1751012038205 0.9857181719260065 8
1751012038845 0.9881664853101197 9
1751012039481 0.9888465723612623 10
1751012040110 0.9888465723612623 11
1751012040743 0.9907508161044614 12
1751012041376 0.9897986942328618 13
1751012042006 0.9906147986942329 14
1751012042642 0.9895266594124048 15
1751012043279 0.9899347116430903 16
1751012043912 0.9918389553862894 17
1751012044548 0.9937431991294886 18
1751012045181 0.9938792165397171 19
1751012045819 0.9915669205658324 20
1751012046453 0.9917029379760609 21
1751012047085 0.9912948857453754 22
1751012047721 0.9959194776931447 23
1751012048361 0.9952393906420022 24
1751012048999 0.9933351468988031 25
1751012049642 0.9941512513601741 26
1751012050282 0.9959194776931447 27
1751012050921 0.9953754080522307 28
1751012051560 0.9974156692056583 29
1751012052203 0.9953754080522307 30
1751012052847 0.9961915125136017 31
1751012053497 0.9967355821545157 32
1751012054141 0.9963275299238302 33
1751012054787 0.9968715995647442 34
1751012055433 0.9972796517954298 35
1751012056083 0.9972796517954298 36
1751012056733 0.9951033732317737 37
1751012057386 0.9972796517954298 38
1751012058028 0.9955114254624592 39
1751012058671 0.9972796517954298 40
1751012059320 0.9970076169749728 41
1751012059968 0.9942872687704026 42
1751012060615 0.9970076169749728 43
1751012061258 0.9974156692056583 44
1751012061905 0.9976877040261154 45
1751012062556 0.9982317736670294 46
1751012063203 0.9971436343852013 47
1751012063847 0.9975516866158868 48
1751012064499 0.9974156692056583 49
1751012065149 0.9971436343852013 50
1751012065799 0.9979597388465724 51
1751012066448 0.9983677910772579 52
1751012067096 0.9942872687704026 53
1751012067742 0.9976877040261154 54
1751012068388 0.9982317736670294 55
1751012069033 0.9987758433079434 56
1751012069680 0.9975516866158868 57
1751012070330 0.9983677910772579 58
1751012070982 0.9971436343852013 59
1751012071634 0.9978237214363439 60
1751012072286 0.9985038084874864 61
1751012072944 0.9978237214363439 62
1751012073598 0.9959194776931447 63
1751012074250 0.9957834602829162 64
1751012074906 0.9978237214363439 65
1751012075563 0.9990478781284005 66
1751012076220 0.9980957562568009 67
1751012076878 0.9974156692056583 68
1751012077535 0.9960554951033732 69
1751012078192 0.9976877040261154 70
1751012078855 0.9982317736670294 71
1751012079076 0.9982317736670294 0
1751012033154 0.8350108813928183 0
1751012079076 0.9982317736670294 0
