1751012033090 0.6579960262619762 0
1751012033690 0.19448336744042552 1
1751012034315 0.11781049202783064 2
1751012034940 0.0876770882225789 3
1751012035570 0.06750277443601466 4
1751012036207 0.059002750217752434 5
1751012036842 0.05602191809678331 6
1751012037484 0.04841462948376777 7
1751012038124 0.04447671758381891 8
1751012038765 0.039331383804534284 9
1751012039399 0.03687211938082799 10
1751012040031 0.037199309957137695 11
1751012040662 0.03181830914620152 12
1751012041295 0.03276070682696747 13
1751012041926 0.029061389021915955 14
1751012042563 0.03086028404136607 15
1751012043198 0.03169995177966888 16
1751012043832 0.0262394306139455 17
1751012044465 0.02110323202274375 18
1751012045101 0.021062694474754774 19
1751012045738 0.023935504463400946 20
1751012046373 0.02562126119684943 21
1751012047004 0.02793095955550184 22
1751012047640 0.017570672219799542 23
1751012048278 0.01649304103994006 24
1751012048918 0.01912658740244441 25
1751012049561 0.019726937095446144 26
1751012050200 0.014888284053000843 27
1751012050839 0.015864285881103092 28
1751012051479 0.011242335151487776 29
1751012052117 0.014905416029703047 30
1751012052763 0.015185514640294105 31
1751012053415 0.017896986469450094 32
1751012054058 0.014579289434964122 33
1751012054701 0.012525880889677248 34
1751012055349 0.012035588108578755 35
1751012055998 0.010658769874774746 36
1751012056648 0.01567101736337157 37
1751012057302 0.011369678770497004 38
1751012057945 0.013071584545929183 39
1751012058587 0.010382166052524962 40
1751012059239 0.010870092464063693 41
1751012059882 0.021535861772567163 42
1751012060532 0.013577566427909348 43
1751012061175 0.010434594695477608 44
1751012061819 0.010188416533792337 45
1751012062471 0.008912938996598173 46
1751012063120 0.010496441221677408 47
1751012063764 0.009698128143793642 48
1751012064413 0.010198394097063499 49
1751012065063 0.011978495630189387 50
1751012065714 0.009015615323661817 51
1751012066364 0.008893388204410331 52
1751012067011 0.020492685728699327 53
1751012067658 0.011481405632323114 54
1751012068305 0.009023419264536777 55
1751012068949 0.007191708250760716 56
1751012069597 0.009336606864523552 57
1751012070246 0.008049891522722735 58
1751012070896 0.011282211170613895 59
1751012071549 0.010043493732485729 60
1751012072198 0.00687750803825564 61
1751012072856 0.009786866389425782 62
1751012073512 0.0137301189442377 63
1751012074163 0.019271973914733325 64
1751012074819 0.010247052581555192 65
1751012075475 0.006078927845605958 66
1751012076133 0.008050077790404559 67
1751012076789 0.010442316136905626 68
1751012077447 0.013636705421024815 69
1751012078104 0.0079877315830415 70
1751012078761 0.007861296960453668 71
1751012079076 0.007861296960453668 0
1751012033090 0.6579960262619762 0
1751012079076 0.007861296960453668 0
