1751012033132 0.8405220369341826 0
1751012033742 0.955169243022568 1
1751012034367 0.9690660057877524 2
1751012034993 0.9745302048810193 3
1751012035625 0.9809508361152081 4
1751012036260 0.9820264981265342 5
1751012036896 0.9832669580753389 6
1751012037538 0.9850531180278989 7
1751012038178 0.9857252797210584 8
1751012038818 0.9881669515912181 9
1751012039454 0.9888465723612623 10
1751012040084 0.9888494907421416 11
1751012040716 0.9907514493036658 12
1751012041349 0.9898131710948237 13
1751012041979 0.9906183931089819 14
1751012042616 0.9895370312492157 15
1751012043252 0.9899279982615738 16
1751012043885 0.9918436928347881 17
1751012044520 0.9937439060269179 18
1751012045155 0.9938809278268123 19
1751012045792 0.991574844585486 20
1751012046427 0.9917035337912272 21
1751012047058 0.9912976069292011 22
1751012047694 0.9959266925401258 23
1751012048333 0.9952393717814346 24
1751012048972 0.9933355365448211 25
1751012049615 0.994151577200508 26
1751012050254 0.9959190844067292 27
1751012050894 0.9953760373633568 28
1751012051533 0.9974163845190654 29
1751012052173 0.9953796893019851 30
1751012052819 0.9961916624294453 31
1751012053470 0.9967373849053278 32
1751012054113 0.9963277216666656 33
1751012054757 0.99687177806801 34
1751012055405 0.9972815358593705 35
1751012056054 0.9972796517954298 36
1751012056705 0.9951006395313402 37
1751012057358 0.9972796906286935 38
1751012058001 0.995520514834987 39
1751012058643 0.9972836873997064 40
1751012059293 0.9970076169749728 41
1751012059940 0.9942889678001067 42
1751012060588 0.9970084047958389 43
1751012061231 0.9974163845190654 44
1751012061877 0.9976887862580319 45
1751012062527 0.9982318310185515 46
1751012063175 0.997145798422268 47
1751012063819 0.9975522124786086 48
1751012064471 0.9974157057720651 49
1751012065121 0.9971432922511796 50
1751012065771 0.9979613982745439 51
1751012066420 0.9983692816823889 52
1751012067068 0.9942865913485233 53
1751012067714 0.9976917802996048 54
1751012068361 0.9982319190713714 55
1751012069004 0.9987766671771469 56
1751012069652 0.9975530589581314 57
1751012070303 0.9983677910772579 58
1751012070953 0.9971438062686824 59
1751012071605 0.9978237214363439 60
1751012072256 0.9985038727673803 61
1751012072915 0.9978246068177029 62
1751012073569 0.995920253556177 63
1751012074221 0.995784654453632 64
1751012074878 0.9978237214363439 65
1751012075534 0.9990487237087631 66
1751012076191 0.9980960666638444 67
1751012076849 0.9974201654141321 68
1751012077506 0.9960556934659933 69
1751012078163 0.9976877475208938 70
1751012078823 0.9982319757558495 71
1751012079076 0.9982319757558495 0
1751012033132 0.8405220369341826 0
1751012079076 0.9982319757558495 0
