1751012033176 0.8309715529223733 0
1751012033794 0.9551184207390337 1
1751012034420 0.9690926710904124 2
1751012035045 0.974545556062289 3
1751012035678 0.9809540908139993 4
1751012036313 0.9820342366902567 5
1751012036949 0.9832676481202898 6
1751012037592 0.9850376408852324 7
1751012038232 0.9857193174560451 8
1751012038871 0.988165191265211 9
1751012039508 0.9888465723612623 10
1751012040137 0.988845539496761 11
1751012040769 0.9907503344808342 12
1751012041402 0.9897999164263678 13
1751012042035 0.9906153496940604 14
1751012042671 0.9895276405188327 15
1751012043306 0.9899304303707762 16
1751012043939 0.9918395234021875 17
1751012044575 0.9937433513845381 18
1751012045208 0.9938788137968214 19
1751012045846 0.9915676840427234 20
1751012046479 0.9917029216824045 21
1751012047113 0.9912951864388807 22
1751012047748 0.9959198471174467 23
1751012048388 0.995239330693859 24
1751012049026 0.9933348894454609 25
1751012049671 0.9941507653542464 26
1751012050309 0.9959189316698875 27
1751012050949 0.9953755205885716 28
1751012051587 0.9974155693768114 29
1751012052231 0.9953757299279062 30
1751012052875 0.9961909117969563 31
1751012053525 0.9967356102485894 32
1751012054168 0.9963275751280599 33
1751012054815 0.996871638072051 34
1751012055461 0.9972797811059352 35
1751012056111 0.9972796517954298 36
1751012056761 0.9951016503167144 37
1751012057414 0.9972793206085422 38
1751012058056 0.9955118769003471 39
1751012058699 0.9972798411340625 40
1751012059348 0.9970076169749728 41
1751012059996 0.994287594939423 42
1751012060643 0.9970075233825576 43
1751012061287 0.9974155693768114 44
1751012061933 0.9976877874449313 45
1751012062585 0.9982317514005762 46
1751012063231 0.9971434464385167 47
1751012063876 0.9975517461939497 48
1751012064528 0.9974156366623805 49
1751012065177 0.9971420768588968 50
1751012065828 0.9979602097106995 51
1751012066476 0.998367720250254 52
1751012067124 0.994286693377239 53
1751012067770 0.9976878487170577 54
1751012068416 0.9982317954320288 55
1751012069061 0.9987757960205947 56
1751012069708 0.9975515591272798 57
1751012070359 0.9983677910772579 58
1751012071010 0.9971436695440467 59
1751012071662 0.9978237214363439 60
1751012072315 0.9985037896466413 61
1751012072973 0.9978236465529217 62
1751012073627 0.9959196628161953 63
1751012074279 0.9957838106854427 64
1751012074935 0.9978237214363439 65
1751012075592 0.9990478413493515 66
1751012076249 0.9980957077581983 67
1751012076907 0.9974154260072237 68
1751012077564 0.9960555436560643 69
1751012078221 0.9976876749084458 70
1751012078887 0.9982317575901877 71
1751012079076 0.9982317575901877 0
1751012033176 0.8309715529223733 0
1751012079076 0.9982317575901877 0
