1751012803267 0.8446681175190425 0
1751012803876 0.9572905331882481 1
1751012804496 0.9699401523394995 2
1751012805117 0.977829162132753 3
1751012805739 0.9786452665941241 4
1751012806370 0.9806855277475517 5
1751012807001 0.9820457018498367 6
1751012807635 0.984766050054407 7
1751012808268 0.985854189336235 8
1751012808899 0.983949945593036 9
1751012809530 0.985854189336235 10
1751012810157 0.9866702937976061 11
1751012810786 0.9877584330794341 12
1751012811414 0.9874863982589771 13
1751012812042 0.9863982589771491 14
1751012812675 0.9884385201305768 15
1751012813303 0.9863982589771491 16
1751012813931 0.9900707290533188 17
1751012814561 0.9878944504896626 18
1751012815191 0.9891186071817193 19
1751012815820 0.9889825897714908 20
1751012816451 0.9904787812840044 21
1751012817084 0.9914309031556039 22
1751012817718 0.9931991294885746 23
1751012818354 0.9889825897714908 24
1751012818987 0.9907508161044614 25
1751012819622 0.9910228509249184 26
1751012820257 0.9925190424374319 27
1751012820895 0.9900707290533188 28
1751012821532 0.9938792165397171 29
1751012822169 0.9919749727965179 30
1751012822806 0.9929270946681176 31
1751012823010 0.9929270946681176 0
1751012803267 0.8446681175190425 0
1751012823010 0.9929270946681176 0
