1751012803290 0.8411736698032162 0
1751012803901 0.9571809742458887 1
1751012804522 0.9699268933858382 2
1751012805143 0.9778185418098402 3
1751012805765 0.9786406276883135 4
1751012806396 0.9806858205648327 5
1751012807027 0.9820430581177959 6
1751012807661 0.9847663904302671 7
1751012808294 0.9858545335650425 8
1751012808926 0.9839465351355607 9
1751012809556 0.9858525595587806 10
1751012810183 0.9866656370381178 11
1751012810812 0.9877572525270018 12
1751012811440 0.9874850470751754 13
1751012812069 0.9863982861700387 14
1751012812701 0.9884354878493682 15
1751012813329 0.9863992056703126 16
1751012813958 0.9900716231712241 17
1751012814588 0.9878935670481144 18
1751012815218 0.9891187366174315 19
1751012815847 0.9889824544599675 20
1751012816478 0.9904787812840044 21
1751012817111 0.9914295214693486 22
1751012817745 0.9931996028351563 23
1751012818381 0.9889826468237135 24
1751012819014 0.9907500879709991 25
1751012819649 0.9910246351765217 26
1751012820284 0.9925190463662573 27
1751012820922 0.9900719186549979 28
1751012821560 0.9938774081058686 29
1751012822197 0.9919731875122633 30
1751012822833 0.9929278742629031 31
1751012823010 0.9929278742629031 0
1751012803290 0.8411736698032162 0
1751012823010 0.9929278742629031 0
