1751012803224 0.8446681175190425 0
1751012803824 0.9572905331882481 1
1751012804443 0.9699401523394995 2
1751012805064 0.977829162132753 3
1751012805686 0.9786452665941241 4
1751012806318 0.9806855277475517 5
1751012806948 0.9820457018498367 6
1751012807583 0.984766050054407 7
1751012808216 0.985854189336235 8
1751012808846 0.983949945593036 9
1751012809477 0.985854189336235 10
1751012810104 0.9866702937976061 11
1751012810733 0.9877584330794341 12
1751012811360 0.9874863982589771 13
1751012811989 0.9863982589771491 14
1751012812623 0.9884385201305768 15
1751012813250 0.9863982589771491 16
1751012813878 0.9900707290533188 17
1751012814508 0.9878944504896626 18
1751012815137 0.9891186071817193 19
1751012815768 0.9889825897714908 20
1751012816398 0.9904787812840044 21
1751012817031 0.9914309031556039 22
1751012817664 0.9931991294885746 23
1751012818300 0.9889825897714908 24
1751012818933 0.9907508161044614 25
1751012819567 0.9910228509249184 26
1751012820202 0.9925190424374319 27
1751012820840 0.9900707290533188 28
1751012821479 0.9938792165397171 29
1751012822114 0.9919749727965179 30
1751012822750 0.9929270946681176 31
1751012823010 0.9929270946681176 0
1751012803224 0.8446681175190425 0
1751012823010 0.9929270946681176 0
