1751012803245 0.8522357698360111 0
1751012803850 0.9572193860061555 1
1751012804470 0.969916238226896 2
1751012805090 0.9778118229204719 3
1751012805713 0.9786378610119726 4
1751012806344 0.9806870311506103 5
1751012806975 0.9820657758582485 6
1751012807609 0.9847679617834437 7
1751012808241 0.9858552712341297 8
1751012808873 0.9839531090749296 9
1751012809503 0.9858522072584506 10
1751012810130 0.9866620930833573 11
1751012810759 0.9877603227043578 12
1751012811387 0.987486766192349 13
1751012812016 0.9863996336064159 14
1751012812649 0.9884353904423705 15
1751012813277 0.9864036982698698 16
1751012813905 0.990079001335066 17
1751012814535 0.9878948900108693 18
1751012815164 0.9891190976845918 19
1751012815794 0.9889824184867435 20
1751012816424 0.9904787812840044 21
1751012817058 0.991428433415902 22
1751012817691 0.9932036914760177 23
1751012818327 0.9889836053273858 24
1751012818960 0.990751188873436 25
1751012819595 0.991029804647293 26
1751012820230 0.9925191690830655 27
1751012820867 0.9900851500560063 28
1751012821506 0.9938799535349864 29
1751012822141 0.9919721251630587 30
1751012822779 0.9929373055287909 31
1751012823010 0.9929373055287909 0
1751012803245 0.8522357698360111 0
1751012823010 0.9929373055287909 0
