1751012803203 0.6192311369069123 0
1751012803798 0.17620041269213124 1
1751012804417 0.11313857401237784 2
1751012805037 0.08201455875371823 3
1751012805660 0.07390223392837714 4
1751012806291 0.06303366785210286 5
1751012806922 0.05652630451146485 6
1751012807557 0.051098024239510265 7
1751012808189 0.04614005064119517 8
1751012808820 0.04870112284093738 9
1751012809451 0.04748263816279283 10
1751012810077 0.04466629349570863 11
1751012810706 0.038651667648806794 12
1751012811334 0.03801468428795888 13
1751012811962 0.04112262416213459 14
1751012812594 0.038901758846402235 15
1751012813223 0.038060517910709836 16
1751012813852 0.033246893595328494 17
1751012814481 0.03983788639742788 18
1751012815110 0.035105011337239124 19
1751012815741 0.032884129082887424 20
1751012816371 0.03167919578158395 21
1751012817005 0.028894395507685636 22
1751012817635 0.02659858518175708 23
1751012818272 0.03606533221758586 24
1751012818906 0.032482468161044865 25
1751012819541 0.03064424542546013 26
1751012820175 0.02678184752921058 27
1751012820812 0.029968711198940953 28
1751012821452 0.0242113175916448 29
1751012822087 0.027599887272811235 30
1751012822723 0.02852648324652355 31
1751012823010 0.02852648324652355 0
1751012803203 0.6192311369069123 0
1751012823010 0.02852648324652355 0
