1750855629577 1.440817202395791 0
1750855629826 1.1139910258717585 1
1750855630079 0.9358172348585948 2
1750855630334 0.791445696963579 3
1750855630590 0.6768603333321697 4
1750855630845 0.5855205066185911 5
1750855631102 0.5180779612168135 6
1750855631358 0.4589972294323852 7
1750855631615 0.41625797314016033 8
1750855631871 0.3770474484099138 9
1750855632129 0.3496597855472461 10
1750855632386 0.31808501764142866 11
1750855632643 0.29702973823033685 12
1750855632899 0.27676449331806585 13
1750855633155 0.26076327462126303 14
1750855633411 0.24382312743396573 15
1750855633668 0.22930383327152576 16
1750855633925 0.2238011563823065 17
1750855634182 0.20885141404655735 18
1750855634441 0.19942279113000572 19
1750855634698 0.19031533311902504 20
1750855634955 0.18288351115451415 21
1750855635214 0.17275560802098067 22
1750855635471 0.16658483144053957 23
1750855635732 0.16042748845959642 24
1750855635989 0.15220759797667005 25
1750855636247 0.14839793486324046 26
1750855636506 0.1405002765349387 27
1750855636765 0.1431930483814422 28
1750855637027 0.1372576504621464 29
1750855637287 0.13254037128114857 30
1750855637546 0.1282302322062756 31
1750855637805 0.12262040893906997 32
1750855638065 0.11716973598361405 33
1750855638325 0.11924072981723893 34
1750855638586 0.11447470270348581 35
1750855638848 0.10891819053752119 36
1750855639110 0.10930614997110896 37
1750855639369 0.10440310819623778 38
1750855639629 0.10168574568820596 39
1750855639890 0.0974174232036686 40
1750855640150 0.0959457923476792 41
1750855640410 0.09255589509911843 42
1750855640670 0.08946425555288078 43
1750855640931 0.0889799114847728 44
1750855641191 0.08481542608002454 45
1750855641453 0.08408295608027326 46
1750855641716 0.08073716134773375 47
1750855641977 0.07800094082838044 48
1750855642239 0.07711160900446225 49
1750855642499 0.07737701396347389 50
1750855642762 0.07487819224628453 51
1750855643025 0.07396179508575937 52
1750855643287 0.07123564696091433 53
1750855643551 0.06812233136514845 54
1750855643814 0.07015866701115202 55
1750855644078 0.06780101486174664 56
1750855644341 0.06417286503447932 57
1750855644603 0.06417526413359242 58
1750855644869 0.06152312768475275 59
1750855645134 0.06315438304668022 60
1750855645398 0.06116794961807647 61
1750855645663 0.05878882722217707 62
1750855645926 0.05761811018833268 63
1750855646191 0.057079718587058674 64
1750855646455 0.056498045083520465 65
1750855646718 0.05472769928331993 66
1750855646990 0.05433406998627334 67
1750855647255 0.053441920051182965 68
1750855647520 0.050153358955994265 69
1750855647784 0.05101510512686139 70
1750855648048 0.051031128407108384 71
1750855648312 0.04877741337714309 72
1750855648576 0.04902741779554007 73
1750855629577 1.440817202395791 0
