1750855584218 0.7892590395384697 0
1750855584677 0.288752470056043 1
1750855585147 0.16987878110936727 2
1750855585614 0.12093184911063239 3
1750855586080 0.09396244872511406 4
1750855586545 0.07742682801026514 5
1750855587010 0.07014641575150443 6
1750855587478 0.059280681289059556 7
1750855587945 0.056009946664606784 8
1750855588410 0.04838046409246452 9
1750855588876 0.042382272496470884 10
1750855589343 0.040846754822644916 11
1750855589824 0.0386761717703011 12
1750855590306 0.037070437009173715 13
1750855590789 0.03384087568349625 14
1750855591271 0.030802016370444354 15
1750855591752 0.029359601181653105 16
1750855592234 0.02488292845865961 17
1750855592717 0.024983687395223855 18
1750855593201 0.02210937378020051 19
1750855593684 0.022356302012264795 20
1750855594170 0.024510362006671182 21
1750855594653 0.0211575615140726 22
1750855595136 0.018547725384412444 23
1750855595618 0.015895348053903878 24
1750855596103 0.014808245579852957 25
1750855596584 0.014211683765649633 26
1750855597068 0.01433075941319783 27
1750855597553 0.013766181560221075 28
1750855598037 0.014444413702069529 29
1750855598521 0.01863056751549795 30
1750855599004 0.017357925798919285 31
1750855599489 0.017984672455102917 32
1750855599974 0.014145285272170204 33
1750855600458 0.013520127497015519 34
1750855600942 0.014450599658338432 35
1750855601427 0.013637193241126236 36
1750855601911 0.014521186431393308 37
1750855602398 0.010909905102299283 38
1750855602882 0.00995473072997632 39
1750855584218 0.7892590395384697 0
