1751012486302 0.8543372368314228 0
1751012486911 0.9555735276535655 1
1751012487533 0.9719648413503832 2
1751012488158 0.9760394056718215 3
1751012488785 0.9782156736141523 4
1751012489413 0.9828613517866083 5
1751012490047 0.9835591478905689 6
1751012490684 0.9846358091357991 7
1751012491317 0.9869423286180631 8
1751012491952 0.9878983450482405 9
1751012492584 0.9835362717261864 10
1751012493214 0.9858719971721364 11
1751012493848 0.9887073479159906 12
1751012494484 0.9877507137182504 13
1751012495118 0.9896708667820391 14
1751012495752 0.9905010979866962 15
1751012496389 0.9929404066025183 16
1751012497024 0.9921117746904788 17
1751012497661 0.9899412925025131 18
1751012498298 0.9912970941802289 19
1751012498936 0.9917038731997702 20
1751012499574 0.9915787761074538 21
1751012500213 0.992794984174004 22
1751012500851 0.9931971697819548 23
1751012501490 0.992931462308753 24
1751012502129 0.9934790394401171 25
1751012502769 0.9934724955867563 26
1751012503411 0.9937440627703912 27
1751012504051 0.9938771318573377 28
1751012504692 0.9946952882837768 29
1751012505335 0.9956494747063493 30
1751012505977 0.9956474428726877 31
1751012506616 0.9949704700061681 32
1751012507262 0.9955127174902859 33
1751012507902 0.9949672234373087 34
1751012508544 0.9917075279909927 35
1751012509186 0.9951042260402194 36
1751012509827 0.9963275387767497 37
1751012510471 0.9938793811229492 38
1751012511114 0.9945599716951372 39
1751012511757 0.9964647938968831 40
1751012512403 0.9951044834178902 41
1751012513043 0.995377464514179 42
1751012513686 0.993341339146133 43
1751012514326 0.9946984351857111 44
1751012514968 0.99523795711413 45
1751012515613 0.9953765438687024 46
1751012516255 0.9968727385982505 47
1751012516898 0.9959194776931447 48
1751012517540 0.9953754080522307 49
1751012518182 0.9963287068250631 50
1751012518828 0.9949702727442196 51
1751012519472 0.9948408856704934 52
1751012520117 0.9979597892697226 53
1751012520766 0.9942869854623866 54
1751012521410 0.9946969126736445 55
1751012522055 0.9949704399917852 56
1751012522701 0.9959214848985194 57
1751012523348 0.9974159335352032 58
1751012523994 0.9980960666638444 59
1751012524640 0.9978255562437109 60
1751012525287 0.9968710116768967 61
1751012525936 0.9945614126425067 62
1751012526582 0.9974157800592933 63
1751012527233 0.9946955977547081 64
1751012527883 0.9972789975834917 65
1751012528534 0.9970091608023909 66
1751012529184 0.9955129046859782 67
1751012529835 0.9970077844219339 68
1751012530487 0.9971436640232362 69
1751012531146 0.997824234368015 70
1751012531800 0.9978237214363439 71
1751012532044 0.9978237214363439 0
1751012486302 0.8543372368314228 0
1751012532044 0.9978237214363439 0
