1751012486324 0.8497007616974973 0
1751012486937 0.955658324265506 1
1751012487560 0.9719804134929271 2
1751012488185 0.9760609357997824 3
1751012488811 0.9782372143634385 4
1751012489440 0.9828618063112078 5
1751012490073 0.9835418933623504 6
1751012490710 0.9846300326441785 7
1751012491344 0.9869423286180631 8
1751012491978 0.9878944504896626 9
1751012492611 0.9835418933623504 10
1751012493240 0.985854189336235 11
1751012493874 0.9887105549510338 12
1751012494510 0.9877584330794341 13
1751012495145 0.9896626768226333 14
1751012495779 0.9904787812840044 15
1751012496416 0.9929270946681176 16
1751012497051 0.9921109902067464 17
1751012497688 0.9899347116430903 18
1751012498325 0.9912948857453754 19
1751012498963 0.9917029379760609 20
1751012499602 0.9915669205658324 21
1751012500241 0.9927910772578891 22
1751012500878 0.9931991294885746 23
1751012501517 0.9929270946681176 24
1751012502157 0.9934711643090316 25
1751012502797 0.9934711643090316 26
1751012503438 0.9937431991294886 27
1751012504078 0.9938792165397171 28
1751012504720 0.9946953210010882 29
1751012505362 0.9956474428726877 30
1751012506004 0.9956474428726877 31
1751012506643 0.9949673558215452 32
1751012507290 0.9955114254624592 33
1751012507929 0.9949673558215452 34
1751012508571 0.9917029379760609 35
1751012509213 0.9951033732317737 36
1751012509855 0.9963275299238302 37
1751012510499 0.9938792165397171 38
1751012511141 0.9945593035908596 39
1751012511784 0.9964635473340587 40
1751012512430 0.9951033732317737 41
1751012513071 0.9953754080522307 42
1751012513714 0.9933351468988031 43
1751012514353 0.9946953210010882 44
1751012514996 0.9952393906420022 45
1751012515641 0.9953754080522307 46
1751012516283 0.9968715995647442 47
1751012516926 0.9959194776931447 48
1751012517568 0.9953754080522307 49
1751012518210 0.9963275299238302 50
1751012518856 0.9949673558215452 51
1751012519500 0.9948313384113167 52
1751012520145 0.9979597388465724 53
1751012520793 0.9942872687704026 54
1751012521438 0.9946953210010882 55
1751012522083 0.9949673558215452 56
1751012522729 0.9959194776931447 57
1751012523376 0.9974156692056583 58
1751012524022 0.9980957562568009 59
1751012524668 0.9978237214363439 60
1751012525316 0.9968715995647442 61
1751012525965 0.9945593035908596 62
1751012526610 0.9974156692056583 63
1751012527262 0.9946953210010882 64
1751012527911 0.9972796517954298 65
1751012528562 0.9970076169749728 66
1751012529213 0.9955114254624592 67
1751012529864 0.9970076169749728 68
1751012530516 0.9971436343852013 69
1751012531174 0.9978237214363439 70
1751012531829 0.9978237214363439 71
1751012532044 0.9978237214363439 0
1751012486324 0.8497007616974973 0
1751012532044 0.9978237214363439 0
