1751012486281 0.8497007616974973 0
1751012486885 0.955658324265506 1
1751012487507 0.9719804134929271 2
1751012488131 0.9760609357997824 3
1751012488758 0.9782372143634385 4
1751012489387 0.9828618063112078 5
1751012490021 0.9835418933623504 6
1751012490657 0.9846300326441785 7
1751012491291 0.9869423286180631 8
1751012491925 0.9878944504896626 9
1751012492557 0.9835418933623504 10
1751012493187 0.985854189336235 11
1751012493821 0.9887105549510338 12
1751012494456 0.9877584330794341 13
1751012495091 0.9896626768226333 14
1751012495726 0.9904787812840044 15
1751012496362 0.9929270946681176 16
1751012496997 0.9921109902067464 17
1751012497634 0.9899347116430903 18
1751012498271 0.9912948857453754 19
1751012498909 0.9917029379760609 20
1751012499547 0.9915669205658324 21
1751012500185 0.9927910772578891 22
1751012500824 0.9931991294885746 23
1751012501463 0.9929270946681176 24
1751012502102 0.9934711643090316 25
1751012502742 0.9934711643090316 26
1751012503383 0.9937431991294886 27
1751012504023 0.9938792165397171 28
1751012504665 0.9946953210010882 29
1751012505305 0.9956474428726877 30
1751012505949 0.9956474428726877 31
1751012506589 0.9949673558215452 32
1751012507235 0.9955114254624592 33
1751012507875 0.9949673558215452 34
1751012508516 0.9917029379760609 35
1751012509158 0.9951033732317737 36
1751012509800 0.9963275299238302 37
1751012510442 0.9938792165397171 38
1751012511086 0.9945593035908596 39
1751012511729 0.9964635473340587 40
1751012512375 0.9951033732317737 41
1751012513015 0.9953754080522307 42
1751012513658 0.9933351468988031 43
1751012514298 0.9946953210010882 44
1751012514940 0.9952393906420022 45
1751012515585 0.9953754080522307 46
1751012516227 0.9968715995647442 47
1751012516870 0.9959194776931447 48
1751012517512 0.9953754080522307 49
1751012518154 0.9963275299238302 50
1751012518800 0.9949673558215452 51
1751012519444 0.9948313384113167 52
1751012520089 0.9979597388465724 53
1751012520738 0.9942872687704026 54
1751012521382 0.9946953210010882 55
1751012522027 0.9949673558215452 56
1751012522673 0.9959194776931447 57
1751012523320 0.9974156692056583 58
1751012523966 0.9980957562568009 59
1751012524612 0.9978237214363439 60
1751012525259 0.9968715995647442 61
1751012525908 0.9945593035908596 62
1751012526553 0.9974156692056583 63
1751012527205 0.9946953210010882 64
1751012527854 0.9972796517954298 65
1751012528506 0.9970076169749728 66
1751012529156 0.9955114254624592 67
1751012529807 0.9970076169749728 68
1751012530458 0.9971436343852013 69
1751012531117 0.9978237214363439 70
1751012531771 0.9978237214363439 71
1751012532044 0.9978237214363439 0
1751012486281 0.8497007616974973 0
1751012532044 0.9978237214363439 0
