1751012486347 0.8466621632112978 0
1751012486963 0.955553062754459 1
1751012487586 0.9719717115668851 2
1751012488211 0.9760471002429572 3
1751012488837 0.9782260750358275 4
1751012489466 0.9828613836805281 5
1751012490100 0.9835415209053948 6
1751012490737 0.9846310968693471 7
1751012491369 0.9869423286180631 8
1751012492004 0.9878951611995851 9
1751012492637 0.9835389753144584 10
1751012493267 0.9858560141312124 11
1751012493902 0.988708633865988 12
1751012494537 0.9877541623508824 13
1751012495171 0.9896635880692451 14
1751012495806 0.9904801764480198 15
1751012496443 0.9929270719734797 16
1751012497079 0.9921111821805045 17
1751012497715 0.9899355012792487 18
1751012498352 0.9912941909882788 19
1751012498990 0.9917031432919675 20
1751012499629 0.9915678510117015 21
1751012500268 0.9927926767417199 22
1751012500905 0.9931974910727933 23
1751012501544 0.9929275695153456 24
1751012502184 0.9934718445433258 25
1751012502825 0.9934713177311809 26
1751012503465 0.9937413946244654 27
1751012504106 0.9938762316791551 28
1751012504748 0.9946952542017286 29
1751012505390 0.9956476497694962 30
1751012506032 0.9956474428726877 31
1751012506671 0.9949676512852207 32
1751012507317 0.9955112063156266 33
1751012507957 0.9949667435421512 34
1751012508599 0.9917031721765519 35
1751012509240 0.9951033330648116 36
1751012509882 0.9963274836781197 37
1751012510526 0.9938792367068082 38
1751012511168 0.9945594359865548 39
1751012511811 0.9964638451337997 40
1751012512458 0.9951028677656979 41
1751012513098 0.9953756278800897 42
1751012513742 0.9933323664311501 43
1751012514381 0.9946956164647637 44
1751012515024 0.9952383168238513 45
1751012515668 0.9953751672404171 46
1751012516310 0.9968717124254953 47
1751012516953 0.9959194776931447 48
1751012517596 0.9953754080522307 49
1751012518238 0.996327662412538 50
1751012518883 0.9949676531292051 51
1751012519528 0.9948309860143763 52
1751012520173 0.997959713154511 53
1751012520821 0.9942869254310891 54
1751012521466 0.9946951026619293 55
1751012522110 0.9949676353142113 56
1751012522757 0.9959196716589027 57
1751012523404 0.9974157505309349 58
1751012524050 0.9980957077581983 59
1751012524696 0.9978238248847481 60
1751012525344 0.9968711494451368 61
1751012525993 0.9945593092193669 62
1751012526638 0.9974156652246748 63
1751012527290 0.9946951718618341 64
1751012527940 0.997278961942742 65
1751012528591 0.9970082354339923 66
1751012529241 0.9955115326903516 67
1751012529892 0.9970075877284507 68
1751012530545 0.9971435984163153 69
1751012531202 0.9978237743946219 70
1751012531858 0.9978237214363439 71
1751012532044 0.9978237214363439 0
1751012486347 0.8466621632112978 0
1751012532044 0.9978237214363439 0
