1751012486260 0.6318565667713298 0
1751012486858 0.1894964016690218 1
1751012487481 0.11264365120214269 2
1751012488105 0.08458523725091568 3
1751012488732 0.0690258446233641 4
1751012489360 0.05874658536097041 5
1751012489994 0.05460749888413619 6
1751012490630 0.04950001801468505 7
1751012491265 0.044566267333170796 8
1751012491899 0.041239147750464174 9
1751012492530 0.04375118848495793 10
1751012493161 0.04394627155146285 11
1751012493795 0.038901637866687724 12
1751012494430 0.041402220456446474 13
1751012495063 0.03352458411736477 14
1751012495698 0.030473301538810442 15
1751012496335 0.028711350692458393 16
1751012496970 0.027564852092094857 17
1751012497607 0.032258014236217096 18
1751012498243 0.02684829405066076 19
1751012498882 0.02851270737432519 20
1751012499520 0.02606469359334003 21
1751012500158 0.02191287687938089 22
1751012500797 0.023823772388853953 23
1751012501435 0.025491998725498788 24
1751012502074 0.025547585827607553 25
1751012502714 0.021683063733789733 26
1751012503355 0.022480956087967175 27
1751012503996 0.02188752455103806 28
1751012504637 0.018489429207824745 29
1751012505277 0.017829733643320037 30
1751012505922 0.01689547955710137 31
1751012506561 0.01614463162356106 32
1751012507207 0.017645975803374694 33
1751012507848 0.0187764300856338 34
1751012508488 0.028595113237028673 35
1751012509130 0.01937561241785212 36
1751012509772 0.014818505285220612 37
1751012510414 0.018531870343686935 38
1751012511058 0.018025457266701933 39
1751012511701 0.016345260034987177 40
1751012512348 0.017734794441703807 41
1751012512987 0.01663502174826345 42
1751012513630 0.023937294516566496 43
1751012514271 0.019259464982755166 44
1751012514912 0.014911109285927718 45
1751012515556 0.016683350389638876 46
1751012516199 0.0121151975696041 47
1751012516842 0.012172661932495395 48
1751012517484 0.015440619135654497 49
1751012518125 0.013789438333978494 50
1751012518772 0.020789710234270974 51
1751012519415 0.019100491072013732 52
1751012520061 0.01182473452875271 53
1751012520709 0.018436240557767655 54
1751012521354 0.021314355882717715 55
1751012521999 0.017477422973933558 56
1751012522645 0.013192566852738941 57
1751012523292 0.011218966597993174 58
1751012523937 0.01083649547164601 59
1751012524584 0.010498144660070052 60
1751012525230 0.013535799372229842 61
1751012525880 0.018924200687946608 62
1751012526525 0.010147465686835713 63
1751012527176 0.01920833596371933 64
1751012527826 0.012657195503465725 65
1751012528477 0.014618297292971507 66
1751012529127 0.014141134264087456 67
1751012529778 0.01296907299683633 68
1751012530429 0.01311640749493932 69
1751012531088 0.010064681534760787 70
1751012531742 0.010869390369718235 71
1751012532044 0.010869390369718235 0
1751012486260 0.6318565667713298 0
1751012532044 0.010869390369718235 0
