1750948590021 0.8567738123595734 0
1750948590631 0.9590118819209699 1
1750948591254 0.9690904504624623 2
1750948591876 0.976476311725156 3
1750948592505 0.9806819323206293 4
1750948593137 0.9834054355929231 5
1750948593768 0.9848197310655978 6
1750948594400 0.9857203038651642 7
1750948595036 0.9880430036270521 8
1750948595665 0.9893906420021763 9
1750948596293 0.9889972342112759 10
1750948596922 0.9908881297809776 11
1750948597553 0.9906247606465234 12
1750948598184 0.991160202330599 13
1750948598814 0.9933365320725319 14
1750948599443 0.9936085479591256 15
1750948600075 0.9927914234815886 16
1750948600709 0.9949731083144105 17
1750948601341 0.9938796496080536 18
1750948601972 0.9955126591652819 19
1750948602604 0.9960561018609839 20
1750948603286 0.9946958192029026 21
1750948603920 0.9978240176779866 22
1750948604553 0.9956474428726877 23
1750948605187 0.9970095256672004 24
1750948605823 0.9971451222423117 25
1750948606458 0.9974162661575682 26
1750948607095 0.995920811337167 27
1750948607732 0.9970095256672004 28
1750948608370 0.995644651034664 29
1750948609006 0.9979620160711321 30
1750948609646 0.9979608021446256 31
1750948610286 0.9972836873997064 32
1750948610924 0.9989123219256411 33
1750948611564 0.9986413165028459 34
1750948612203 0.9987785372912062 35
1750948612842 0.9986403000362345 36
1750948613481 0.9979597892697226 37
1750948614120 0.9975516866158868 38
1750948614761 0.9979598908706993 39
1750948615404 0.9975516866158868 40
1750948616048 0.9968723735868794 41
1750948616692 0.9956494008214888 42
1750948617337 0.9986398258977149 43
1750948617981 0.9986415868202216 44
1750948618627 0.9980957562568009 45
1750948619270 0.998368278146828 46
1750948619914 0.9987759145162091 47
1750948620558 0.9976877475208938 48
1750948621203 0.9982325541139142 49
1750948621847 0.9993208815775944 50
1750948622495 0.9976880980516877 51
1750948623142 0.9993204683077291 52
1750948623790 0.9967364389673787 53
1750948624438 0.9983689543165108 54
1750948625085 0.9989123219256411 55
1750948625734 0.999183895538629 56
1750948626383 0.9993200318740603 57
1750948627033 0.998911860718172 58
1750948627683 0.9967358217345553 59
1750948628335 0.995920239814674 60
1750948628986 0.9986403953941183 61
1750948629638 0.9994570178628858 62
1750948630287 0.9985039472720437 63
1750948630939 0.9993199980138667 64
1750948631592 0.9975522124786086 65
1750948632244 0.9990480036733882 66
1750948632898 0.998095924461958 67
1750948633548 0.9983677910772579 68
1750948634199 0.9987763228568227 69
1750948634849 0.9995920600747327 70
1750948635502 0.999864088275405 71
1750948636156 1.0 72
1750948636815 0.9995920600747327 73
1750948637470 0.9995920600747327 74
1750948638124 0.9997283605789913 75
1750948638780 0.997280190589202 76
1750948639440 0.9975519686921288 77
1750948640096 0.998504833917813 78
1750948640752 0.9993204861031518 79
1750948641412 0.9976888117697288 80
1750948642070 0.9993200507577837 81
1750948642729 0.9989123219256411 82
1750948643387 0.9989117150946044 83
1750948643631 0.9989117150946044 0
1750948590021 0.8567738123595734 0
1750948643631 0.9989117150946044 0
