1750948590001 0.8543253536452666 0
1750948590605 0.9590587595212187 1
1750948591228 0.9691240478781284 2
1750948591851 0.9764689880304679 3
1750948592479 0.9806855277475517 4
1750948593111 0.9834058759521219 5
1750948593742 0.984766050054407 6
1750948594374 0.9857181719260065 7
1750948595010 0.9880304678998912 8
1750948595639 0.9893906420021763 9
1750948596267 0.9889825897714908 10
1750948596896 0.9908868335146899 11
1750948597526 0.9906147986942329 12
1750948598158 0.9911588683351469 13
1750948598788 0.9933351468988031 14
1750948599417 0.9936071817192601 15
1750948600049 0.9927910772578891 16
1750948600682 0.9949673558215452 17
1750948601315 0.9938792165397171 18
1750948601946 0.9955114254624592 19
1750948602578 0.9960554951033732 20
1750948603259 0.9946953210010882 21
1750948603893 0.9978237214363439 22
1750948604526 0.9956474428726877 23
1750948605160 0.9970076169749728 24
1750948605796 0.9971436343852013 25
1750948606432 0.9974156692056583 26
1750948607068 0.9959194776931447 27
1750948607705 0.9970076169749728 28
1750948608343 0.9956474428726877 29
1750948608979 0.9979597388465724 30
1750948609619 0.9979597388465724 31
1750948610259 0.9972796517954298 32
1750948610898 0.998911860718172 33
1750948611537 0.9986398258977149 34
1750948612176 0.9987758433079434 35
1750948612815 0.9986398258977149 36
1750948613453 0.9979597388465724 37
1750948614093 0.9975516866158868 38
1750948614734 0.9979597388465724 39
1750948615376 0.9975516866158868 40
1750948616021 0.9968715995647442 41
1750948616664 0.9956474428726877 42
1750948617310 0.9986398258977149 43
1750948617953 0.9986398258977149 44
1750948618600 0.9980957562568009 45
1750948619243 0.9983677910772579 46
1750948619887 0.9987758433079434 47
1750948620531 0.9976877040261154 48
1750948621176 0.9982317736670294 49
1750948621819 0.9993199129488575 50
1750948622467 0.9976877040261154 51
1750948623115 0.9993199129488575 52
1750948623762 0.9967355821545157 53
1750948624410 0.9983677910772579 54
1750948625057 0.998911860718172 55
1750948625705 0.999183895538629 56
1750948626354 0.9993199129488575 57
1750948627005 0.998911860718172 58
1750948627654 0.9967355821545157 59
1750948628307 0.9959194776931447 60
1750948628958 0.9986398258977149 61
1750948629609 0.999455930359086 62
1750948630259 0.9985038084874864 63
1750948630911 0.9993199129488575 64
1750948631564 0.9975516866158868 65
1750948632216 0.9990478781284005 66
1750948632869 0.9980957562568009 67
1750948633520 0.9983677910772579 68
1750948634170 0.9987758433079434 69
1750948634821 0.9995919477693145 70
1750948635473 0.9998639825897715 71
1750948636128 1.0 72
1750948636784 0.9995919477693145 73
1750948637441 0.9995919477693145 74
1750948638095 0.999727965179543 75
1750948638750 0.9972796517954298 76
1750948639412 0.9975516866158868 77
1750948640067 0.9985038084874864 78
1750948640723 0.9993199129488575 79
1750948641383 0.9976877040261154 80
1750948642041 0.9993199129488575 81
1750948642700 0.998911860718172 82
1750948643358 0.998911860718172 83
1750948643631 0.998911860718172 0
1750948590001 0.8543253536452666 0
1750948643631 0.998911860718172 0
