1750948590043 0.8543253536452666 0
1750948590656 0.9590587595212187 1
1750948591280 0.9691240478781284 2
1750948591902 0.9764689880304679 3
1750948592531 0.9806855277475517 4
1750948593162 0.9834058759521219 5
1750948593794 0.984766050054407 6
1750948594426 0.9857181719260065 7
1750948595062 0.9880304678998912 8
1750948595691 0.9893906420021763 9
1750948596319 0.9889825897714908 10
1750948596948 0.9908868335146899 11
1750948597579 0.9906147986942329 12
1750948598211 0.9911588683351469 13
1750948598840 0.9933351468988031 14
1750948599469 0.9936071817192601 15
1750948600102 0.9927910772578891 16
1750948600735 0.9949673558215452 17
1750948601367 0.9938792165397171 18
1750948601999 0.9955114254624592 19
1750948602630 0.9960554951033732 20
1750948603312 0.9946953210010882 21
1750948603947 0.9978237214363439 22
1750948604579 0.9956474428726877 23
1750948605213 0.9970076169749728 24
1750948605850 0.9971436343852013 25
1750948606485 0.9974156692056583 26
1750948607122 0.9959194776931447 27
1750948607758 0.9970076169749728 28
1750948608396 0.9956474428726877 29
1750948609034 0.9979597388465724 30
1750948609673 0.9979597388465724 31
1750948610313 0.9972796517954298 32
1750948610952 0.998911860718172 33
1750948611590 0.9986398258977149 34
1750948612230 0.9987758433079434 35
1750948612869 0.9986398258977149 36
1750948613508 0.9979597388465724 37
1750948614148 0.9975516866158868 38
1750948614789 0.9979597388465724 39
1750948615432 0.9975516866158868 40
1750948616076 0.9968715995647442 41
1750948616718 0.9956474428726877 42
1750948617364 0.9986398258977149 43
1750948618009 0.9986398258977149 44
1750948618654 0.9980957562568009 45
1750948619298 0.9983677910772579 46
1750948619942 0.9987758433079434 47
1750948620586 0.9976877040261154 48
1750948621231 0.9982317736670294 49
1750948621875 0.9993199129488575 50
1750948622523 0.9976877040261154 51
1750948623170 0.9993199129488575 52
1750948623817 0.9967355821545157 53
1750948624465 0.9983677910772579 54
1750948625113 0.998911860718172 55
1750948625762 0.999183895538629 56
1750948626411 0.9993199129488575 57
1750948627061 0.998911860718172 58
1750948627711 0.9967355821545157 59
1750948628363 0.9959194776931447 60
1750948629015 0.9986398258977149 61
1750948629666 0.999455930359086 62
1750948630315 0.9985038084874864 63
1750948630968 0.9993199129488575 64
1750948631621 0.9975516866158868 65
1750948632272 0.9990478781284005 66
1750948632926 0.9980957562568009 67
1750948633577 0.9983677910772579 68
1750948634227 0.9987758433079434 69
1750948634878 0.9995919477693145 70
1750948635531 0.9998639825897715 71
1750948636184 1.0 72
1750948636844 0.9995919477693145 73
1750948637499 0.9995919477693145 74
1750948638152 0.999727965179543 75
1750948638810 0.9972796517954298 76
1750948639469 0.9975516866158868 77
1750948640125 0.9985038084874864 78
1750948640781 0.9993199129488575 79
1750948641440 0.9976877040261154 80
1750948642099 0.9993199129488575 81
1750948642758 0.998911860718172 82
1750948643416 0.998911860718172 83
1750948643631 0.998911860718172 0
1750948590043 0.8543253536452666 0
1750948643631 0.998911860718172 0
