1750948590065 0.8519592897215178 0
1750948590682 0.9589783568018906 1
1750948591305 0.9691038650689874 2
1750948591928 0.9764673007469101 3
1750948592557 0.9806829071652869 4
1750948593188 0.983405460249814 5
1750948593819 0.9847691781737762 6
1750948594452 0.9857168279346572 7
1750948595088 0.9880317885327377 8
1750948595717 0.9893906420021763 9
1750948596346 0.9889839097404771 10
1750948596974 0.9908862338752674 11
1750948597605 0.9906157426098169 12
1750948598237 0.9911582865954088 13
1750948598866 0.9933353873412726 14
1750948599495 0.9936074123477513 15
1750948600128 0.9927907987879475 16
1750948600761 0.9949677594845111 17
1750948601394 0.9938789801029743 18
1750948602025 0.995511587393102 19
1750948602657 0.9960553427330279 20
1750948603339 0.9946951160892444 21
1750948603973 0.9978236660093694 22
1750948604605 0.9956474428726877 23
1750948605239 0.9970077592165286 24
1750948605877 0.997143501327577 25
1750948606512 0.9974156979384527 26
1750948607149 0.9959196267181945 27
1750948607785 0.9970077592165286 28
1750948608423 0.995645845873967 29
1750948609061 0.9979596045989404 30
1750948609700 0.99795981245141 31
1750948610340 0.9972798411340625 32
1750948610979 0.998911887197311 33
1750948611617 0.998639755070711 34
1750948612257 0.9987759151774862 35
1750948612896 0.9986398589966387 36
1750948613535 0.997959713154511 37
1750948614175 0.9975516866158868 38
1750948614816 0.9979597639600333 39
1750948615459 0.9975516866158868 40
1750948616103 0.9968715188379184 41
1750948616746 0.9956476109763448 42
1750948617392 0.9986398258977149 43
1750948618037 0.9986398905529675 44
1750948618682 0.9980957562568009 45
1750948619325 0.9983678307959666 46
1750948619970 0.9987758278927066 47
1750948620614 0.9976876749084458 48
1750948621258 0.9982317053630814 49
1750948621903 0.9993199374838034 50
1750948622551 0.9976876351876215 51
1750948623198 0.9993199019432722 52
1750948623845 0.9967355480314337 53
1750948624493 0.9983678478181423 54
1750948625141 0.998911887197311 55
1750948625790 0.999183895538629 56
1750948626439 0.9993199213200111 57
1750948627089 0.998911860718172 58
1750948627739 0.9967354990140542 59
1750948628392 0.9959194077154611 60
1750948629043 0.9986399979754477 61
1750948629694 0.9994559478440569 62
1750948630343 0.9985038269040244 63
1750948630996 0.999319904384837 64
1750948631649 0.9975517461939497 65
1750948632300 0.9990478898480155 66
1750948632954 0.998095727210384 67
1750948633605 0.9983677910772579 68
1750948634255 0.9987758127659411 69
1750948634906 0.9995919527920066 70
1750948635559 0.9998639842640021 71
1750948636212 1.0 72
1750948636872 0.9995919527920066 73
1750948637527 0.9995919527920066 74
1750948638181 0.9997279582511712 75
1750948638840 0.9972797179932774 76
1750948639498 0.9975516242605407 77
1750948640154 0.9985038624643674 78
1750948640809 0.9993199289524304 79
1750948641469 0.9976878483466947 80
1750948642128 0.9993199196712211 81
1750948642787 0.998911887197311 82
1750948643444 0.9989116334930388 83
1750948643631 0.9989116334930388 0
1750948590065 0.8519592897215178 0
1750948643631 0.9989116334930388 0
