1750948589980 0.6162369232442355 0
1750948590578 0.17300734364947504 1
1750948591203 0.10751222903405491 2
1750948591825 0.07827175445084474 3
1750948592453 0.06394309590654741 4
1750948593084 0.053175532685692084 5
1750948593716 0.04761463620571239 6
1750948594348 0.04236831450966613 7
1750948594983 0.03785543754834669 8
1750948595613 0.03393058998812237 9
1750948596241 0.033221389454818846 10
1750948596870 0.03000981023107474 11
1750948597500 0.027265629862861806 12
1750948598132 0.026933739707937974 13
1750948598762 0.022026458223602684 14
1750948599391 0.02019363542754199 15
1750948600022 0.020363164616706127 16
1750948600656 0.018236772630513688 17
1750948601288 0.017746685336772615 18
1750948601919 0.01597331676751748 19
1750948602551 0.01315555832324949 20
1750948603233 0.015968298740047553 21
1750948603866 0.01002764561321481 22
1750948604499 0.013751889887010989 23
1750948605133 0.010319693022639662 24
1750948605769 0.012927772017688337 25
1750948606405 0.01240801746562788 26
1750948607041 0.011670501438304944 27
1750948607679 0.009858636593043812 28
1750948608316 0.015362063405571162 29
1750948608953 0.00806991545363381 30
1750948609591 0.008106880739961585 31
1750948610231 0.009214127019072565 32
1750948610871 0.0058141006305013196 33
1750948611509 0.0058812793307269845 34
1750948612148 0.005504844638057128 35
1750948612788 0.0053747115143125326 36
1750948613426 0.00635357867972976 37
1750948614066 0.008172057042086104 38
1750948614706 0.006681578790547805 39
1750948615348 0.00817913647489754 40
1750948615994 0.009365385577135331 41
1750948616636 0.013225763240146073 42
1750948617282 0.007149215296779326 43
1750948617925 0.005652683851652666 44
1750948618572 0.007028970691759009 45
1750948619215 0.00531061906967985 46
1750948619859 0.004482964749043398 47
1750948620503 0.006696822388772574 48
1750948621148 0.005429999974392665 49
1750948621792 0.0027218705084018045 50
1750948622439 0.007297841256267266 51
1750948623087 0.00399074783184899 52
1750948623734 0.010910706118030942 53
1750948624381 0.006308146775931335 54
1750948625029 0.0034911872773969363 55
1750948625676 0.004976204414901367 56
1750948626326 0.0033974091149524556 57
1750948626975 0.0039383823605971535 58
1750948627626 0.0090805650708976 59
1750948628278 0.013252196631062942 60
1750948628930 0.005092734616245113 61
1750948629581 0.003278883507663244 62
1750948630231 0.0057004949167777175 63
1750948630883 0.003251693964791048 64
1750948631535 0.0074885118261784804 65
1750948632187 0.002822425999627114 66
1750948632841 0.0055972701332861734 67
1750948633492 0.005738693897139765 68
1750948634142 0.004826505691342191 69
1750948634792 0.0024916641219084328 70
1750948635445 0.001290669594973709 71
1750948636099 0.001246113940565985 72
1750948636754 0.0019436822442836469 73
1750948637412 0.001974118858446073 74
1750948638066 0.002404355450791243 75
1750948638721 0.007173095805589738 76
1750948639383 0.007886597488174428 77
1750948640038 0.004232001696145823 78
1750948640694 0.0037522783401247135 79
1750948641353 0.0068472612936313695 80
1750948642012 0.0032594183823311655 81
1750948642671 0.004632064459559262 82
1750948643328 0.0038198309385111826 83
1750948643631 0.0038198309385111826 0
1750948589980 0.6162369232442355 0
1750948643631 0.0038198309385111826 0
