1750855560875 1.4411534304457987 0
1750855561121 1.0221953646272777 1
1750855561375 0.7755508060294474 2
1750855561628 0.6050402596025394 3
1750855561882 0.47996299550893906 4
1750855562135 0.39777051539882874 5
1750855562387 0.3357748526419078 6
1750855562641 0.28912794058159463 7
1750855562897 0.24682900380906653 8
1750855563152 0.21654842579909586 9
1750855563407 0.19327098468442216 10
1750855563663 0.1703535613398168 11
1750855563918 0.15357813899029327 12
1750855564172 0.14054022311061717 13
1750855564427 0.12911039062241605 14
1750855564683 0.12118735265744783 15
1750855564939 0.10952070562150715 16
1750855565194 0.10193466606739426 17
1750855565452 0.09517653775325408 18
1750855565708 0.08894922547001834 19
1750855565964 0.08475657004429285 20
1750855566219 0.07749862861094978 21
1750855566474 0.0738178339986469 22
1750855566730 0.06823642709585347 23
1750855566992 0.06685307309825998 24
1750855567249 0.062002446656485244 25
1750855567506 0.061213135597690274 26
1750855567763 0.057778933309464514 27
1750855568021 0.058367996459362685 28
1750855568278 0.05608655921750022 29
1750855568536 0.0531916031502471 30
1750855568793 0.05163591325088476 31
1750855569052 0.04735200386798421 32
1750855569313 0.04782289011207317 33
1750855569570 0.0455112366919873 34
1750855569830 0.04246310492464715 35
1750855570089 0.044488091723055005 36
1750855570348 0.04116096740671645 37
1750855570607 0.038618510791685295 38
1750855570868 0.040157215026236655 39
1750855571128 0.03656985567349604 40
1750855571387 0.03666300772080224 41
1750855571647 0.03512749112574982 42
1750855571908 0.03467256581903282 43
1750855572170 0.03432833351867762 44
1750855572430 0.03335431992391508 45
1750855572689 0.030931305069318273 46
1750855572949 0.030632067804140677 47
1750855573209 0.02958193717481846 48
1750855573471 0.027399382309763163 49
1750855573732 0.025473186022665868 50
1750855573992 0.02483995073962393 51
1750855574254 0.024396856379278724 52
1750855574514 0.024969944615885857 53
1750855574776 0.023372509349563177 54
1750855575036 0.023192406150637047 55
1750855575298 0.023249112612793832 56
1750855575560 0.02308762679433894 57
1750855575822 0.02225008674809087 58
1750855576083 0.021098675031997305 59
1750855576344 0.02116160286880292 60
1750855576604 0.02133894367275255 61
1750855576868 0.02170836611349902 62
1750855577132 0.019905601787229877 63
1750855577399 0.01923846345601585 64
1750855577666 0.018083479786463998 65
1750855577932 0.01901735280163108 66
1750855578199 0.017848727287232097 67
1750855578467 0.015167024474027561 68
1750855578731 0.016233382272302 69
1750855560875 1.4411534304457987 0
