1750855312136 1.4027340033368265 0
1750855312386 1.0472212164653658 1
1750855312640 0.8416312188396516 2
1750855312894 0.6786452544137624 3
1750855313149 0.5494870991649773 4
1750855313404 0.4546937782305239 5
1750855313660 0.38318068648448317 6
1750855313917 0.3246806889156263 7
1750855314171 0.27965699514055925 8
1750855314427 0.24545419696106355 9
1750855314682 0.21651247615588504 10
1750855314938 0.19727618304832198 11
1750855315195 0.17889739819462852 12
1750855315451 0.16384918875870688 13
1750855315708 0.14868501715678256 14
1750855315965 0.13889637402987454 15
1750855316220 0.12545037452005847 16
1750855316476 0.11753818235472574 17
1750855316734 0.11219217849569041 18
1750855316998 0.10539324367591164 19
1750855317254 0.10455127274445274 20
1750855317512 0.09390097343331452 21
1750855317768 0.08657425581209029 22
1750855318027 0.08518666427043368 23
1750855318286 0.08018549616824557 24
1750855318543 0.07631080902472415 25
1750855318800 0.07468795927973125 26
1750855319059 0.07029988525092797 27
1750855319317 0.06744935786325212 28
1750855319575 0.06426516084468663 29
1750855319834 0.06466075826651124 30
1750855320092 0.060612157984384386 31
1750855320351 0.058245709715198254 32
1750855320610 0.05879187576626797 33
1750855320869 0.05525589167212376 34
1750855321129 0.05511989113920337 35
1750855321387 0.05251903210131206 36
1750855321646 0.05017240743342305 37
1750855321905 0.04723444973018276 38
1750855322168 0.04752414299416335 39
1750855322429 0.0442227840755982 40
1750855322686 0.043961606700869196 41
1750855322946 0.04233424850132507 42
1750855323207 0.039877013194904755 43
1750855323465 0.04049185269043028 44
1750855323724 0.040579128937473494 45
1750855323982 0.036690472105317326 46
1750855324244 0.03843996577345897 47
1750855324504 0.03602960676976335 48
1750855324764 0.03474192251577989 49
1750855325024 0.03497260354329569 50
1750855325285 0.03141427120362065 51
1750855325546 0.03382191273978667 52
1750855325808 0.03161212689546266 53
1750855312136 1.4027340033368265 0
