1750949385837 0.8628768516267042 0
1750949386442 0.9594258778797855 1
1750949387062 0.9730426844789372 2
1750949387682 0.9756427829192164 3
1750949388306 0.9806893173176346 4
1750949388934 0.9820446566422504 5
1750949389568 0.9828552231441737 6
1750949390202 0.9849112099210704 7
1750949390836 0.985719791570625 8
1750949391465 0.9865363534730933 9
1750949392095 0.9861439729039633 10
1750949392725 0.9887109320478422 11
1750949393355 0.9910395360768475 12
1750949393985 0.9889858698072708 13
1750949394616 0.9897987174868077 14
1750949395247 0.9891183248403995 15
1750949395878 0.9896660368428122 16
1750949396509 0.9907534519172974 17
1750949397142 0.990344353177522 18
1750949397775 0.99238769229128 19
1750949398407 0.993197199824314 20
1750949399043 0.992671390467809 21
1750949399675 0.9907518953525745 22
1750949400311 0.9908909678335733 23
1750949400945 0.9930607458275355 24
1750949401579 0.9933384111553404 25
1750949402214 0.9922471342626085 26
1750949402849 0.9944264603940199 27
1750949403483 0.9926587591539355 28
1750949404119 0.9918418490922462 29
1750949404755 0.993473835685825 30
1750949405392 0.9956464688309429 31
1750949406030 0.994425190881096 32
1750949406667 0.994287380861835 33
1750949407311 0.9960569364591658 34
1750949407951 0.9921131088651645 35
1750949408590 0.9955116370646488 36
1750949409229 0.993608855277191 37
1750949409868 0.9965999099155505 38
1750949410509 0.9930634349648428 39
1750949411148 0.9952414688285964 40
1750949411787 0.9972826224962403 41
1750949412427 0.9934717723380141 42
1750949413068 0.9930641926839017 43
1750949413711 0.9953869848756773 44
1750949414352 0.9942850376268415 45
1750949414995 0.9963256433561503 46
1750949415637 0.9955114553674026 47
1750949416280 0.9959212529290284 48
1750949416923 0.9956480592527632 49
1750949417567 0.9963267568550332 50
1750949418211 0.9888502371974752 51
1750949418857 0.9945599399393127 52
1750949419501 0.9964644029887549 53
1750949420146 0.9957837840123869 54
1750949420791 0.9963259588295655 55
1750949421436 0.9946952882837768 56
1750949422081 0.9951054543220088 57
1750949422730 0.9967368657995955 58
1750949423376 0.9963291940024936 59
1750949424024 0.9951039531097143 60
1750949424672 0.9968736235836301 61
1750949425320 0.9980958411394676 62
1750949425969 0.9963293020872523 63
1750949426618 0.9963337796122115 64
1750949427273 0.9961928160604681 65
1750949427922 0.9964635750489733 66
1750949428571 0.9957836652653211 67
1750949429221 0.9965977312203986 68
1750949429873 0.9912973393285996 69
1750949430525 0.9955165873415902 70
1750949431176 0.997280879606843 71
1750949431829 0.9967369239614289 72
1750949432483 0.9956487223263125 73
1750949433135 0.9963287068250631 74
1750949433376 0.9963287068250631 0
1750949385837 0.8628768516267042 0
1750949433376 0.9963287068250631 0
