1750949385858 0.8584058759521219 0
1750949386467 0.9594668117519043 1
1750949387088 0.9730685527747551 2
1750949387708 0.9756528835690969 3
1750949388332 0.9806855277475517 4
1750949388960 0.9820457018498367 5
1750949389594 0.9828618063112078 6
1750949390227 0.9849020674646355 7
1750949390861 0.9857181719260065 8
1750949391491 0.9865342763873776 9
1750949392121 0.986126224156692 10
1750949392751 0.9887105549510338 11
1750949393381 0.9910228509249184 12
1750949394011 0.9889825897714908 13
1750949394643 0.9897986942328618 14
1750949395273 0.9891186071817193 15
1750949395904 0.9896626768226333 16
1750949396535 0.9907508161044614 17
1750949397169 0.9903427638737758 18
1750949397801 0.9923830250272034 19
1750949398434 0.9931991294885746 20
1750949399069 0.9926550598476604 21
1750949399702 0.9907508161044614 22
1750949400338 0.9908868335146899 23
1750949400971 0.9930631120783461 24
1750949401606 0.9933351468988031 25
1750949402241 0.9922470076169749 26
1750949402875 0.9944232861806311 27
1750949403509 0.9926550598476604 28
1750949404145 0.9918389553862894 29
1750949404782 0.9934711643090316 30
1750949405419 0.9956474428726877 31
1750949406057 0.9944232861806311 32
1750949406694 0.9942872687704026 33
1750949407337 0.9960554951033732 34
1750949407978 0.9921109902067464 35
1750949408617 0.9955114254624592 36
1750949409256 0.9936071817192601 37
1750949409895 0.9965995647442872 38
1750949410536 0.9930631120783461 39
1750949411176 0.9952393906420022 40
1750949411814 0.9972796517954298 41
1750949412454 0.9934711643090316 42
1750949413095 0.9930631120783461 43
1750949413738 0.9953754080522307 44
1750949414379 0.9942872687704026 45
1750949415022 0.9963275299238302 46
1750949415665 0.9955114254624592 47
1750949416307 0.9959194776931447 48
1750949416950 0.9956474428726877 49
1750949417594 0.9963275299238302 50
1750949418238 0.9888465723612623 51
1750949418884 0.9945593035908596 52
1750949419528 0.9964635473340587 53
1750949420174 0.9957834602829162 54
1750949420819 0.9963275299238302 55
1750949421463 0.9946953210010882 56
1750949422109 0.9951033732317737 57
1750949422758 0.9967355821545157 58
1750949423404 0.9963275299238302 59
1750949424052 0.9951033732317737 60
1750949424700 0.9968715995647442 61
1750949425348 0.9980957562568009 62
1750949425997 0.9963275299238302 63
1750949426646 0.9963275299238302 64
1750949427301 0.9961915125136017 65
1750949427950 0.9964635473340587 66
1750949428599 0.9957834602829162 67
1750949429249 0.9965995647442872 68
1750949429901 0.9912948857453754 69
1750949430553 0.9955114254624592 70
1750949431204 0.9972796517954298 71
1750949431858 0.9967355821545157 72
1750949432511 0.9956474428726877 73
1750949433164 0.9963275299238302 74
1750949433376 0.9963275299238302 0
1750949385858 0.8584058759521219 0
1750949433376 0.9963275299238302 0
