1750949385880 0.8571229216040104 0
1750949386493 0.9593900674115491 1
1750949387113 0.973046599457336 2
1750949387733 0.975646301533723 3
1750949388357 0.9806864488231221 4
1750949388986 0.9820436092542846 5
1750949389620 0.9828583067323203 6
1750949390253 0.9849033055832109 7
1750949390887 0.9857185363093348 8
1750949391517 0.9865346736774478 9
1750949392147 0.9861280138594581 10
1750949392777 0.9887106939121841 11
1750949393407 0.9910240089678848 12
1750949394037 0.9889786874359762 13
1750949394668 0.989798444605469 14
1750949395299 0.9891165673596702 15
1750949395930 0.9896617191901809 16
1750949396561 0.9907495580579843 17
1750949397195 0.9903417008690105 18
1750949397827 0.9923835551753751 19
1750949398460 0.9931974985895504 20
1750949399095 0.9926560073373603 21
1750949399728 0.9907510964565756 22
1750949400364 0.9908873102045664 23
1750949400998 0.9930615664550451 24
1750949401632 0.9933355222175261 25
1750949402267 0.9922470115458003 26
1750949402901 0.9944236135863258 27
1750949403536 0.9926543881743909 28
1750949404172 0.9918395193139954 29
1750949404808 0.9934715051216235 30
1750949405445 0.9956468039916535 31
1750949406084 0.994423784673002 32
1750949406721 0.9942871232745949 33
1750949407364 0.9960555827033089 34
1750949408005 0.992110753272534 35
1750949408643 0.9955114807120732 36
1750949409283 0.9936067610766801 37
1750949409922 0.9965986571349589 38
1750949410563 0.9930630130785586 39
1750949411203 0.9952391689759289 40
1750949411841 0.9972798006915049 41
1750949412481 0.9934709671489599 42
1750949413122 0.9930631872585014 43
1750949413765 0.9953759038933695 44
1750949414406 0.9942859929530113 45
1750949415049 0.996326439498674 46
1750949415692 0.9955113846088897 47
1750949416334 0.9959200165307283 48
1750949416978 0.995647548789244 49
1750949417622 0.9963269873992336 50
1750949418266 0.988843948529464 51
1750949418912 0.9945591532168336 52
1750949419556 0.9964636601011128 53
1750949420201 0.9957833638569195 54
1750949420845 0.9963264412533224 55
1750949421491 0.9946952542017286 56
1750949422137 0.9951036059906833 57
1750949422785 0.9967354121697062 58
1750949423431 0.9963277273202884 59
1750949424080 0.9951033642984556 60
1750949424728 0.9968717361112902 61
1750949425376 0.9980955033514275 62
1750949426025 0.9963279597183526 63
1750949426674 0.9963281718516567 64
1750949427329 0.9961916525018898 65
1750949427978 0.9964633583434725 66
1750949428627 0.9957835121840689 67
1750949429278 0.9965983871650818 68
1750949429929 0.9912954380497753 69
1750949430581 0.9955117635080785 70
1750949431233 0.997279742199709 71
1750949431886 0.9967357366697179 72
1750949432539 0.9956475648354824 73
1750949433191 0.996327662412538 74
1750949433376 0.996327662412538 0
1750949385880 0.8571229216040104 0
1750949433376 0.996327662412538 0
