1750949385816 0.8584058759521219 0
1750949386417 0.9594668117519043 1
1750949387036 0.9730685527747551 2
1750949387656 0.9756528835690969 3
1750949388280 0.9806855277475517 4
1750949388908 0.9820457018498367 5
1750949389543 0.9828618063112078 6
1750949390176 0.9849020674646355 7
1750949390809 0.9857181719260065 8
1750949391439 0.9865342763873776 9
1750949392069 0.986126224156692 10
1750949392699 0.9887105549510338 11
1750949393329 0.9910228509249184 12
1750949393959 0.9889825897714908 13
1750949394590 0.9897986942328618 14
1750949395220 0.9891186071817193 15
1750949395852 0.9896626768226333 16
1750949396483 0.9907508161044614 17
1750949397116 0.9903427638737758 18
1750949397749 0.9923830250272034 19
1750949398381 0.9931991294885746 20
1750949399016 0.9926550598476604 21
1750949399649 0.9907508161044614 22
1750949400285 0.9908868335146899 23
1750949400919 0.9930631120783461 24
1750949401552 0.9933351468988031 25
1750949402187 0.9922470076169749 26
1750949402822 0.9944232861806311 27
1750949403456 0.9926550598476604 28
1750949404092 0.9918389553862894 29
1750949404728 0.9934711643090316 30
1750949405365 0.9956474428726877 31
1750949406004 0.9944232861806311 32
1750949406641 0.9942872687704026 33
1750949407284 0.9960554951033732 34
1750949407923 0.9921109902067464 35
1750949408562 0.9955114254624592 36
1750949409202 0.9936071817192601 37
1750949409841 0.9965995647442872 38
1750949410481 0.9930631120783461 39
1750949411122 0.9952393906420022 40
1750949411760 0.9972796517954298 41
1750949412400 0.9934711643090316 42
1750949413041 0.9930631120783461 43
1750949413683 0.9953754080522307 44
1750949414325 0.9942872687704026 45
1750949414967 0.9963275299238302 46
1750949415610 0.9955114254624592 47
1750949416253 0.9959194776931447 48
1750949416895 0.9956474428726877 49
1750949417540 0.9963275299238302 50
1750949418183 0.9888465723612623 51
1750949418829 0.9945593035908596 52
1750949419474 0.9964635473340587 53
1750949420119 0.9957834602829162 54
1750949420764 0.9963275299238302 55
1750949421407 0.9946953210010882 56
1750949422053 0.9951033732317737 57
1750949422702 0.9967355821545157 58
1750949423348 0.9963275299238302 59
1750949423996 0.9951033732317737 60
1750949424644 0.9968715995647442 61
1750949425293 0.9980957562568009 62
1750949425941 0.9963275299238302 63
1750949426590 0.9963275299238302 64
1750949427244 0.9961915125136017 65
1750949427894 0.9964635473340587 66
1750949428543 0.9957834602829162 67
1750949429192 0.9965995647442872 68
1750949429844 0.9912948857453754 69
1750949430497 0.9955114254624592 70
1750949431148 0.9972796517954298 71
1750949431800 0.9967355821545157 72
1750949432455 0.9956474428726877 73
1750949433106 0.9963275299238302 74
1750949433376 0.9963275299238302 0
1750949385816 0.8584058759521219 0
1750949433376 0.9963275299238302 0
