1750949385796 0.6120344777556057 0
1750949386391 0.17694818801667148 1
1750949387010 0.10442602052327987 2
1750949387631 0.08170622335473264 3
1750949388254 0.06703346443359494 4
1750949388882 0.05876943242246684 5
1750949389516 0.05346323763374016 6
1750949390150 0.04954840212663123 7
1750949390784 0.04439824218410792 8
1750949391414 0.04420288762136467 9
1750949392043 0.04433077244215743 10
1750949392673 0.03591429813074858 11
1750949393302 0.031569984462821575 12
1750949393932 0.0348181972387566 13
1750949394564 0.03324581738115492 14
1750949395194 0.038206478269716015 15
1750949395826 0.03282306544275972 16
1750949396456 0.03247613866506418 17
1750949397089 0.032516203644372306 18
1750949397722 0.02495243623386562 19
1750949398355 0.023652629080604483 20
1750949398989 0.026109034824869124 21
1750949399623 0.028320449494611842 22
1750949400259 0.03489585027354035 23
1750949400892 0.023626158907259606 24
1750949401525 0.022722954852192362 25
1750949402160 0.022173216196549276 26
1750949402796 0.01934786145631082 27
1750949403430 0.02295667576371521 28
1750949404065 0.030838670600225927 29
1750949404701 0.02450871381855958 30
1750949405338 0.016398310116608753 31
1750949405977 0.0195398469829488 32
1750949406614 0.018945732371834986 33
1750949407257 0.016282598528315814 34
1750949407895 0.02627513815483668 35
1750949408535 0.015595389945560234 36
1750949409175 0.019817502332103394 37
1750949409814 0.015790530104469812 38
1750949410454 0.024385036711638816 39
1750949411095 0.02167742975538554 40
1750949411734 0.01542369868445197 41
1750949412373 0.022185656329225728 42
1750949413013 0.02445884780113112 43
1750949413657 0.0188826028606221 44
1750949414297 0.01932086819282229 45
1750949414940 0.016548917897884714 46
1750949415582 0.016565859866033636 47
1750949416226 0.01519195111549507 48
1750949416868 0.016279537686763962 49
1750949417512 0.014565134606951436 50
1750949418155 0.0347064744475398 51
1750949418801 0.0192996710873289 52
1750949419446 0.016622198602717707 53
1750949420091 0.013783755083897752 54
1750949420736 0.01400769134994568 55
1750949421380 0.017712740154614645 56
1750949422025 0.01680505231034996 57
1750949422674 0.012789304738092085 58
1750949423321 0.014452824025020667 59
1750949423968 0.02057598714571815 60
1750949424616 0.016125819460874966 61
1750949425265 0.012396331757440822 62
1750949425913 0.013393900564935573 63
1750949426562 0.015665004706066972 64
1750949427216 0.013649485256903935 65
1750949427865 0.015668075198816366 66
1750949428514 0.015048547412275912 67
1750949429163 0.013986039815026703 68
1750949429817 0.02992786296924031 69
1750949430469 0.019531647668152203 70
1750949431119 0.0129316631558638 71
1750949431772 0.01336329563174263 72
1750949432426 0.015754410045949074 73
1750949433077 0.013942308499456522 74
1750949433376 0.013942308499456522 0
1750949385796 0.6120344777556057 0
1750949433376 0.013942308499456522 0
