1750855445445 0.8768604591375336 0
1750855445918 0.3907915121907119 1
1750855446398 0.23240086950272548 2
1750855446861 0.15759566535725297 3
1750855447327 0.12057433166298955 4
1750855447792 0.09665778662372984 5
1750855448255 0.08279837896161682 6
1750855448735 0.07337171023750072 7
1750855449212 0.06402699091553818 8
1750855449678 0.05926591353399742 9
1750855450143 0.050847564883716605 10
1750855450609 0.04736081874595957 11
1750855451074 0.044341542517869724 12
1750855451541 0.03845164598137043 13
1750855452007 0.03792129658665244 14
1750855452474 0.036538965537965755 15
1750855452940 0.030385560075366327 16
1750855453407 0.03068788405973971 17
1750855453875 0.029061834014733286 18
1750855454342 0.026580822844589302 19
1750855454810 0.024654945365727855 20
1750855455277 0.022850704380899863 21
1750855455744 0.022625754844251375 22
1750855456211 0.0207645254183289 23
1750855456678 0.019526773055364766 24
1750855457150 0.019634788069505166 25
1750855457618 0.017808863967890172 26
1750855458086 0.019039575548404755 27
1750855458554 0.019862880259427982 28
1750855459038 0.015890117338554523 29
1750855459521 0.01677404757881977 30
1750855460005 0.012899742439952684 31
1750855460489 0.01699609011024038 32
1750855460975 0.014764858746467416 33
1750855461462 0.013556749711190154 34
1750855461947 0.013812025651230322 35
1750855462434 0.011692453034792676 36
1750855462906 0.01439143903971517 37
1750855463394 0.010712129489409253 38
1750855463867 0.01228080977176765 39
1750855464338 0.013078994752577748 40
1750855464808 0.01060351709283177 41
1750855465282 0.011208736393965529 42
1750855465753 0.012151320349507163 43
1750855466241 0.00932063220876499 44
1750855466728 0.006904087902290718 45
1750855467219 0.008585952181715905 46
1750855467707 0.007554865274275577 47
1750855468194 0.008750658628877386 48
1750855468681 0.009248511068119086 49
1750855469168 0.009423994461935363 50
1750855469655 0.01576097781609813 51
1750855470141 0.009604190445266425 52
1750855470626 0.008314703152900343 53
1750855471114 0.007995007624562756 54
1750855471604 0.010451906496007553 55
1750855472091 0.009515824431482038 56
1750855472581 0.010675185838058314 57
1750855473069 0.007274702174473256 58
1750855473558 0.007708835601819309 59
1750855474045 0.005981486975155837 60
1750855474518 0.007852492408637694 61
1750855474991 0.0055311755372619365 62
1750855475464 0.006386678799575079 63
1750855475938 0.006313636912564621 64
1750855476412 0.007660846096660229 65
1750855476885 0.010233002591097724 66
1750855477360 0.008039866506131046 67
1750855477835 0.004902412138264413 68
1750855478309 0.0061588079928196204 69
1750855478784 0.007030815128899525 70
1750855479258 0.007338042978861879 71
1750855479733 0.006112514369464499 72
1750855480207 0.0062567565956047075 73
1750855480699 0.009806063636594352 74
1750855481190 0.006572622424008345 75
1750855481683 0.0059292773972813295 76
1750855445445 0.8768604591375336 0
