1750930562146 1.1722923084623276 0
1750930562747 0.67704909151345 1
1750930563361 0.44544039259667756 2
1750930563976 0.32504402279399813 3
1750930564590 0.25195355163694594 4
1750930565206 0.20670674682895818 5
1750930565825 0.17105414367344746 6
1750930566446 0.14944516446631934 7
1750930567062 0.13468940797645976 8
1750930567682 0.12041412661981012 9
1750930568302 0.11094259176407338 10
1750930568923 0.10148008708498553 11
1750930569542 0.09202912162839394 12
1750930570160 0.09079082270474118 13
1750930570779 0.08141518092356517 14
1750930571399 0.07631862974676007 15
1750930572020 0.07513881607692571 16
1750930572641 0.06977087891051573 17
1750930573265 0.06898417978895113 18
1750930573886 0.062824060830315 19
1750930574511 0.06400782379024825 20
1750930575133 0.06192860731670594 21
1750930575758 0.06093676383804704 22
1750930576380 0.058117355204818685 23
1750930577005 0.05709394666349051 24
1750930577629 0.05702443594382559 25
1750930578253 0.05652441042429799 26
1750930578878 0.05506069879569478 27
1750930579504 0.05300198591459174 28
1750930580129 0.050244982069575096 29
1750930580755 0.04664096410129872 30
1750930581379 0.04762022215386567 31
1750930582006 0.04596650379915621 32
1750930582631 0.046416998572315175 33
1750930583258 0.050831849211512764 34
1750930583885 0.044465710434320835 35
1750930584513 0.04525477557936612 36
1750930585140 0.046810369517033976 37
1750930585766 0.045880585953479755 38
1750930586396 0.047245710911847434 39
1750930587025 0.04626556007157083 40
1750930587657 0.04286909910472225 41
1750930588285 0.04266949424214086 42
1750930588914 0.04101818251515758 43
1750930589545 0.0408843112126463 44
1750930590176 0.04148569435562221 45
1750930590462 0.04148569435562221 0
1750930562146 1.1722923084623276 0
1750930590462 0.04148569435562221 0
