1750930562208 0.6225516866158868 0
1750930562823 0.8715995647442872 1
1750930563439 0.9289989118607181 2
1750930564054 0.9468171926006529 3
1750930564667 0.9560663764961915 4
1750930565285 0.9630032644178455 5
1750930565903 0.9696681175190425 6
1750930566524 0.9723884657236126 7
1750930567141 0.9722524483133841 8
1750930567761 0.9760609357997824 9
1750930568381 0.9766050054406964 10
1750930569002 0.9774211099020674 11
1750930569621 0.9791893362350381 12
1750930570239 0.9798694232861807 13
1750930570858 0.9819096844396082 14
1750930571479 0.9832698585418934 15
1750930572099 0.9813656147986942 16
1750930572721 0.9835418933623504 17
1750930573345 0.9835418933623504 18
1750930573966 0.9857181719260065 19
1750930574590 0.9849020674646355 20
1750930575212 0.9840859630032645 21
1750930575838 0.985038084874864 22
1750930576459 0.9838139281828074 23
1750930577085 0.985854189336235 24
1750930577709 0.9849020674646355 25
1750930578333 0.9859902067464635 26
1750930578959 0.9866702937976061 27
1750930579584 0.985038084874864 28
1750930580211 0.9878944504896626 29
1750930580834 0.9892546245919478 30
1750930581461 0.9880304678998912 31
1750930582086 0.9888465723612623 32
1750930582712 0.9877584330794341 33
1750930583339 0.9869423286180631 34
1750930583966 0.9907508161044614 35
1750930584595 0.9878944504896626 36
1750930585222 0.9868063112078346 37
1750930585848 0.9873503808487486 38
1750930586477 0.9874863982589771 39
1750930587106 0.9895266594124048 40
1750930587737 0.9893906420021763 41
1750930588366 0.9891186071817193 42
1750930588995 0.9889825897714908 43
1750930589627 0.9902067464635473 44
1750930590258 0.9895266594124048 45
1750930590462 0.9895266594124048 0
1750930562208 0.6225516866158868 0
1750930590462 0.9895266594124048 0
