1750930562230 0.6100345032921287 0
1750930562849 0.8698286584938402 1
1750930563465 0.9282382879685717 2
1750930564079 0.9466891923169811 3
1750930564693 0.9560214790425348 4
1750930565311 0.9629917488325291 5
1750930565930 0.969657379676755 6
1750930566549 0.9723893493177704 7
1750930567167 0.9722509714014104 8
1750930567787 0.9760608652893127 9
1750930568407 0.9766052463139631 10
1750930569028 0.9774331138652632 11
1750930569647 0.9791955299611615 12
1750930570264 0.9798721615012339 13
1750930570885 0.9819078653099508 14
1750930571505 0.9832733549896265 15
1750930572125 0.9813700093420394 16
1750930572747 0.983538050122613 17
1750930573371 0.9835511489919877 18
1750930573993 0.98572064940816 19
1750930574617 0.9849050371341049 20
1750930575239 0.9840901627799351 21
1750930575864 0.9850423086261525 22
1750930576487 0.9838157722310211 23
1750930577112 0.9858518578808616 24
1750930577736 0.9849047497870888 25
1750930578359 0.9859934707766955 26
1750930578985 0.9866732078047485 27
1750930579611 0.9850465670189359 28
1750930580237 0.9878969255524673 29
1750930580861 0.9892591201308634 30
1750930581488 0.9880324554295511 31
1750930582113 0.9888471119392459 32
1750930582739 0.9877619615082271 33
1750930583366 0.9869498252389199 34
1750930583993 0.9907577484238574 35
1750930584622 0.987904434034027 36
1750930585248 0.9868077591695095 37
1750930585875 0.9873562321804579 38
1750930586504 0.9874878192715334 39
1750930587134 0.9895279432494233 40
1750930587764 0.9893957959424287 41
1750930588393 0.9891263701433046 42
1750930589022 0.9889851417900942 43
1750930589655 0.9902139277586818 44
1750930590285 0.9895280546303259 45
1750930590462 0.9895280546303259 0
1750930562230 0.6100345032921287 0
1750930590462 0.9895280546303259 0
