1750930562187 0.6858356235682413 0
1750930562798 0.8731138754919956 1
1750930563413 0.9307997503799894 2
1750930564027 0.9469696791850115 3
1750930564642 0.9560008087188587 4
1750930565259 0.9629945542380284 5
1750930565877 0.9696575365983182 6
1750930566498 0.9724215420481169 7
1750930567115 0.9722564369547148 8
1750930567735 0.9761117594986414 9
1750930568355 0.976605856452707 10
1750930568976 0.9774633834775562 11
1750930569595 0.9792177627202573 12
1750930570212 0.9798813679765769 13
1750930570831 0.9819083563282244 14
1750930571453 0.9832778844621208 15
1750930572072 0.9813765499596482 16
1750930572694 0.9835449206926807 17
1750930573318 0.9835939012692925 18
1750930573939 0.9857601889640397 19
1750930574564 0.9849342506968878 20
1750930575186 0.98413772530587 21
1750930575811 0.9850580176824123 22
1750930576433 0.983903577996616 23
1750930577059 0.9858671466922024 24
1750930577683 0.9849511571453596 25
1750930578306 0.9860418937023512 26
1750930578932 0.9866995144617117 27
1750930579557 0.9850949204334386 28
1750930580184 0.9879218295625638 29
1750930580808 0.9893055934391676 30
1750930581434 0.9880718179196023 31
1750930582059 0.9888517617058777 32
1750930582686 0.9878069112143362 33
1750930583312 0.9869902089378998 34
1750930583939 0.9907845722441058 35
1750930584568 0.98793606471963 36
1750930585194 0.9868215279470559 37
1750930585821 0.9873819819057702 38
1750930586450 0.987550324383615 39
1750930587079 0.9895490919396401 40
1750930587710 0.9894102464222403 41
1750930588339 0.9891567128254417 42
1750930588968 0.9890020994393347 43
1750930589600 0.9902614196561692 44
1750930590231 0.989541651596628 45
1750930590462 0.989541651596628 0
1750930562187 0.6858356235682413 0
1750930590462 0.989541651596628 0
