1751013228966 0.6250091573878134 0
1751013229560 0.18225065705501217 1
1751013230179 0.1067556696857799 2
1751013230806 0.07854392495456276 3
1751013231430 0.06418922589331769 4
1751013232055 0.054176852244871614 5
1751013232684 0.047450020624541546 6
1751013233315 0.04302618420106218 7
1751013233949 0.03709927654163395 8
1751013234575 0.03384472926829306 9
1751013235199 0.03158466663856112 10
1751013235826 0.029749035352883584 11
1751013236452 0.024962867709470586 12
1751013237077 0.02303888935847076 13
1751013237705 0.022348929404851628 14
1751013238335 0.024247522356436547 15
1751013238970 0.020025661616242602 16
1751013239595 0.01937865858017928 17
1751013240223 0.015136567978097188 18
1751013240855 0.014467042264041123 19
1751013241483 0.013008120082183492 20
1751013242111 0.015129491533036218 21
1751013242744 0.010487349444855373 22
1751013243374 0.02058037680001692 23
1751013244004 0.018017612944911433 24
1751013244635 0.011069674225234232 25
1751013245269 0.011228236053351787 26
1751013245905 0.010406537689709422 27
1751013246542 0.006859638940700521 28
1751013247187 0.007855031412650686 29
1751013247825 0.0061798629613053074 30
1751013248479 0.005917975758655874 31
1751013249131 0.009181387730346135 32
1751013249785 0.004167303639112934 33
1751013250439 0.0038710170948900225 34
1751013251091 0.012334532226928357 35
1751013251745 0.013290560350300374 36
1751013252398 0.010721845286305471 37
1751013253053 0.009774957440418047 38
1751013253706 0.00684589550052506 39
1751013254362 0.004465461132324111 40
1751013255015 0.005826636898671849 41
1751013255672 0.004197283346813741 42
1751013256325 0.003083123184034451 43
1751013256980 0.008363182566400265 44
1751013257270 0.008363182566400265 0
1751013228966 0.6250091573878134 0
1751013257270 0.008363182566400265 0
