1751013228987 0.8482045701849836 0
1751013229587 0.9541621327529923 1
1751013230206 0.970892274211099 2
1751013230832 0.9761969532100109 3
1751013231456 0.9804134929270947 4
1751013232081 0.9827257889009793 5
1751013232711 0.984221980413493 6
1751013233341 0.9857181719260065 7
1751013233976 0.9881664853101197 8
1751013234601 0.9888465723612623 9
1751013235225 0.9892546245919478 10
1751013235853 0.9899347116430903 11
1751013236478 0.9903427638737758 12
1751013237104 0.9927910772578891 13
1751013237732 0.9944232861806311 14
1751013238361 0.9912948857453754 15
1751013238996 0.9921109902067464 16
1751013239622 0.9937431991294886 17
1751013240250 0.9957834602829162 18
1751013240881 0.9961915125136017 19
1751013241510 0.9960554951033732 20
1751013242138 0.9959194776931447 21
1751013242772 0.9974156692056583 22
1751013243401 0.9917029379760609 23
1751013244031 0.9952393906420022 24
1751013244662 0.9978237214363439 25
1751013245296 0.9965995647442872 26
1751013245933 0.9968715995647442 27
1751013246570 0.9985038084874864 28
1751013247214 0.9978237214363439 29
1751013247852 0.9986398258977149 30
1751013248508 0.9982317736670294 31
1751013249158 0.9974156692056583 32
1751013249812 0.9995919477693145 33
1751013250466 0.9998639825897715 34
1751013251119 0.9964635473340587 35
1751013251772 0.9957834602829162 36
1751013252426 0.9972796517954298 37
1751013253080 0.9967355821545157 38
1751013253735 0.9976877040261154 39
1751013254390 0.9986398258977149 40
1751013255043 0.9982317736670294 41
1751013255700 0.999183895538629 42
1751013256353 0.9990478781284005 43
1751013257007 0.9968715995647442 44
1751013257270 0.9968715995647442 0
1751013228987 0.8482045701849836 0
1751013257270 0.9968715995647442 0
