1751013229030 0.8482045701849836 0
1751013229639 0.9541621327529923 1
1751013230258 0.970892274211099 2
1751013230883 0.9761969532100109 3
1751013231507 0.9804134929270947 4
1751013232133 0.9827257889009793 5
1751013232764 0.984221980413493 6
1751013233393 0.9857181719260065 7
1751013234029 0.9881664853101197 8
1751013234654 0.9888465723612623 9
1751013235279 0.9892546245919478 10
1751013235905 0.9899347116430903 11
1751013236531 0.9903427638737758 12
1751013237157 0.9927910772578891 13
1751013237785 0.9944232861806311 14
1751013238415 0.9912948857453754 15
1751013239048 0.9921109902067464 16
1751013239676 0.9937431991294886 17
1751013240304 0.9957834602829162 18
1751013240935 0.9961915125136017 19
1751013241564 0.9960554951033732 20
1751013242192 0.9959194776931447 21
1751013242825 0.9974156692056583 22
1751013243454 0.9917029379760609 23
1751013244085 0.9952393906420022 24
1751013244716 0.9978237214363439 25
1751013245350 0.9965995647442872 26
1751013245987 0.9968715995647442 27
1751013246625 0.9985038084874864 28
1751013247269 0.9978237214363439 29
1751013247907 0.9986398258977149 30
1751013248564 0.9982317736670294 31
1751013249213 0.9974156692056583 32
1751013249867 0.9995919477693145 33
1751013250521 0.9998639825897715 34
1751013251174 0.9964635473340587 35
1751013251827 0.9957834602829162 36
1751013252480 0.9972796517954298 37
1751013253135 0.9967355821545157 38
1751013253791 0.9976877040261154 39
1751013254446 0.9986398258977149 40
1751013255099 0.9982317736670294 41
1751013255755 0.999183895538629 42
1751013256409 0.9990478781284005 43
1751013257062 0.9968715995647442 44
1751013257270 0.9968715995647442 0
1751013229030 0.8482045701849836 0
1751013257270 0.9968715995647442 0
