1751013229008 0.8535339124190321 0
1751013229613 0.9541721617749278 1
1751013230232 0.9708470440561446 2
1751013230858 0.9761832059328861 3
1751013231481 0.9804133214933021 4
1751013232107 0.9827264629767151 5
1751013232738 0.9842311946476656 6
1751013233367 0.9857223065996473 7
1751013234002 0.9881668756464977 8
1751013234628 0.9888483649820221 9
1751013235252 0.9892648289275058 10
1751013235879 0.9899396947370667 11
1751013236504 0.990343984681735 12
1751013237130 0.9927944315575751 13
1751013237759 0.9944245956189068 14
1751013238388 0.9912957090222595 15
1751013239022 0.9921109889749724 16
1751013239649 0.9937439060269179 17
1751013240277 0.9957864844243907 18
1751013240908 0.9961915125136017 19
1751013241537 0.996055497027921 20
1751013242166 0.9959200811421697 21
1751013242798 0.9974157057720651 22
1751013243427 0.9917038620364772 23
1751013244058 0.9952408218617937 24
1751013244689 0.9978240176779866 25
1751013245323 0.9966024988426131 26
1751013245960 0.9968716222744074 27
1751013246597 0.9985039472720437 28
1751013247242 0.9978239096684204 29
1751013247879 0.9986403000362345 30
1751013248536 0.9982407788998793 31
1751013249185 0.9974153023640961 32
1751013249840 0.999592897464188 33
1751013250493 0.999864088275405 34
1751013251147 0.9964631606047691 35
1751013251800 0.9957863943812421 36
1751013252453 0.9972808907701359 37
1751013253108 0.9967361468103892 38
1751013253763 0.9976884410506817 39
1751013254417 0.9986403000362345 40
1751013255071 0.9982318310185515 41
1751013255727 0.9991842626072757 42
1751013256381 0.9990480036733882 43
1751013257034 0.9968727385982505 44
1751013257270 0.9968727385982505 0
1751013229008 0.8535339124190321 0
1751013257270 0.9968727385982505 0
