1751013229052 0.8459908839446394 0
1751013229664 0.9540791343238442 1
1751013230285 0.9708640577404463 2
1751013230910 0.9761897269908708 3
1751013231533 0.9804129758845138 4
1751013232159 0.98272601499845 5
1751013232790 0.9842233869898442 6
1751013233420 0.985719010404005 7
1751013234055 0.9881666309681931 8
1751013234680 0.9888456822037321 9
1751013235305 0.9892557053068917 10
1751013235932 0.9899354121960313 11
1751013236557 0.990342128434985 12
1751013237183 0.9927915004896405 13
1751013237811 0.9944234873671872 14
1751013238441 0.9912950975784877 15
1751013239074 0.9921107892839643 16
1751013239702 0.9937433513845381 17
1751013240331 0.9957837078335634 18
1751013240962 0.9961915125136017 19
1751013241590 0.9960554454320546 20
1751013242219 0.9959195769899161 21
1751013242852 0.9974156366623805 22
1751013243480 0.9917031404984291 23
1751013244112 0.9952396663499192 24
1751013244744 0.9978236660093694 25
1751013245377 0.9965997643819059 26
1751013246015 0.9968715601702502 27
1751013246653 0.9985038269040244 28
1751013247296 0.9978236985082859 29
1751013247934 0.9986398589966387 30
1751013248591 0.9982328493508293 31
1751013249240 0.9974145097243597 32
1751013249895 0.999591962490282 33
1751013250549 0.9998639842640021 34
1751013251203 0.9964632371190898 35
1751013251854 0.9957836599205349 36
1751013252508 0.9972797517505879 37
1751013253163 0.9967356615919328 38
1751013253818 0.997687614705568 39
1751013254473 0.9986398589966387 40
1751013255126 0.9982317514005762 41
1751013255783 0.9991838747535136 42
1751013256437 0.9990478898480155 43
1751013257089 0.9968717124254953 44
1751013257270 0.9968717124254953 0
1751013229052 0.8459908839446394 0
1751013257270 0.9968717124254953 0
