1750949198050 0.8332426550598476 0
1750949198650 0.9513057671381937 1
1750949199272 0.9681719260065288 2
1750949199893 0.9749727965179543 3
1750949200519 0.9804134929270947 4
1750949201147 0.9815016322089227 5
1750949201779 0.9829978237214363 6
1750949202416 0.984221980413493 7
1750949203052 0.9865342763873776 8
1750949203686 0.984221980413493 9
1750949204314 0.9892546245919478 10
1750949204944 0.9877584330794341 11
1750949205575 0.9889825897714908 12
1750949206206 0.9904787812840044 13
1750949206840 0.9908868335146899 14
1750949207473 0.9896626768226333 15
1750949208105 0.9907508161044614 16
1750949208736 0.9912948857453754 17
1750949209370 0.9925190424374319 18
1750949210001 0.9930631120783461 19
1750949210634 0.9936071817192601 20
1750949211268 0.9915669205658324 21
1750949211906 0.9926550598476604 22
1750949212540 0.9961915125136017 23
1750949213174 0.9925190424374319 24
1750949213810 0.9953754080522307 25
1750949214446 0.9929270946681176 26
1750949215082 0.9923830250272034 27
1750949215718 0.9944232861806311 28
1750949216354 0.9956474428726877 29
1750949216992 0.9956474428726877 30
1750949217630 0.9961915125136017 31
1750949218270 0.9959194776931447 32
1750949218909 0.9955114254624592 33
1750949219548 0.9941512513601741 34
1750949220190 0.9968715995647442 35
1750949220831 0.9960554951033732 36
1750949221490 0.9938792165397171 37
1750949222131 0.9967355821545157 38
1750949222773 0.9956474428726877 39
1750949223413 0.9957834602829162 40
1750949224053 0.9957834602829162 41
1750949224693 0.9963275299238302 42
1750949225333 0.9959194776931447 43
1750949225593 0.9959194776931447 0
1750949198050 0.8332426550598476 0
1750949225593 0.9959194776931447 0
