1750949198115 0.8286432334228411 0
1750949198727 0.9511980031170508 1
1750949199349 0.9681400878596009 2
1750949199971 0.9749621269784242 3
1750949200596 0.9804029953605232 4
1750949201224 0.9815036424067559 5
1750949201857 0.982990710587986 6
1750949202494 0.9842215431561719 7
1750949203130 0.9865325236278205 8
1750949203764 0.9842241414860313 9
1750949204391 0.9892552554468228 10
1750949205023 0.987759818105914 11
1750949205654 0.9889842960800891 12
1750949206285 0.9904790129764709 13
1750949206920 0.9908869456881487 14
1750949207552 0.9896635989962589 15
1750949208183 0.9907438309109519 16
1750949208816 0.9912947806027211 17
1750949209449 0.9925195273316124 18
1750949210080 0.9930623333053336 19
1750949210713 0.9936061771697182 20
1750949211348 0.99156712577916 21
1750949211985 0.9926528547842242 22
1750949212620 0.9961911464440968 23
1750949213253 0.9925189482332069 24
1750949213890 0.9953758267331064 25
1750949214525 0.992927269183554 26
1750949215161 0.9923836154634091 27
1750949215797 0.994423596836857 28
1750949216435 0.9956464964017708 29
1750949217073 0.9956476497694962 30
1750949217711 0.9961916051905884 31
1750949218350 0.9959194776931447 32
1750949218990 0.995511587393102 33
1750949219630 0.9941525538388196 34
1750949220272 0.9968718504903717 35
1750949220913 0.9960556564804813 36
1750949221571 0.9938797412771089 37
1750949222213 0.9967354195551433 38
1750949222854 0.9956472996008053 39
1750949223493 0.9957835121840689 40
1750949224134 0.9957831105266491 41
1750949224774 0.9963275751280599 42
1750949225413 0.9959191520257556 43
1750949225593 0.9959191520257556 0
1750949198115 0.8286432334228411 0
1750949225593 0.9959191520257556 0
