1750949198093 0.8332426550598476 0
1750949198701 0.9513057671381937 1
1750949199323 0.9681719260065288 2
1750949199945 0.9749727965179543 3
1750949200570 0.9804134929270947 4
1750949201199 0.9815016322089227 5
1750949201831 0.9829978237214363 6
1750949202468 0.984221980413493 7
1750949203103 0.9865342763873776 8
1750949203738 0.984221980413493 9
1750949204366 0.9892546245919478 10
1750949204997 0.9877584330794341 11
1750949205627 0.9889825897714908 12
1750949206258 0.9904787812840044 13
1750949206893 0.9908868335146899 14
1750949207526 0.9896626768226333 15
1750949208157 0.9907508161044614 16
1750949208789 0.9912948857453754 17
1750949209423 0.9925190424374319 18
1750949210054 0.9930631120783461 19
1750949210687 0.9936071817192601 20
1750949211321 0.9915669205658324 21
1750949211959 0.9926550598476604 22
1750949212593 0.9961915125136017 23
1750949213227 0.9925190424374319 24
1750949213863 0.9953754080522307 25
1750949214498 0.9929270946681176 26
1750949215135 0.9923830250272034 27
1750949215771 0.9944232861806311 28
1750949216408 0.9956474428726877 29
1750949217046 0.9956474428726877 30
1750949217684 0.9961915125136017 31
1750949218323 0.9959194776931447 32
1750949218963 0.9955114254624592 33
1750949219603 0.9941512513601741 34
1750949220245 0.9968715995647442 35
1750949220885 0.9960554951033732 36
1750949221544 0.9938792165397171 37
1750949222186 0.9967355821545157 38
1750949222827 0.9956474428726877 39
1750949223466 0.9957834602829162 40
1750949224107 0.9957834602829162 41
1750949224747 0.9963275299238302 42
1750949225387 0.9959194776931447 43
1750949225593 0.9959194776931447 0
1750949198093 0.8332426550598476 0
1750949225593 0.9959194776931447 0
