1750949198071 0.8372116929610667 0
1750949198676 0.9513056237441467 1
1750949199297 0.9681136840180837 2
1750949199919 0.9749555941495549 3
1750949200545 0.9803941188860789 4
1750949201173 0.9815143916095916 5
1750949201805 0.9829858790498074 6
1750949202442 0.9842234954486634 7
1750949203078 0.9865317359137812 8
1750949203712 0.9842429654485697 9
1750949204340 0.9892583690786112 10
1750949204971 0.9877714749178891 11
1750949205601 0.9890083218219824 12
1750949206232 0.99047964335404 13
1750949206867 0.9908871576532203 14
1750949207499 0.9896714174598132 15
1750949208130 0.9907405638091585 16
1750949208762 0.9912949076965288 17
1750949209396 0.9925250570082451 18
1750949210028 0.9930700519774743 19
1750949210661 0.9936054827457155 20
1750949211295 0.991567730911666 21
1750949211932 0.9926518286399619 22
1750949212566 0.9961928927257792 23
1750949213200 0.9925189542931463 24
1750949213837 0.9953827115457958 25
1750949214472 0.9929287068109572 26
1750949215108 0.9923895393241501 27
1750949215744 0.9944260537787297 28
1750949216381 0.995646280078499 29
1750949217019 0.9956494747063493 30
1750949217657 0.9961921030315762 31
1750949218297 0.9959194776931447 32
1750949218936 0.9955126591652819 33
1750949219576 0.994154566832041 34
1750949220218 0.9968770730248065 35
1750949220858 0.9960561552249607 36
1750949221517 0.993883865456968 37
1750949222159 0.9967370062189522 38
1750949222800 0.9956492664304459 39
1750949223440 0.9957836652653211 40
1750949224080 0.9957858803113152 41
1750949224720 0.9963277216666656 42
1750949225360 0.9959224715546198 43
1750949225593 0.9959224715546198 0
1750949198071 0.8372116929610667 0
1750949225593 0.9959224715546198 0
