1750949198030 0.6863972218433584 0
1750949198625 0.21452471305807735 1
1750949199246 0.12324413588276625 2
1750949199867 0.08878532656842399 3
1750949200493 0.07378742357835547 4
1750949201121 0.0628124917284773 5
1750949201753 0.0542665649108159 6
1750949202390 0.051027380077977046 7
1750949203026 0.04707683773834959 8
1750949203660 0.043182582848819866 9
1750949204288 0.038319975348499576 10
1750949204918 0.038489209362371574 11
1750949205549 0.035473239064921946 12
1750949206180 0.03264567331878126 13
1750949206812 0.031142896132480852 14
1750949207446 0.03221599912621543 15
1750949208079 0.03045442059405059 16
1750949208710 0.02658555637619441 17
1750949209343 0.02960659540131672 18
1750949209975 0.025995716376086216 19
1750949210607 0.022919360422595153 20
1750949211241 0.024962383101494644 21
1750949211878 0.023376836819458707 22
1750949212514 0.0181495818041946 23
1750949213148 0.02335857081513799 24
1750949213783 0.01918279514490942 25
1750949214419 0.026843890525457388 26
1750949215055 0.0264855984900394 27
1750949215690 0.02030169935359886 28
1750949216327 0.017530638745847087 29
1750949216966 0.01569058544633827 30
1750949217603 0.015723077132912825 31
1750949218242 0.01655070710840095 32
1750949218882 0.016850112367348423 33
1750949219521 0.018391620941101385 34
1750949220162 0.014660251095548466 35
1750949220804 0.017050804772999004 36
1750949221462 0.025817385532663197 37
1750949222104 0.014187358647090371 38
1750949222746 0.017317130071768726 39
1750949223385 0.016929325888336712 40
1750949224025 0.014910694899319208 41
1750949224666 0.014063569050286294 42
1750949225306 0.015363643269416378 43
1750949225593 0.015363643269416378 0
1750949198030 0.6863972218433584 0
1750949225593 0.015363643269416378 0
