1750931067532 1.0850517903500205 0
1750931068122 0.5933332509392624 1
1750931068737 0.39525065033557755 2
1750931069352 0.2901498398726342 3
1750931069968 0.22780133701123143 4
1750931070587 0.18690610663221502 5
1750931071205 0.1569641302942711 6
1750931071830 0.13369231231680892 7
1750931072451 0.12526154400572034 8
1750931073074 0.11094445196893452 9
1750931073695 0.10419008839506579 10
1750931074319 0.0960730446605934 11
1750931074941 0.093011978263759 12
1750931075564 0.08380047471887787 13
1750931076184 0.08267200565506766 14
1750931076806 0.07609734301971144 15
1750931077430 0.07505790004962741 16
1750931078054 0.07207226078710048 17
1750931078678 0.07235790243508118 18
1750931079303 0.06964821840501649 19
1750931079929 0.06953700294999873 20
1750931080552 0.06547695084680703 21
1750931081182 0.06507098093888317 22
1750931081813 0.06345732638184731 23
1750931082444 0.058476548402755645 24
1750931083070 0.0570354064494793 25
1750931083700 0.06230772785047906 26
1750931084332 0.05603102443210772 27
1750931084960 0.062359953601160555 28
1750931085591 0.05761724574465033 29
1750931086223 0.0587368849725731 30
1750931086857 0.055345381969855584 31
1750931087486 0.05427137233308791 32
1750931088118 0.05310838824387344 33
1750931088750 0.05783535948710291 34
1750931089382 0.053845966090899165 35
1750931090013 0.0532542164341199 36
1750931090647 0.05144651327788895 37
1750931091280 0.0547730020805788 38
1750931091908 0.05161687918007374 39
1750931092544 0.05261351794036869 40
1750931093177 0.053146980003625055 41
1750931093813 0.05502607661245697 42
1750931094446 0.049035790851653854 43
1750931095078 0.0526251246254806 44
1750931095712 0.04686798871787705 45
1750931096349 0.05105441092423308 46
1750931096985 0.054284733425221846 47
1750931097623 0.04943703823561767 48
1750931098259 0.046891616130403775 49
1750931098897 0.045686058724406495 50
1750931099532 0.054571629281969534 51
1750931100171 0.05254890372058513 52
1750931100808 0.04532104563596329 53
1750931101446 0.0471471893146099 54
1750931102085 0.05005699819130205 55
1750931102724 0.0521242958518866 56
1750931103363 0.05077900260411227 57
1750931104002 0.044840544020357795 58
1750931104642 0.047955559588912004 59
1750931105282 0.04992643663896829 60
1750931105578 0.04992643663896829 0
1750931067532 1.0850517903500205 0
1750931105578 0.04992643663896829 0
