1750931067595 0.7232045701849836 0
1750931068199 0.8978509249183896 1
1750931068815 0.9367519042437432 2
1750931069429 0.9521218715995647 3
1750931070047 0.9630032644178455 4
1750931070665 0.9689880304678999 5
1750931071284 0.9715723612622416 6
1750931071908 0.9764689880304679 7
1750931072529 0.9753808487486398 8
1750931073153 0.9794613710554951 9
1750931073773 0.9787812840043526 10
1750931074398 0.9804134929270947 11
1750931075020 0.9794613710554951 12
1750931075643 0.9827257889009793 13
1750931076263 0.983949945593036 14
1750931076886 0.983949945593036 15
1750931077508 0.9820457018498367 16
1750931078133 0.9859902067464635 17
1750931078758 0.9846300326441785 18
1750931079382 0.984221980413493 19
1750931080009 0.9828618063112078 20
1750931080632 0.985310119695321 21
1750931081262 0.9849020674646355 22
1750931081892 0.984221980413493 23
1750931082524 0.9862622415669206 24
1750931083151 0.9868063112078346 25
1750931083781 0.9862622415669206 26
1750931084413 0.9881664853101197 27
1750931085041 0.9851741022850925 28
1750931085671 0.9885745375408053 29
1750931086305 0.985038084874864 30
1750931086938 0.9889825897714908 31
1750931087569 0.9874863982589771 32
1750931088200 0.9883025027203483 33
1750931088831 0.9876224156692056 34
1750931089463 0.9870783460282916 35
1750931090096 0.9862622415669206 36
1750931090729 0.9880304678998912 37
1750931091361 0.9892546245919478 38
1750931091992 0.9887105549510338 39
1750931092626 0.9876224156692056 40
1750931093260 0.9883025027203483 41
1750931093895 0.9866702937976061 42
1750931094528 0.9896626768226333 43
1750931095161 0.9887105549510338 44
1750931095795 0.9904787812840044 45
1750931096432 0.9888465723612623 46
1750931097068 0.9878944504896626 47
1750931097706 0.9883025027203483 48
1750931098342 0.9897986942328618 49
1750931098979 0.9917029379760609 50
1750931099614 0.9863982589771491 51
1750931100254 0.9876224156692056 52
1750931100892 0.9897986942328618 53
1750931101529 0.9900707290533188 54
1750931102169 0.9903427638737758 55
1750931102808 0.9884385201305768 56
1750931103447 0.9889825897714908 57
1750931104086 0.9919749727965179 58
1750931104726 0.9899347116430903 59
1750931105366 0.9878944504896626 60
1750931105578 0.9878944504896626 0
1750931067595 0.7232045701849836 0
1750931105578 0.9878944504896626 0
