1750931067574 0.7324081121578333 0
1750931068174 0.901017433571678 1
1750931068789 0.9367677561453193 2
1750931069404 0.9520205959818634 3
1750931070021 0.9629396603557069 4
1750931070639 0.9689228523236219 5
1750931071258 0.971572407414371 6
1750931071882 0.9764437791115356 7
1750931072503 0.975371093634711 8
1750931073127 0.9794664008249476 9
1750931073747 0.9788121318419298 10
1750931074372 0.9804029153232021 11
1750931074994 0.9794688105283732 12
1750931075617 0.9827100500605052 13
1750931076236 0.9839570625526758 14
1750931076860 0.9839611341579491 15
1750931077482 0.9820511079952955 16
1750931078107 0.9859911531709709 17
1750931078732 0.9846323733534049 18
1750931079356 0.9842185132267135 19
1750931079982 0.9828836385837598 20
1750931080605 0.9852981554954376 21
1750931081236 0.9849019846749106 22
1750931081866 0.9842671446641938 23
1750931082498 0.9862427476805606 24
1750931083124 0.9868174526341684 25
1750931083754 0.9862818653823667 26
1750931084386 0.9881596661414849 27
1750931085015 0.9851585499885058 28
1750931085644 0.9885830600293589 29
1750931086278 0.9850579886737791 30
1750931086911 0.989034874056039 31
1750931087542 0.987496708567368 32
1750931088172 0.9883248960584898 33
1750931088804 0.9876300528081476 34
1750931089437 0.9870769103105391 35
1750931090068 0.9862669917010457 36
1750931090702 0.9880404487857928 37
1750931091334 0.9892838054649554 38
1750931091964 0.9887228676454727 39
1750931092598 0.9876282412984476 40
1750931093232 0.9883326360970625 41
1750931093868 0.9867311082770094 42
1750931094501 0.9896745458524464 43
1750931095133 0.9887157892697097 44
1750931095768 0.9904937193682104 45
1750931096404 0.9888652210641768 46
1750931097040 0.9879201588408477 47
1750931097678 0.9883140147585137 48
1750931098314 0.9898082598261432 49
1750931098952 0.9917027222391384 50
1750931099587 0.9865089432685067 51
1750931100226 0.9876259775403606 52
1750931100864 0.9898211121759665 53
1750931101501 0.99007012881447 54
1750931102141 0.9903887800201903 55
1750931102780 0.9884568265079895 56
1750931103419 0.988997456077041 57
1750931104058 0.9919830313708068 58
1750931104698 0.9899618331932635 59
1750931105338 0.9879225351745239 60
1750931105578 0.9879225351745239 0
1750931067574 0.7324081121578333 0
1750931105578 0.9879225351745239 0
