1750931067617 0.7111261809115593 0
1750931068225 0.8961194179459933 1
1750931068840 0.936423306205203 2
1750931069455 0.9519874692216559 3
1750931070073 0.9629364484535329 4
1750931070690 0.9689484140335171 5
1750931071310 0.9715656064578893 6
1750931071934 0.9764517350199702 7
1750931072555 0.975373044178982 8
1750931073179 0.9794576117707383 9
1750931073799 0.9787856198229198 10
1750931074424 0.9804066280369111 11
1750931075046 0.979454549780358 12
1750931075669 0.9827173003151888 13
1750931076289 0.9839441718480728 14
1750931076913 0.983941561135913 15
1750931077535 0.9820410094210701 16
1750931078160 0.9859878818577879 17
1750931078784 0.984628375936634 18
1750931079408 0.9842181597251438 19
1750931080035 0.9828697004328512 20
1750931080658 0.9853035341921703 21
1750931081289 0.9849017100505736 22
1750931081919 0.9842212291064065 23
1750931082550 0.9862504855522425 24
1750931083178 0.986806039534584 25
1750931083807 0.9862646232257087 26
1750931084440 0.9881625111486437 27
1750931085068 0.9851625906503 28
1750931085699 0.9885758907623661 29
1750931086332 0.9850433644133548 30
1750931086964 0.9889829346608349 31
1750931087596 0.9874879122973838 32
1750931088227 0.9882992977217875 33
1750931088859 0.9876230590361823 34
1750931089490 0.9870754121558363 35
1750931090124 0.9862570504066858 36
1750931090756 0.9880257079342768 37
1750931091388 0.9892605185893238 38
1750931092019 0.9887118777948127 39
1750931092653 0.9876204294846799 40
1750931093287 0.9883037125875845 41
1750931093922 0.9866811264336814 42
1750931094556 0.9896628292177037 43
1750931095188 0.9887085511001843 44
1750931095823 0.9904803147979505 45
1750931096459 0.9888458443439115 46
1750931097095 0.9878969978984664 47
1750931097734 0.9883033054731831 48
1750931098370 0.9897997991132618 49
1750931099007 0.9917008858994681 50
1750931099642 0.9864059439608777 51
1750931100282 0.9876219514301708 52
1750931100920 0.989802073376299 53
1750931101558 0.9900682922917834 54
1750931102197 0.9903457683056662 55
1750931102836 0.9884443324309753 56
1750931103474 0.9889837498855029 57
1750931104114 0.9919749165550067 58
1750931104754 0.989937246149075 59
1750931105395 0.9878983022342923 60
1750931105578 0.9878983022342923 0
1750931067617 0.7111261809115593 0
1750931105578 0.9878983022342923 0
