1750855525671 0.8657127577929035 0
1750855526127 0.37634934433072126 1
1750855526591 0.21930826811263818 2
1750855527056 0.14878260669368396 3
1750855527521 0.11129177814517759 4
1750855527988 0.0934959564913344 5
1750855528454 0.07617992750886864 6
1750855528921 0.06710604796747519 7
1750855529389 0.05832291225435555 8
1750855529855 0.05226733913428279 9
1750855530321 0.04746401553995851 10
1750855530788 0.04336304864739762 11
1750855531257 0.03682727266054386 12
1750855531724 0.03636074143890555 13
1750855532191 0.034346095248813595 14
1750855532657 0.030214328879249304 15
1750855533125 0.03078316625560329 16
1750855533591 0.0306209807615561 17
1750855534058 0.02678900848166111 18
1750855534526 0.024974062822463235 19
1750855534994 0.0230217377550827 20
1750855535462 0.0235699442396664 21
1750855535930 0.022099496002721482 22
1750855536398 0.021487121961522398 23
1750855536865 0.01839413430026942 24
1750855537333 0.020329144144617225 25
1750855537801 0.019427649898989627 26
1750855538285 0.018465948509512484 27
1750855538770 0.01825062018262792 28
1750855539254 0.016377217649108242 29
1750855539740 0.014451444495476426 30
1750855540223 0.015706688427409132 31
1750855540707 0.01369456445427877 32
1750855541192 0.014246652751271254 33
1750855541676 0.012199805958512704 34
1750855542160 0.013018457416239295 35
1750855542646 0.012395893268553709 36
1750855543131 0.012694287874218547 37
1750855543615 0.011403343806150181 38
1750855544100 0.011272456140614139 39
1750855544585 0.009402514575961349 40
1750855545069 0.00905198924580662 41
1750855545554 0.008931195640126274 42
1750855546041 0.012913197681426361 43
1750855546527 0.011370251190904892 44
1750855547014 0.009071725485765328 45
1750855547500 0.011445345717453894 46
1750855547987 0.009247249078922814 47
1750855548474 0.008243452827094636 48
1750855548962 0.008886097164131877 49
1750855549449 0.01268331381409724 50
1750855549938 0.008489812854261942 51
1750855550425 0.007449216176764593 52
1750855550904 0.009231132928938712 53
1750855551375 0.007920111023838165 54
1750855551847 0.008634797613886646 55
1750855552324 0.008198938303109221 56
1750855552794 0.008667497261604627 57
1750855553265 0.008537685491976412 58
1750855553737 0.00591431931874125 59
1750855554209 0.0059186290233926514 60
1750855554681 0.010792499328984994 61
1750855555154 0.00937392210436608 62
1750855555627 0.011334100203943044 63
1750855525671 0.8657127577929035 0
