1750930716294 0.6796789989118607 0
1750930716886 0.8770402611534276 1
1750930717502 0.9292709466811752 2
1750930718116 0.9474972796517954 3
1750930718736 0.9597388465723613 4
1750930719354 0.9670837867247007 5
1750930719974 0.9717083786724701 6
1750930720598 0.9744287268770403 7
1750930721217 0.9761969532100109 8
1750930721846 0.9775571273122959 9
1750930722471 0.9804134929270947 10
1750930723097 0.9827257889009793 11
1750930723718 0.9783732317736671 12
1750930724340 0.9835418933623504 13
1750930724966 0.9851741022850925 14
1750930725591 0.9827257889009793 15
1750930726214 0.9840859630032645 16
1750930726839 0.985582154515778 17
1750930727464 0.983949945593036 18
1750930728088 0.983949945593036 19
1750930728713 0.9873503808487486 20
1750930729337 0.9865342763873776 21
1750930729963 0.9876224156692056 22
1750930730591 0.9869423286180631 23
1750930731219 0.985854189336235 24
1750930731848 0.985038084874864 25
1750930732479 0.986126224156692 26
1750930733106 0.9851741022850925 27
1750930733735 0.9883025027203483 28
1750930734364 0.9868063112078346 29
1750930734991 0.9854461371055495 30
1750930735621 0.9888465723612623 31
1750930736250 0.9877584330794341 32
1750930736876 0.9884385201305768 33
1750930737504 0.9881664853101197 34
1750930738132 0.9877584330794341 35
1750930738763 0.9877584330794341 36
1750930739392 0.9887105549510338 37
1750930740022 0.9899347116430903 38
1750930740653 0.9881664853101197 39
1750930741287 0.9872143634385201 40
1750930741921 0.9874863982589771 41
1750930742553 0.9900707290533188 42
1750930743183 0.9899347116430903 43
1750930743817 0.9896626768226333 44
1750930744449 0.9892546245919478 45
1750930745083 0.9904787812840044 46
1750930745715 0.9908868335146899 47
1750930746350 0.9892546245919478 48
1750930746984 0.9881664853101197 49
1750930747620 0.9900707290533188 50
1750930748257 0.9906147986942329 51
1750930748895 0.9903427638737758 52
1750930749531 0.9900707290533188 53
1750930750167 0.9912948857453754 54
1750930750805 0.9903427638737758 55
1750930751437 0.9896626768226333 56
1750930752075 0.9895266594124048 57
1750930752711 0.9896626768226333 58
1750930753350 0.9903427638737758 59
1750930753989 0.9892546245919478 60
1750930754627 0.9917029379760609 61
1750930755267 0.9883025027203483 62
1750930755907 0.9892546245919478 63
1750930756545 0.9912948857453754 64
1750930757189 0.9914309031556039 65
1750930757831 0.9908868335146899 66
1750930758471 0.9899347116430903 67
1750930759112 0.9922470076169749 68
1750930759756 0.9911588683351469 69
1750930760402 0.9903427638737758 70
1750930761045 0.9918389553862894 71
1750930761692 0.9897986942328618 72
1750930762341 0.9923830250272034 73
1750930762986 0.9902067464635473 74
1750930763633 0.9915669205658324 75
1750930764280 0.9906147986942329 76
1750930764926 0.9891186071817193 77
1750930765575 0.9911588683351469 78
1750930765846 0.9911588683351469 0
1750930716294 0.6796789989118607 0
1750930765846 0.9911588683351469 0
