1750930716274 1.1465317033579872 0
1750930716861 0.6910608522391294 1
1750930717476 0.47979395209899794 2
1750930718090 0.35054701440222763 3
1750930718711 0.26651074850001455 4
1750930719327 0.210429547709272 5
1750930719947 0.1729789879720281 6
1750930720572 0.14490673763999742 7
1750930721191 0.1314885347303291 8
1750930721820 0.11935535310823328 9
1750930722445 0.10909363622569415 10
1750930723070 0.09874818430275081 11
1750930723692 0.09509644948627083 12
1750930724314 0.08628154893824273 13
1750930724939 0.08129151396947924 14
1750930725565 0.08028915605555421 15
1750930726187 0.0782484227752919 16
1750930726812 0.07194756179383192 17
1750930727437 0.07188097829398445 18
1750930728060 0.07089796054690785 19
1750930728686 0.06342996009934584 20
1750930729310 0.0633987723175797 21
1750930729937 0.06404856536476604 22
1750930730564 0.06418112849449827 23
1750930731192 0.06341155449392616 24
1750930731819 0.06165616665647585 25
1750930732452 0.05817778774570589 26
1750930733079 0.05993640531458455 27
1750930733707 0.05543917900719503 28
1750930734337 0.05663767747248607 29
1750930734964 0.05837959651070139 30
1750930735594 0.0523285371726693 31
1750930736223 0.05219217330841621 32
1750930736849 0.05107377873687023 33
1750930737477 0.05238521637818629 34
1750930738105 0.05045978003409534 35
1750930738736 0.05268761548857175 36
1750930739365 0.05181213105715592 37
1750930739995 0.05029560598799142 38
1750930740626 0.053823439090211714 39
1750930741260 0.05247096258486186 40
1750930741893 0.0515062145005113 41
1750930742525 0.04934669735155375 42
1750930743156 0.04974093505255351 43
1750930743790 0.04854995614653443 44
1750930744421 0.048447347946375834 45
1750930745055 0.0470661778728578 46
1750930745688 0.04657151406758563 47
1750930746322 0.0507277977755202 48
1750930746957 0.050878347279716754 49
1750930747592 0.04890631580111186 50
1750930748229 0.04559000212622156 51
1750930748867 0.049203176545921684 52
1750930749503 0.04787375417591698 53
1750930750139 0.043861396205373375 54
1750930750776 0.044342463477327204 55
1750930751409 0.04656436036911441 56
1750930752046 0.04747411421012697 57
1750930752683 0.047302893361925946 58
1750930753322 0.04715107732793971 59
1750930753960 0.04681120798705192 60
1750930754599 0.04406723610740621 61
1750930755238 0.049322207155308086 62
1750930755878 0.05114640218689146 63
1750930756518 0.04515545988319618 64
1750930757161 0.04484372268612289 65
1750930757802 0.04888000649778057 66
1750930758443 0.0464361127125458 67
1750930759084 0.04365575016842054 68
1750930759728 0.044931035928663286 69
1750930760374 0.04497684002068538 70
1750930761016 0.04132842760375002 71
1750930761663 0.04648920216408109 72
1750930762313 0.04269147296035834 73
1750930762957 0.04715194658531328 74
1750930763605 0.043673045036379934 75
1750930764251 0.04309304375951386 76
1750930764898 0.04516811616580946 77
1750930765546 0.04313579362830283 78
1750930765846 0.04313579362830283 0
1750930716274 1.1465317033579872 0
1750930765846 0.04313579362830283 0
