1750930716336 0.6796789989118607 0
1750930716938 0.8770402611534276 1
1750930717554 0.9292709466811752 2
1750930718167 0.9474972796517954 3
1750930718788 0.9597388465723613 4
1750930719405 0.9670837867247007 5
1750930720026 0.9717083786724701 6
1750930720650 0.9744287268770403 7
1750930721270 0.9761969532100109 8
1750930721899 0.9775571273122959 9
1750930722523 0.9804134929270947 10
1750930723149 0.9827257889009793 11
1750930723769 0.9783732317736671 12
1750930724394 0.9835418933623504 13
1750930725020 0.9851741022850925 14
1750930725644 0.9827257889009793 15
1750930726266 0.9840859630032645 16
1750930726892 0.985582154515778 17
1750930727516 0.983949945593036 18
1750930728142 0.983949945593036 19
1750930728766 0.9873503808487486 20
1750930729391 0.9865342763873776 21
1750930730016 0.9876224156692056 22
1750930730644 0.9869423286180631 23
1750930731273 0.985854189336235 24
1750930731903 0.985038084874864 25
1750930732533 0.986126224156692 26
1750930733159 0.9851741022850925 27
1750930733789 0.9883025027203483 28
1750930734418 0.9868063112078346 29
1750930735045 0.9854461371055495 30
1750930735675 0.9888465723612623 31
1750930736304 0.9877584330794341 32
1750930736930 0.9884385201305768 33
1750930737557 0.9881664853101197 34
1750930738187 0.9877584330794341 35
1750930738818 0.9877584330794341 36
1750930739445 0.9887105549510338 37
1750930740077 0.9899347116430903 38
1750930740707 0.9881664853101197 39
1750930741341 0.9872143634385201 40
1750930741975 0.9874863982589771 41
1750930742607 0.9900707290533188 42
1750930743239 0.9899347116430903 43
1750930743872 0.9896626768226333 44
1750930744503 0.9892546245919478 45
1750930745138 0.9904787812840044 46
1750930745771 0.9908868335146899 47
1750930746406 0.9892546245919478 48
1750930747040 0.9881664853101197 49
1750930747674 0.9900707290533188 50
1750930748312 0.9906147986942329 51
1750930748950 0.9903427638737758 52
1750930749587 0.9900707290533188 53
1750930750222 0.9912948857453754 54
1750930750861 0.9903427638737758 55
1750930751493 0.9896626768226333 56
1750930752130 0.9895266594124048 57
1750930752767 0.9896626768226333 58
1750930753406 0.9903427638737758 59
1750930754045 0.9892546245919478 60
1750930754683 0.9917029379760609 61
1750930755323 0.9883025027203483 62
1750930755963 0.9892546245919478 63
1750930756602 0.9912948857453754 64
1750930757245 0.9914309031556039 65
1750930757887 0.9908868335146899 66
1750930758528 0.9899347116430903 67
1750930759168 0.9922470076169749 68
1750930759813 0.9911588683351469 69
1750930760459 0.9903427638737758 70
1750930761102 0.9918389553862894 71
1750930761750 0.9897986942328618 72
1750930762399 0.9923830250272034 73
1750930763043 0.9902067464635473 74
1750930763690 0.9915669205658324 75
1750930764338 0.9906147986942329 76
1750930764984 0.9891186071817193 77
1750930765632 0.9911588683351469 78
1750930765846 0.9911588683351469 0
1750930716336 0.6796789989118607 0
1750930765846 0.9911588683351469 0
