1750930716314 0.725624247027321 0
1750930716912 0.8856686985303377 1
1750930717528 0.9304551829021687 2
1750930718142 0.9474120936964322 3
1750930718762 0.9595919735582018 4
1750930719380 0.9670260735542048 5
1750930720000 0.9716906356873077 6
1750930720624 0.9744094150176266 7
1750930721244 0.9761954869422382 8
1750930721873 0.9775735916425933 9
1750930722497 0.9804008754493251 10
1750930723123 0.9827323523221694 11
1750930723744 0.9784023434906829 12
1750930724367 0.9835333936197702 13
1750930724993 0.9851617062324366 14
1750930725618 0.9827220029406455 15
1750930726240 0.984099662040212 16
1750930726865 0.9856134017840729 17
1750930727490 0.983963734427448 18
1750930728115 0.9839458720713437 19
1750930728740 0.9873748492954793 20
1750930729363 0.9865598675174639 21
1750930729990 0.9876399661399597 22
1750930730617 0.9869782098955039 23
1750930731246 0.9858696282329564 24
1750930731875 0.9850597744720065 25
1750930732506 0.9861425161170334 26
1750930733132 0.9851802137756865 27
1750930733762 0.9883439222312957 28
1750930734391 0.9868374961520222 29
1750930735018 0.9854672146620104 30
1750930735648 0.9888805248119126 31
1750930736277 0.987765462669343 32
1750930736903 0.9885180347022374 33
1750930737531 0.9881811302984178 34
1750930738160 0.9877706823277345 35
1750930738791 0.9878114906463296 36
1750930739418 0.9887725355949298 37
1750930740050 0.9899460740607263 38
1750930740680 0.988194060486979 39
1750930741314 0.987246575284163 40
1750930741948 0.9875052413019644 41
1750930742580 0.9901065539350057 42
1750930743211 0.989955086034163 43
1750930743845 0.9896758194465046 44
1750930744475 0.9892691309283613 45
1750930745111 0.9905094893222345 46
1750930745743 0.9908925644882892 47
1750930746378 0.9892677720942026 48
1750930747012 0.9881938160867737 49
1750930747647 0.9901190367636583 50
1750930748285 0.990621618597732 51
1750930748922 0.99038959894442 52
1750930749559 0.9900816824481793 53
1750930750194 0.9913170166378947 54
1750930750832 0.9903833429386827 55
1750930751465 0.9896753685942077 56
1750930752102 0.9895420576949303 57
1750930752739 0.9896815390991649 58
1750930753378 0.99034350234998 59
1750930754017 0.9892580497725972 60
1750930754655 0.99174172349221 61
1750930755295 0.9883770239801342 62
1750930755935 0.9892757087908967 63
1750930756574 0.9913247108264645 64
1750930757217 0.9914516876939459 65
1750930757859 0.9909194035422294 66
1750930758499 0.9899561172508441 67
1750930759140 0.9922634182661609 68
1750930759785 0.991173397235641 69
1750930760431 0.9903687382012417 70
1750930761073 0.9918557071111178 71
1750930761722 0.9898238887747473 72
1750930762370 0.9924014527750546 73
1750930763015 0.9902549015871541 74
1750930763662 0.9915924799552976 75
1750930764309 0.9906402181254316 76
1750930764955 0.9891864052730083 77
1750930765603 0.9911984942718471 78
1750930765846 0.9911984942718471 0
1750930716314 0.725624247027321 0
1750930765846 0.9911984942718471 0
