1750930716358 0.6334759244912933 0
1750930716963 0.8702414912375739 1
1750930717580 0.9278816283238365 2
1750930718193 0.9471097960939513 3
1750930718813 0.9594889804077602 4
1750930719432 0.9670053344966522 5
1750930720052 0.9716453315399793 6
1750930720676 0.9744169317877364 7
1750930721296 0.9761942175329384 8
1750930721925 0.9775575366354489 9
1750930722549 0.980406525119812 10
1750930723175 0.9827267520235973 11
1750930723795 0.9783846167187105 12
1750930724420 0.983536985541218 13
1750930725046 0.9851672173291071 14
1750930725670 0.9827235498913577 15
1750930726292 0.984089927481501 16
1750930726918 0.9855899546029714 17
1750930727543 0.9839557191153049 18
1750930728168 0.9839470749898205 19
1750930728792 0.9873504534628639 20
1750930729418 0.9865422530945115 21
1750930730042 0.987625507118289 22
1750930730671 0.9869439823791312 23
1750930731299 0.9858597746903376 24
1750930731931 0.98504037495769 25
1750930732560 0.9861283158203785 26
1750930733186 0.9851731257111352 27
1750930733815 0.9883043939721733 28
1750930734445 0.9868053027258279 29
1750930735072 0.9854493535235955 30
1750930735702 0.9888496142695001 31
1750930736330 0.9877612403432584 32
1750930736957 0.9884462531683225 33
1750930737584 0.9881675995421668 34
1750930738214 0.9877607455279963 35
1750930738844 0.9877648134057868 36
1750930739473 0.9887197531786671 37
1750930740104 0.9899374870861413 38
1750930740735 0.9881661526790982 39
1750930741368 0.9872164835312147 40
1750930742003 0.9874920462712149 41
1750930742635 0.9900742388669999 42
1750930743266 0.9899375590273704 43
1750930743899 0.9896682307235722 44
1750930744530 0.9892572054143359 45
1750930745166 0.9904841094385409 46
1750930745798 0.990888855965494 47
1750930746433 0.989253994027495 48
1750930747067 0.9881708645737597 49
1750930747702 0.9900713702125994 50
1750930748340 0.9906143243009674 51
1750930748978 0.9903463023366683 52
1750930749615 0.9900701400170079 53
1750930750250 0.9912972997666747 54
1750930750888 0.9903453578737145 55
1750930751521 0.9896624153338378 56
1750930752158 0.9895308269019627 57
1750930752795 0.9896660083352106 58
1750930753434 0.9903393113893663 59
1750930754073 0.9892548968814332 60
1750930754711 0.9917077223076675 61
1750930755351 0.9883073236612184 62
1750930755991 0.9892583000146922 63
1750930756630 0.9912969240007152 64
1750930757274 0.9914345743013443 65
1750930757915 0.9908876872746504 66
1750930758556 0.9899328629651738 67
1750930759197 0.9922505712027967 68
1750930759841 0.9911598463575876 69
1750930760488 0.9903420394446445 70
1750930761130 0.9918388858252523 71
1750930761779 0.9898038653422689 72
1750930762427 0.992383070515762 73
1750930763071 0.9902125771212401 74
1750930763719 0.9915704716411597 75
1750930764366 0.9906173519832179 76
1750930765013 0.9891195912676302 77
1750930765660 0.99116094594545 78
1750930765846 0.99116094594545 0
1750930716358 0.6334759244912933 0
1750930765846 0.99116094594545 0
