1751011909169 0.6335258873359941 0
1751011909764 0.19161952737722873 1
1751011910385 0.11289592366158897 2
1751011911005 0.08577959349336381 3
1751011911630 0.07083538765649153 4
1751011912257 0.059479658796945514 5
1751011912885 0.054467984378921586 6
1751011913521 0.05277283907431189 7
1751011914155 0.0456684195245003 8
1751011914789 0.04411778351650761 9
1751011915426 0.041086145264215126 10
1751011916058 0.0386068838804563 11
1751011916683 0.03838711092957945 12
1751011917315 0.03753186825164254 13
1751011917951 0.03598865192136256 14
1751011918581 0.029228538480486975 15
1751011919214 0.033213229345257056 16
1751011919847 0.033776197156851644 17
1751011920484 0.026347318434656087 18
1751011921119 0.027132657928629428 19
1751011921754 0.02448607784603703 20
1751011922390 0.02486493212897513 21
1751011923024 0.02438024055593778 22
1751011923660 0.024627121297391263 23
1751011924293 0.02534954652486124 24
1751011924928 0.023140289807556374 25
1751011925565 0.02178039067851479 26
1751011926203 0.02825366569048562 27
1751011926846 0.020304133515638808 28
1751011927481 0.018515714097127593 29
1751011928115 0.01792980666891535 30
1751011928753 0.020061217717648006 31
1751011929395 0.014429717467564752 32
1751011930035 0.01680004948363016 33
1751011930674 0.015450611147093176 34
1751011931316 0.016942643767711225 35
1751011931955 0.020040952405964263 36
1751011932594 0.038741901749998364 37
1751011933234 0.02047451736934491 38
1751011933872 0.018226528855930443 39
1751011934516 0.014691909628446995 40
1751011935161 0.014754597732535806 41
1751011935810 0.017129984518596184 42
1751011936455 0.015603611746881973 43
1751011937099 0.01419713358740374 44
1751011937746 0.01649050663151374 45
1751011938392 0.01663722825349107 46
1751011939040 0.01503001217288497 47
1751011939686 0.01877944905909287 48
1751011940333 0.017467226880735296 49
1751011940978 0.012410715093655801 50
1751011941625 0.01603800764305353 51
1751011942271 0.01614541185855606 52
1751011942916 0.013078272033085534 53
1751011943564 0.015978232017486185 54
1751011944217 0.009520712668345725 55
1751011944867 0.02021574267866222 56
1751011945518 0.014506504398196028 57
1751011946167 0.009358542146905041 58
1751011946818 0.011816565812564373 59
1751011947112 0.011816565812564373 0
1751011909169 0.6335258873359941 0
1751011947112 0.011816565812564373 0
