1751011909210 0.8515111268167641 0
1751011909817 0.9546590298093388 1
1751011910437 0.9697595862332774 2
1751011911058 0.9763074892231551 3
1751011911682 0.9801357498128014 4
1751011912309 0.9810971543993922 5
1751011912938 0.984641887226203 6
1751011913574 0.982459733190516 7
1751011914209 0.986126224156692 8
1751011914842 0.9881668756464977 9
1751011915479 0.9874949871280112 10
1751011916110 0.987082330630018 11
1751011916735 0.9882939905239505 12
1751011917368 0.9869464510287158 13
1751011918004 0.9891184501305365 14
1751011918635 0.9908867038001734 15
1751011919268 0.9895346522003521 16
1751011919903 0.9910234530785235 17
1751011920538 0.9918436928347881 18
1751011921173 0.991569321823796 19
1751011921808 0.9934711643090316 20
1751011922445 0.992378921567438 21
1751011923078 0.9933428984643387 22
1751011923714 0.992523154612555 23
1751011924347 0.9941530964975984 24
1751011924982 0.9934713021179579 25
1751011925620 0.994968238423938 26
1751011926257 0.9900677637911061 27
1751011926900 0.9933365320725319 28
1751011927535 0.9940174135533281 29
1751011928169 0.9957943035565437 30
1751011928810 0.9938851284798985 31
1751011929450 0.9959181873745376 32
1751011930090 0.9959194776931447 33
1751011930729 0.9959194776931447 34
1751011931371 0.9942894237454982 35
1751011932010 0.9938810575018626 36
1751011932649 0.9877594361367021 37
1751011933289 0.9956479604425912 38
1751011933928 0.9951035278194085 39
1751011934572 0.9963277216666656 40
1751011935219 0.9959214848985194 41
1751011935865 0.9951033732317737 42
1751011936511 0.9949673300326056 43
1751011937156 0.9956494747063493 44
1751011937802 0.9949692180252975 45
1751011938448 0.99523795711413 46
1751011939096 0.9964635499736366 47
1751011939742 0.995376017231206 48
1751011940389 0.9955127286535788 49
1751011941034 0.9964676882149687 50
1751011941680 0.9957816261624347 51
1751011942327 0.9948314788335506 52
1751011942972 0.9964641249209827 53
1751011943620 0.9952485284911835 54
1751011944273 0.998643686040936 55
1751011944923 0.9945605445212504 56
1751011945575 0.997552914497172 57
1751011946224 0.99864016463556 58
1751011946875 0.9967358217345553 59
1751011947112 0.9967358217345553 0
1751011909210 0.8515111268167641 0
1751011947112 0.9967358217345553 0
