1751011909189 0.8483405875952121 0
1751011909790 0.9547062023939065 1
1751011910411 0.969804134929271 2
1751011911031 0.9763329706202394 3
1751011911656 0.9801414581066377 4
1751011912283 0.9810935799782372 5
1751011912911 0.9846300326441785 6
1751011913548 0.9824537540805223 7
1751011914182 0.986126224156692 8
1751011914816 0.9881664853101197 9
1751011915452 0.9874863982589771 10
1751011916084 0.9870783460282916 11
1751011916709 0.9883025027203483 12
1751011917342 0.9869423286180631 13
1751011917977 0.9891186071817193 14
1751011918608 0.9908868335146899 15
1751011919241 0.9895266594124048 16
1751011919875 0.9910228509249184 17
1751011920511 0.9918389553862894 18
1751011921146 0.9915669205658324 19
1751011921781 0.9934711643090316 20
1751011922417 0.9923830250272034 21
1751011923051 0.9933351468988031 22
1751011923687 0.9925190424374319 23
1751011924320 0.9941512513601741 24
1751011924954 0.9934711643090316 25
1751011925593 0.9949673558215452 26
1751011926230 0.9900707290533188 27
1751011926873 0.9933351468988031 28
1751011927508 0.9940152339499456 29
1751011928142 0.9957834602829162 30
1751011928781 0.9938792165397171 31
1751011929423 0.9959194776931447 32
1751011930063 0.9959194776931447 33
1751011930701 0.9959194776931447 34
1751011931344 0.9942872687704026 35
1751011931983 0.9938792165397171 36
1751011932621 0.9877584330794341 37
1751011933262 0.9956474428726877 38
1751011933900 0.9951033732317737 39
1751011934544 0.9963275299238302 40
1751011935190 0.9959194776931447 41
1751011935838 0.9951033732317737 42
1751011936484 0.9949673558215452 43
1751011937128 0.9956474428726877 44
1751011937774 0.9949673558215452 45
1751011938420 0.9952393906420022 46
1751011939068 0.9964635473340587 47
1751011939714 0.9953754080522307 48
1751011940361 0.9955114254624592 49
1751011941007 0.9964635473340587 50
1751011941652 0.9957834602829162 51
1751011942299 0.9948313384113167 52
1751011942944 0.9964635473340587 53
1751011943592 0.9952393906420022 54
1751011944245 0.9986398258977149 55
1751011944895 0.9945593035908596 56
1751011945547 0.9975516866158868 57
1751011946195 0.9986398258977149 58
1751011946847 0.9967355821545157 59
1751011947112 0.9967355821545157 0
1751011909189 0.8483405875952121 0
1751011947112 0.9967355821545157 0
