1751011909254 0.8461326259939436 0
1751011909869 0.9545750926434808 1
1751011910489 0.9697791547766843 2
1751011911110 0.9763194216596806 3
1751011911733 0.9801378879141927 4
1751011912360 0.9810945235900201 5
1751011912990 0.9846293897387572 6
1751011913626 0.9824549265740171 7
1751011914262 0.986126224156692 8
1751011914896 0.9881666309681931 9
1751011915532 0.9874875311601702 10
1751011916162 0.9870791046512426 11
1751011916791 0.9882980477682608 12
1751011917422 0.9869430900050175 13
1751011918057 0.9891183300468473 14
1751011918689 0.9908867187568158 15
1751011919321 0.9895274054289648 16
1751011919957 0.99102297525492 17
1751011920592 0.9918395234021875 18
1751011921228 0.991567321428399 19
1751011921862 0.9934711643090316 20
1751011922499 0.9923795542522126 21
1751011923132 0.9933357407416898 22
1751011923767 0.9925183749688123 23
1751011924401 0.9941511014693094 24
1751011925037 0.993471167073035 25
1751011925675 0.9949675356390217 26
1751011926316 0.9900685227049894 27
1751011926953 0.9933353873412726 28
1751011927589 0.9940155184330575 29
1751011928224 0.9957851794977344 30
1751011928865 0.9938797074811622 31
1751011929505 0.9959187838865986 32
1751011930145 0.9959194776931447 33
1751011930784 0.9959194776931447 34
1751011931426 0.9942875403224638 35
1751011932065 0.9938788731685964 36
1751011932703 0.9877557660914327 37
1751011933344 0.9956463748302338 38
1751011933984 0.9951032485210813 39
1751011934628 0.9963275751280599 40
1751011935274 0.9959196716589027 41
1751011935921 0.9951033732317737 42
1751011936567 0.9949672924477938 43
1751011937212 0.9956476497694962 44
1751011937857 0.9949670246773866 45
1751011938504 0.9952383168238513 46
1751011939152 0.996462942088417 47
1751011939797 0.9953754852790715 48
1751011940444 0.9955112055384101 49
1751011941089 0.9964637934742813 50
1751011941736 0.9957822023798122 51
1751011942383 0.9948312067722525 52
1751011943029 0.9964636333912607 53
1751011943683 0.9952398694397622 54
1751011944330 0.9986399205670313 55
1751011944980 0.9945585605773017 56
1751011945632 0.9975517803878154 57
1751011946281 0.9986397912558559 58
1751011946931 0.9967354990140542 59
1751011947112 0.9967354990140542 0
1751011909254 0.8461326259939436 0
1751011947112 0.9967354990140542 0
