1750948822730 0.8574039975620468 0
1750948823337 0.9562767222980642 1
1750948823960 0.9722394686606609 2
1750948824580 0.9775287860849828 3
1750948825207 0.9819324153843283 4
1750948825836 0.9842158597047668 5
1750948826469 0.9838140390364425 6
1750948827103 0.9855827422391452 7
1750948827737 0.9889972342112759 8
1750948828364 0.9893924188956242 9
1750948828992 0.9902092708629451 10
1750948829618 0.9914312140545648 11
1750948830247 0.9929386885999161 12
1750948830876 0.9922473104183559 13
1750948831506 0.9927971486453865 14
1750948832135 0.9923830250272034 15
1750948832767 0.9927913550579262 16
1750948833395 0.9938805638457193 17
1750948834025 0.9955119887977513 18
1750948834655 0.9956486825694215 19
1750948835288 0.9955148623773877 20
1750948835919 0.9971443714097676 21
1750948836552 0.9957836652653211 22
1750948837189 0.9971436640232362 23
1750948837821 0.9976877475208938 24
1750948838453 0.9967368657995955 25
1750948839087 0.9959196747769818 26
1750948839722 0.9975530589581314 27
1750948840355 0.9980960666638444 28
1750948840992 0.9985039472720437 29
1750948841628 0.9995920397626955 30
1750948842263 0.9976878626700268 31
1750948842898 0.9991842626072757 32
1750948843536 0.9975516866158868 33
1750948844173 0.9976905180669097 34
1750948844810 0.9976884410506817 35
1750948845448 0.9986403000362345 36
1750948846092 0.9979597892697226 37
1750948846733 0.9995920600747327 38
1750948847377 0.9990487237087631 39
1750948848019 0.997280190589202 40
1750948848658 0.9975571513440972 41
1750948849296 0.9986400847081207 42
1750948849937 0.9993207802403794 43
1750948850577 0.999183895538629 44
1750948851219 0.9993208815775944 45
1750948851861 1.0 46
1750948852508 0.9982319190713714 47
1750948852740 0.9982319190713714 0
1750948822730 0.8574039975620468 0
1750948852740 0.9982319190713714 0
