1750948822751 0.8562295973884657 0
1750948823363 0.9563384113166485 1
1750948823985 0.9722524483133841 2
1750948824606 0.9775571273122959 3
1750948825232 0.9819096844396082 4
1750948825862 0.984221980413493 5
1750948826494 0.9838139281828074 6
1750948827129 0.985582154515778 7
1750948827763 0.9889825897714908 8
1750948828390 0.9893906420021763 9
1750948829018 0.9902067464635473 10
1750948829643 0.9914309031556039 11
1750948830273 0.9929270946681176 12
1750948830902 0.9922470076169749 13
1750948831532 0.9927910772578891 14
1750948832161 0.9923830250272034 15
1750948832793 0.9927910772578891 16
1750948833422 0.9938792165397171 17
1750948834051 0.9955114254624592 18
1750948834681 0.9956474428726877 19
1750948835314 0.9955114254624592 20
1750948835945 0.9971436343852013 21
1750948836579 0.9957834602829162 22
1750948837216 0.9971436343852013 23
1750948837847 0.9976877040261154 24
1750948838480 0.9967355821545157 25
1750948839114 0.9959194776931447 26
1750948839749 0.9975516866158868 27
1750948840382 0.9980957562568009 28
1750948841019 0.9985038084874864 29
1750948841654 0.9995919477693145 30
1750948842289 0.9976877040261154 31
1750948842925 0.999183895538629 32
1750948843563 0.9975516866158868 33
1750948844200 0.9976877040261154 34
1750948844837 0.9976877040261154 35
1750948845475 0.9986398258977149 36
1750948846120 0.9979597388465724 37
1750948846762 0.9995919477693145 38
1750948847404 0.9990478781284005 39
1750948848046 0.9972796517954298 40
1750948848686 0.9975516866158868 41
1750948849324 0.9986398258977149 42
1750948849964 0.9993199129488575 43
1750948850605 0.999183895538629 44
1750948851247 0.9993199129488575 45
1750948851894 1.0 46
1750948852535 0.9982317736670294 47
1750948852740 0.9982317736670294 0
1750948822751 0.8562295973884657 0
1750948852740 0.9982317736670294 0
