1750948822710 0.8562295973884657 0
1750948823311 0.9563384113166485 1
1750948823934 0.9722524483133841 2
1750948824554 0.9775571273122959 3
1750948825181 0.9819096844396082 4
1750948825811 0.984221980413493 5
1750948826443 0.9838139281828074 6
1750948827077 0.985582154515778 7
1750948827711 0.9889825897714908 8
1750948828339 0.9893906420021763 9
1750948828966 0.9902067464635473 10
1750948829592 0.9914309031556039 11
1750948830221 0.9929270946681176 12
1750948830850 0.9922470076169749 13
1750948831479 0.9927910772578891 14
1750948832109 0.9923830250272034 15
1750948832740 0.9927910772578891 16
1750948833370 0.9938792165397171 17
1750948833999 0.9955114254624592 18
1750948834629 0.9956474428726877 19
1750948835261 0.9955114254624592 20
1750948835892 0.9971436343852013 21
1750948836525 0.9957834602829162 22
1750948837163 0.9971436343852013 23
1750948837795 0.9976877040261154 24
1750948838426 0.9967355821545157 25
1750948839060 0.9959194776931447 26
1750948839695 0.9975516866158868 27
1750948840329 0.9980957562568009 28
1750948840965 0.9985038084874864 29
1750948841601 0.9995919477693145 30
1750948842236 0.9976877040261154 31
1750948842871 0.999183895538629 32
1750948843509 0.9975516866158868 33
1750948844146 0.9976877040261154 34
1750948844783 0.9976877040261154 35
1750948845421 0.9986398258977149 36
1750948846065 0.9979597388465724 37
1750948846705 0.9995919477693145 38
1750948847350 0.9990478781284005 39
1750948847991 0.9972796517954298 40
1750948848631 0.9975516866158868 41
1750948849269 0.9986398258977149 42
1750948849910 0.9993199129488575 43
1750948850550 0.999183895538629 44
1750948851192 0.9993199129488575 45
1750948851832 1.0 46
1750948852481 0.9982317736670294 47
1750948852740 0.9982317736670294 0
1750948822710 0.8562295973884657 0
1750948852740 0.9982317736670294 0
