1750948822689 0.6322903841636646 0
1750948823286 0.17842346598456033 1
1750948823908 0.10265389158186768 2
1750948824529 0.07964185142121455 3
1750948825155 0.06081475238432303 4
1750948825785 0.05407383780565692 5
1750948826417 0.04572690006292813 6
1750948827051 0.042933708885775815 7
1750948827685 0.03611443091743302 8
1750948828313 0.0331871781778908 9
1750948828940 0.02933567470310497 10
1750948829565 0.02657754624452973 11
1750948830194 0.023810270440767764 12
1750948830824 0.023196729036378427 13
1750948831452 0.023517988856285973 14
1750948832083 0.022738892004102614 15
1750948832714 0.01973202366303851 16
1750948833344 0.017905000588624567 17
1750948833972 0.014739435154719682 18
1750948834602 0.016278866700011267 19
1750948835234 0.015535619265680587 20
1750948835865 0.01456019898214792 21
1750948836499 0.012818125972065211 22
1750948837136 0.011650125847362242 23
1750948837768 0.009957871671730067 24
1750948838400 0.010840274617268468 25
1750948839033 0.013080118007598682 26
1750948839668 0.009235145969853977 27
1750948840302 0.008092684491909433 28
1750948840938 0.0063618974940308146 29
1750948841574 0.004046491424145706 30
1750948842209 0.007643491555445131 31
1750948842844 0.004897423717370652 32
1750948843481 0.007193173486778667 33
1750948844119 0.008555003369348155 34
1750948844756 0.008001560137860003 35
1750948845393 0.00500258897446776 36
1750948846037 0.005818957347504925 37
1750948846678 0.0033787130633439015 38
1750948847323 0.003903591964914873 39
1750948847963 0.007819234631593076 40
1750948848604 0.009544281998367512 41
1750948849242 0.005537725963958634 42
1750948849882 0.003585794085938984 43
1750948850522 0.003394064093434269 44
1750948851164 0.0034279352642346975 45
1750948851804 0.001744612286623463 46
1750948852453 0.00527749725805139 47
1750948852740 0.00527749725805139 0
1750948822689 0.6322903841636646 0
1750948852740 0.00527749725805139 0
