1750948822773 0.8534596930081002 0
1750948823389 0.956269928557649 1
1750948824011 0.9722414634566766 2
1750948824631 0.9775400334785096 3
1750948825258 0.981912277191368 4
1750948825888 0.9842185139146307 5
1750948826520 0.9838139242018239 6
1750948827155 0.9855823330740079 7
1750948827788 0.9889839097404771 8
1750948828416 0.9893910237691681 9
1750948829043 0.9902072119813665 10
1750948829670 0.9914310086321397 11
1750948830299 0.9929278750420722 12
1750948830928 0.9922467081304341 13
1750948831559 0.9927916554778132 14
1750948832188 0.9923830250272034 15
1750948832819 0.9927911659921176 16
1750948833448 0.9938794373542299 17
1750948834077 0.9955112520755145 18
1750948834707 0.9956474174969353 19
1750948835340 0.9955110725599637 20
1750948835972 0.997143545064654 21
1750948836605 0.9957835121840689 22
1750948837242 0.9971435984163153 23
1750948837873 0.9976876749084458 24
1750948838506 0.9967354121697062 25
1750948839141 0.9959193737675678 26
1750948839776 0.9975515591272798 27
1750948840409 0.9980957077581983 28
1750948841046 0.9985038269040244 29
1750948841681 0.9995919426309022 30
1750948842316 0.9976877324880378 31
1750948842952 0.9991838747535136 32
1750948843590 0.9975516866158868 33
1750948844227 0.9976878397796959 34
1750948844864 0.997687614705568 35
1750948845503 0.9986398589966387 36
1750948846147 0.997959713154511 37
1750948846790 0.9995919527920066 38
1750948847432 0.9990478413493515 39
1750948848073 0.9972797179932774 40
1750948848713 0.9975518681016714 41
1750948849351 0.9986398448946169 42
1750948849992 0.9993198866781082 43
1750948850632 0.999183895538629 44
1750948851274 0.9993199374838034 45
1750948851922 1.0 46
1750948852562 0.9982317954320288 47
1750948852740 0.9982317954320288 0
1750948822773 0.8534596930081002 0
1750948852740 0.9982317954320288 0
