1751011743456 0.8272578890097932 0
1751011744055 0.9518498367791077 1
1751011744677 0.9674918389553863 2
1751011745300 0.9756528835690969 3
1751011745926 0.9790533188248096 4
1751011746554 0.9816376496191512 5
1751011747188 0.9808215451577802 6
1751011747822 0.9835418933623504 7
1751011748460 0.9866702937976061 8
1751011749087 0.9878944504896626 9
1751011749718 0.9895266594124048 10
1751011750347 0.9869423286180631 11
1751011750980 0.9891186071817193 12
1751011751612 0.9904787812840044 13
1751011752246 0.9904787812840044 14
1751011752881 0.9880304678998912 15
1751011753519 0.9911588683351469 16
1751011754154 0.9933351468988031 17
1751011754788 0.9937431991294886 18
1751011755422 0.9940152339499456 19
1751011756058 0.9938792165397171 20
1751011756696 0.9942872687704026 21
1751011757336 0.9945593035908596 22
1751011757972 0.9910228509249184 23
1751011758608 0.9911588683351469 24
1751011759250 0.9944232861806311 25
1751011759889 0.9931991294885746 26
1751011760526 0.9945593035908596 27
1751011761165 0.9959194776931447 28
1751011761799 0.9949673558215452 29
1751011762439 0.9952393906420022 30
1751011763077 0.9970076169749728 31
1751011763714 0.9945593035908596 32
1751011764354 0.9967355821545157 33
1751011764992 0.9942872687704026 34
1751011765628 0.9936071817192601 35
1751011766266 0.9941512513601741 36
1751011766907 0.9957834602829162 37
1751011767544 0.9951033732317737 38
1751011768185 0.9960554951033732 39
1751011768824 0.9948313384113167 40
1751011769467 0.9968715995647442 41
1751011770109 0.9970076169749728 42
1751011770749 0.9957834602829162 43
1751011771391 0.9949673558215452 44
1751011772031 0.9963275299238302 45
1751011772674 0.9963275299238302 46
1751011773318 0.9944232861806311 47
1751011773959 0.9974156692056583 48
1751011774599 0.9956474428726877 49
1751011775242 0.9968715995647442 50
1751011775888 0.9971436343852013 51
1751011776532 0.9980957562568009 52
1751011777177 0.9971436343852013 53
1751011777823 0.9970076169749728 54
1751011778469 0.9961915125136017 55
1751011779115 0.9963275299238302 56
1751011779758 0.9961915125136017 57
1751011780406 0.9975516866158868 58
1751011781052 0.9979597388465724 59
1751011781697 0.9941512513601741 60
1751011782344 0.9979597388465724 61
1751011782992 0.9970076169749728 62
1751011783639 0.9975516866158868 63
1751011784288 0.9965995647442872 64
1751011784939 0.9965995647442872 65
1751011785589 0.9970076169749728 66
1751011786240 0.9976877040261154 67
1751011786889 0.9972796517954298 68
1751011787158 0.9972796517954298 0
1751011743456 0.8272578890097932 0
1751011787158 0.9972796517954298 0
