1751011743477 0.826830001668497 0
1751011744081 0.9518644138512845 1
1751011744703 0.9674527059891979 2
1751011745327 0.9756278598412518 3
1751011745952 0.9790672021843322 4
1751011746580 0.9816471405650387 5
1751011747215 0.9808071298113091 6
1751011747848 0.9835358347364448 7
1751011748486 0.9866722442376885 8
1751011749114 0.9878980592046553 9
1751011749744 0.9895293708773024 10
1751011750373 0.9869423286180631 11
1751011751007 0.9891195339070076 12
1751011751639 0.9904787812840044 13
1751011752273 0.9904786161793362 14
1751011752909 0.9880310966349594 15
1751011753546 0.9911628157602008 16
1751011754180 0.9933398004396685 17
1751011754815 0.9937446730811242 18
1751011755449 0.9940132501703978 19
1751011756085 0.9938851284798985 20
1751011756723 0.9942940691102574 21
1751011757363 0.9945593035908596 22
1751011757999 0.9910274985781059 23
1751011758635 0.9911905194025245 24
1751011759277 0.9944237855126177 25
1751011759916 0.9932000287792734 26
1751011760553 0.9945593035908596 27
1751011761192 0.9959206726410597 28
1751011761826 0.9949696807989623 29
1751011762466 0.9952396088639766 30
1751011763104 0.9970091608023909 31
1751011763742 0.9945556642923361 32
1751011764381 0.9967361468103892 33
1751011765019 0.994294278818171 34
1751011765655 0.9936069337801222 35
1751011766293 0.9941544255735629 36
1751011766934 0.9957836652653211 37
1751011767572 0.9951040415015401 38
1751011768213 0.9960565930271992 39
1751011768851 0.9948334441298387 40
1751011769494 0.9968745036486871 41
1751011770137 0.9970076169749728 42
1751011770777 0.9957864566831686 43
1751011771419 0.9949692557544618 44
1751011772058 0.9963295987262665 45
1751011772701 0.9963282341563876 46
1751011773345 0.9944232465349481 47
1751011773986 0.9974163845190654 48
1751011774627 0.995646712689006 49
1751011775270 0.9968737053359551 50
1751011775916 0.9971456562580683 51
1751011776560 0.9980957562568009 52
1751011777205 0.9971436640232362 53
1751011777851 0.9970078970577543 54
1751011778497 0.9961927370272383 55
1751011779143 0.9963282909573945 56
1751011779786 0.9961956884867227 57
1751011780434 0.9975522124786086 58
1751011781080 0.997960497582298 59
1751011781725 0.9941509168563114 60
1751011782372 0.9979607098541392 61
1751011783020 0.997007946821901 62
1751011783667 0.9975519686921288 63
1751011784316 0.9966002149242165 64
1751011784968 0.9966002149242165 65
1751011785618 0.9970116876714604 66
1751011786268 0.9976877475208938 67
1751011786917 0.9972799197062711 68
1751011787158 0.9972799197062711 0
1751011743477 0.826830001668497 0
1751011787158 0.9972799197062711 0
