1751011743436 0.6566624085259775 0
1751011744029 0.2018670658129992 1
1751011744651 0.11853580414778649 2
1751011745274 0.08898015760525785 3
1751011745899 0.070848914532151 4
1751011746527 0.06098196210422765 5
1751011747162 0.06037018664173125 6
1751011747796 0.052096605430619634 7
1751011748434 0.044324813755198714 8
1751011749061 0.040574717672868056 9
1751011749692 0.03831001335929297 10
1751011750320 0.03818542301914248 11
1751011750954 0.03479384173668507 12
1751011751586 0.031118204588145505 13
1751011752219 0.030776874637545387 14
1751011752854 0.036815156730477645 15
1751011753492 0.030161917960561075 16
1751011754127 0.026284720588544377 17
1751011754761 0.024613018074175253 18
1751011755396 0.02250131853664612 19
1751011756031 0.021666458073164356 20
1751011756669 0.02104572231361442 21
1751011757309 0.01915184179801287 22
1751011757945 0.02867327375343562 23
1751011758581 0.025539921984781833 24
1751011759222 0.02045610256977501 25
1751011759862 0.0217739533596511 26
1751011760498 0.018089760550408257 27
1751011761138 0.015057911220036033 28
1751011761772 0.015735023019083402 29
1751011762412 0.01579422560105986 30
1751011763050 0.013389175460583675 31
1751011763687 0.020244892617186958 32
1751011764327 0.013325164739601922 33
1751011764965 0.019884100379432442 34
1751011765601 0.02440931955990873 35
1751011766239 0.018133238862928357 36
1751011766880 0.014717920979746375 37
1751011767517 0.01586030701365853 38
1751011768158 0.01525536428942417 39
1751011768797 0.015526749748002912 40
1751011769440 0.01240762523415988 41
1751011770081 0.01226333380748758 42
1751011770721 0.015909983192786362 43
1751011771364 0.0170370697943743 44
1751011772003 0.012164707194762436 45
1751011772647 0.012595990966469399 46
1751011773290 0.017843217193225035 47
1751011773931 0.01393071882200242 48
1751011774572 0.01781950942651086 49
1751011775214 0.015892895139243062 50
1751011775860 0.012640446368746776 51
1751011776503 0.01028606899450528 52
1751011777149 0.010789562477066432 53
1751011777795 0.01206824048427344 54
1751011778441 0.012099971563045556 55
1751011779087 0.013484845476547283 56
1751011779730 0.012591114221596776 57
1751011780378 0.010297223176174798 58
1751011781024 0.009041033103764138 59
1751011781669 0.02245109247639613 60
1751011782316 0.012260276835383412 61
1751011782964 0.01292815913625621 62
1751011783611 0.009839764673321613 63
1751011784260 0.011895109758478253 64
1751011784910 0.011123087009115061 65
1751011785560 0.011733313310628917 66
1751011786211 0.010270455138204503 67
1751011786860 0.011041374047366867 68
1751011787158 0.011041374047366867 0
1751011743436 0.6566624085259775 0
1751011787158 0.011041374047366867 0
