1751011743521 0.8240705227419669 0
1751011744133 0.9517163895705356 1
1751011744756 0.9674562374873005 2
1751011745379 0.9756392697789209 3
1751011746004 0.9790435424848133 4
1751011746633 0.9816392235202466 5
1751011747267 0.9808139918926685 6
1751011747902 0.9835385852458638 7
1751011748537 0.9866707657945726 8
1751011749166 0.9878934370211003 9
1751011749796 0.9895271535563285 10
1751011750426 0.9869423286180631 11
1751011751060 0.9891188719731097 12
1751011751692 0.9904787812840044 13
1751011752327 0.9904776514362843 14
1751011752960 0.9880301469561549 15
1751011753599 0.9911593441868396 16
1751011754232 0.9933356052403468 17
1751011754868 0.9937434171154863 18
1751011755501 0.9940141935391505 19
1751011756138 0.9938797074811622 20
1751011756777 0.9942869952137744 21
1751011757416 0.9945593035908596 22
1751011758054 0.9910233854048414 23
1751011758691 0.9911602382703719 24
1751011759332 0.9944232745330132 25
1751011759970 0.9931987753535546 26
1751011760608 0.9945593035908596 27
1751011761245 0.9959192652121328 28
1751011761880 0.994968170423521 29
1751011762523 0.9952394492400777 30
1751011763159 0.9970082354339923 31
1751011763796 0.9945572831916402 32
1751011764435 0.9967356615919328 33
1751011765072 0.9942870723938502 34
1751011765709 0.9936062006291861 35
1751011766348 0.9941515787658688 36
1751011766989 0.9957835121840689 37
1751011767626 0.9951031968361096 38
1751011768267 0.9960557819310737 39
1751011768906 0.9948315841012768 40
1751011769549 0.9968717832313534 41
1751011770191 0.9970076169749728 42
1751011770832 0.9957836241499195 43
1751011771473 0.9949670425770708 44
1751011772113 0.9963276940465038 45
1751011772756 0.9963276234806124 46
1751011773400 0.9944232159556634 47
1751011774040 0.9974155693768114 48
1751011774682 0.9956469680933794 49
1751011775326 0.9968717775446989 50
1751011775971 0.9971437704180703 51
1751011776616 0.9980957562568009 52
1751011777260 0.9971435984163153 53
1751011777907 0.9970073989904759 54
1751011778553 0.9961913141979906 55
1751011779199 0.9963273917901205 56
1751011779842 0.9961917775876875 57
1751011780490 0.9975517461939497 58
1751011781136 0.9979596600343248 59
1751011781781 0.994150533481957 60
1751011782429 0.9979595884798418 61
1751011783076 0.9970076689524477 62
1751011783723 0.9975516242605407 63
1751011784373 0.9965994333905414 64
1751011785024 0.9965994333905414 65
1751011785674 0.9970078252474687 66
1751011786325 0.9976876749084458 67
1751011786973 0.9972795825117118 68
1751011787158 0.9972795825117118 0
1751011743521 0.8240705227419669 0
1751011787158 0.9972795825117118 0
