1751011743499 0.8272578890097932 0
1751011744107 0.9518498367791077 1
1751011744730 0.9674918389553863 2
1751011745353 0.9756528835690969 3
1751011745978 0.9790533188248096 4
1751011746607 0.9816376496191512 5
1751011747241 0.9808215451577802 6
1751011747875 0.9835418933623504 7
1751011748512 0.9866702937976061 8
1751011749140 0.9878944504896626 9
1751011749770 0.9895266594124048 10
1751011750400 0.9869423286180631 11
1751011751034 0.9891186071817193 12
1751011751665 0.9904787812840044 13
1751011752300 0.9904787812840044 14
1751011752934 0.9880304678998912 15
1751011753573 0.9911588683351469 16
1751011754206 0.9933351468988031 17
1751011754842 0.9937431991294886 18
1751011755475 0.9940152339499456 19
1751011756112 0.9938792165397171 20
1751011756750 0.9942872687704026 21
1751011757390 0.9945593035908596 22
1751011758026 0.9910228509249184 23
1751011758663 0.9911588683351469 24
1751011759304 0.9944232861806311 25
1751011759943 0.9931991294885746 26
1751011760581 0.9945593035908596 27
1751011761219 0.9959194776931447 28
1751011761853 0.9949673558215452 29
1751011762496 0.9952393906420022 30
1751011763131 0.9970076169749728 31
1751011763769 0.9945593035908596 32
1751011764408 0.9967355821545157 33
1751011765046 0.9942872687704026 34
1751011765683 0.9936071817192601 35
1751011766320 0.9941512513601741 36
1751011766962 0.9957834602829162 37
1751011767599 0.9951033732317737 38
1751011768240 0.9960554951033732 39
1751011768879 0.9948313384113167 40
1751011769522 0.9968715995647442 41
1751011770164 0.9970076169749728 42
1751011770804 0.9957834602829162 43
1751011771446 0.9949673558215452 44
1751011772086 0.9963275299238302 45
1751011772729 0.9963275299238302 46
1751011773373 0.9944232861806311 47
1751011774013 0.9974156692056583 48
1751011774655 0.9956474428726877 49
1751011775298 0.9968715995647442 50
1751011775944 0.9971436343852013 51
1751011776588 0.9980957562568009 52
1751011777233 0.9971436343852013 53
1751011777879 0.9970076169749728 54
1751011778525 0.9961915125136017 55
1751011779171 0.9963275299238302 56
1751011779814 0.9961915125136017 57
1751011780462 0.9975516866158868 58
1751011781108 0.9979597388465724 59
1751011781754 0.9941512513601741 60
1751011782401 0.9979597388465724 61
1751011783048 0.9970076169749728 62
1751011783695 0.9975516866158868 63
1751011784345 0.9965995647442872 64
1751011784996 0.9965995647442872 65
1751011785646 0.9970076169749728 66
1751011786297 0.9976877040261154 67
1751011786945 0.9972796517954298 68
1751011787158 0.9972796517954298 0
1751011743499 0.8272578890097932 0
1751011787158 0.9972796517954298 0
