1750930999419 0.6811751904243744 0
1750931000017 0.8710554951033732 1
1750931000632 0.9251904243743199 2
1750931001250 0.9434167573449401 3
1750931001870 0.9514417845484222 4
1750931002491 0.9605549510337323 5
1750931003113 0.9680359085963003 6
1750931003734 0.9699401523394995 7
1750931004356 0.9736126224156693 8
1750931004978 0.9767410228509249 9
1750931005602 0.9783732317736671 10
1750931006226 0.9790533188248096 11
1750931006849 0.97810119695321 12
1750931007470 0.9787812840043526 13
1750931008093 0.9810935799782372 14
1750931008716 0.9806855277475517 15
1750931009339 0.9795973884657236 16
1750931009963 0.9820457018498367 17
1750931010587 0.9829978237214363 18
1750931011212 0.9840859630032645 19
1750931011837 0.98449401523395 20
1750931012462 0.98449401523395 21
1750931013087 0.986126224156692 22
1750931013713 0.9857181719260065 23
1750931014342 0.9868063112078346 24
1750931014969 0.984766050054407 25
1750931015596 0.9874863982589771 26
1750931016224 0.9896626768226333 27
1750931016852 0.9874863982589771 28
1750931017480 0.9880304678998912 29
1750931018108 0.9888465723612623 30
1750931018737 0.9877584330794341 31
1750931019366 0.9878944504896626 32
1750931019995 0.9896626768226333 33
1750931020626 0.9887105549510338 34
1750931021261 0.9884385201305768 35
1750931021891 0.9888465723612623 36
1750931022525 0.9884385201305768 37
1750931023162 0.9899347116430903 38
1750931023799 0.9888465723612623 39
1750931024432 0.9922470076169749 40
1750931025071 0.9903427638737758 41
1750931025708 0.9914309031556039 42
1750931026340 0.9919749727965179 43
1750931026977 0.9918389553862894 44
1750931027617 0.9911588683351469 45
1750931028255 0.9907508161044614 46
1750931028893 0.9918389553862894 47
1750931029529 0.9919749727965179 48
1750931030168 0.9910228509249184 49
1750931030808 0.9917029379760609 50
1750931031446 0.9895266594124048 51
1750931032082 0.9907508161044614 52
1750931032721 0.9922470076169749 53
1750931033359 0.9940152339499456 54
1750931033998 0.9936071817192601 55
1750931034639 0.9923830250272034 56
1750931035281 0.9906147986942329 57
1750931035925 0.9919749727965179 58
1750931036564 0.9933351468988031 59
1750931037209 0.9926550598476604 60
1750931037852 0.9922470076169749 61
1750931038491 0.9936071817192601 62
1750931039136 0.9927910772578891 63
1750931039776 0.9914309031556039 64
1750931040421 0.9919749727965179 65
1750931041063 0.9940152339499456 66
1750931041707 0.9938792165397171 67
1750931042349 0.9925190424374319 68
1750931042992 0.9938792165397171 69
1750931043635 0.9946953210010882 70
1750931044279 0.9933351468988031 71
1750931044925 0.9933351468988031 72
1750931045575 0.9927910772578891 73
1750931046219 0.9927910772578891 74
1750931046868 0.9925190424374319 75
1750931047514 0.9925190424374319 76
1750931048161 0.9952393906420022 77
1750931048810 0.9959194776931447 78
1750931049458 0.9931991294885746 79
1750931050105 0.9937431991294886 80
1750931050754 0.9949673558215452 81
1750931051411 0.9952393906420022 82
1750931052064 0.9941512513601741 83
1750931052717 0.9940152339499456 84
1750931053369 0.9959194776931447 85
1750931054023 0.9944232861806311 86
1750931054674 0.9908868335146899 87
1750931055324 0.9941512513601741 88
1750931055983 0.9937431991294886 89
1750931056638 0.9944232861806311 90
1750931057296 0.9956474428726877 91
1750931057947 0.9945593035908596 92
1750931058603 0.9961915125136017 93
1750931059264 0.9945593035908596 94
1750931059920 0.9949673558215452 95
1750931060576 0.9942872687704026 96
1750931061232 0.9946953210010882 97
1750931061886 0.9960554951033732 98
1750931062169 0.9960554951033732 0
1750930999419 0.6811751904243744 0
1750931062169 0.9960554951033732 0
