1750930999484 0.677225445107361 0
1750931000094 0.8663936515276791 1
1750931000709 0.9245417901448154 2
1750931001329 0.9431582644344448 3
1750931001949 0.9513459499115511 4
1750931002568 0.9604890523346652 5
1750931003191 0.9679915218349048 6
1750931003812 0.9698951221762204 7
1750931004433 0.9736136396193402 8
1750931005056 0.9767328092059372 9
1750931005681 0.9783859272355663 10
1750931006304 0.9790411119884118 11
1750931006927 0.9780885868980124 12
1750931007547 0.9787841377310925 13
1750931008172 0.9810911249284405 14
1750931008795 0.9806814189568696 15
1750931009418 0.9796008907293382 16
1750931010043 0.9820446154042544 17
1750931010667 0.982991194583519 18
1750931011292 0.9840820837389002 19
1750931011917 0.9844935531788085 20
1750931012540 0.9844968207682281 21
1750931013167 0.9861282312393463 22
1750931013793 0.9857202588301265 23
1750931014422 0.9868143888850209 24
1750931015049 0.9847648648395433 25
1750931015676 0.9874859484666608 26
1750931016305 0.9896629532060529 27
1750931016933 0.9874858202095567 28
1750931017561 0.9880337995789457 29
1750931018190 0.9888489594633346 30
1750931018817 0.9877520829607528 31
1750931019447 0.9878916379748899 32
1750931020077 0.9896599583089518 33
1750931020707 0.9887088059853321 34
1750931021342 0.9884387788573923 35
1750931021972 0.9888505119883038 36
1750931022607 0.9884338189733096 37
1750931023245 0.9899319478981141 38
1750931023881 0.9888477504348342 39
1750931024515 0.992245757501105 40
1750931025154 0.9903433349435847 41
1750931025789 0.9914298752470294 42
1750931026423 0.9919722459781781 43
1750931027061 0.9918394692303474 44
1750931027700 0.9911615756698643 45
1750931028339 0.9907525529714696 46
1750931028976 0.9918380454608787 47
1750931029612 0.9919770679086223 48
1750931030252 0.9910208381093397 49
1750931030891 0.9916983593895746 50
1750931031529 0.9895275772974735 51
1750931032166 0.9907519290530578 52
1750931032804 0.9922466293164898 53
1750931033442 0.9940159849529199 54
1750931034082 0.9936073936626288 55
1750931034724 0.992384758988891 56
1750931035366 0.9906133923886684 57
1750931036009 0.9919749043754185 58
1750931036649 0.9933346863808347 59
1750931037295 0.9926552709874973 60
1750931037936 0.9922498800054866 61
1750931038576 0.9936078143378313 62
1750931039220 0.9927901169942969 63
1750931039862 0.9914325690185919 64
1750931040506 0.9919736521206423 65
1750931041148 0.9940135167105151 66
1750931041792 0.9938799959658715 67
1750931042434 0.9925196632541187 68
1750931043077 0.9938807321829668 69
1750931043722 0.9946955913676837 70
1750931044365 0.9933355403455137 71
1750931045012 0.9933333548046023 72
1750931045659 0.9927885771489551 73
1750931046305 0.9927902622824254 74
1750931046954 0.9925157662301681 75
1750931047600 0.9925197529192545 76
1750931048247 0.9952395616780364 77
1750931048896 0.9959200481545543 78
1750931049544 0.9931993892180272 79
1750931050192 0.9937416887152095 80
1750931050840 0.9949678590073222 81
1750931051498 0.9952393571085241 82
1750931052151 0.9941521541726996 83
1750931052804 0.9940141703649821 84
1750931053456 0.9959197673667914 85
1750931054111 0.9944247450049709 86
1750931054762 0.9908900380254455 87
1750931055415 0.9941514931811527 88
1750931056071 0.9937420077681717 89
1750931056726 0.9944249132641592 90
1750931057384 0.9956470491196763 91
1750931058035 0.994558323600418 92
1750931058691 0.9961923066207531 93
1750931059352 0.9945582840452787 94
1750931060008 0.9949672336683051 95
1750931060665 0.994286531637369 96
1750931061320 0.9946970669593986 97
1750931061974 0.996054128753469 98
1750931062169 0.996054128753469 0
1750930999484 0.677225445107361 0
1750931062169 0.996054128753469 0
