1750930999398 1.1556124264968233 0
1750930999991 0.7143752288896189 1
1750931000606 0.4785959671643665 2
1750931001224 0.35443183221936353 3
1750931001844 0.2828844028633489 4
1750931002465 0.2269919004546675 5
1750931003087 0.1886086154716967 6
1750931003706 0.16051896722324524 7
1750931004330 0.14220004047189105 8
1750931004951 0.1249282477997138 9
1750931005576 0.11405170583232054 10
1750931006200 0.10372191087886999 11
1750931006821 0.09621469759188747 12
1750931007443 0.08977186887386185 13
1750931008066 0.08015573562261719 14
1750931008689 0.0783952511117365 15
1750931009312 0.07723378200769035 16
1750931009937 0.07207835541472601 17
1750931010560 0.06844032338543737 18
1750931011185 0.061020291344515 19
1750931011810 0.05850860440011123 20
1750931012435 0.058629968577552025 21
1750931013060 0.05348572847195237 22
1750931013686 0.051526769999743025 23
1750931014315 0.049090309690793525 24
1750931014942 0.052296821119200934 25
1750931015569 0.047162965904836165 26
1750931016197 0.044156940761341495 27
1750931016824 0.044139759870442656 28
1750931017452 0.04245641560854149 29
1750931018081 0.038561698657352074 30
1750931018710 0.04234043125395579 31
1750931019339 0.04131137819756005 32
1750931019968 0.0355004982995447 33
1750931020599 0.038227451568970026 34
1750931021233 0.038652297759973836 35
1750931021863 0.03527982132934982 36
1750931022497 0.03413027016267634 37
1750931023133 0.03262041748873282 38
1750931023772 0.03408715004604046 39
1750931024405 0.028989577371529806 40
1750931025043 0.03192668718055815 41
1750931025680 0.029371658053175143 42
1750931026313 0.028079243432081853 43
1750931026950 0.027228538818977636 44
1750931027589 0.02911081416958029 45
1750931028227 0.029620294636510662 46
1750931028865 0.026922126347756457 47
1750931029501 0.024858715160120524 48
1750931030141 0.027212757950139933 49
1750931030780 0.027930017239976596 50
1750931031418 0.02831703171912293 51
1750931032054 0.02791996881613048 52
1750931032693 0.026188899402155 53
1750931033331 0.02264884820256597 54
1750931033970 0.02464219917755035 55
1750931034610 0.02324130448540095 56
1750931035253 0.026196525351096744 57
1750931035896 0.02454703981239223 58
1750931036536 0.023636876298894983 59
1750931037181 0.022640263832374895 60
1750931037823 0.02401244888331445 61
1750931038463 0.02060800895421189 62
1750931039107 0.02209818047462224 63
1750931039747 0.024970231598402223 64
1750931040392 0.02315902846251737 65
1750931041034 0.02313102222776387 66
1750931041678 0.021384434828482023 67
1750931042320 0.020436362696049475 68
1750931042964 0.02009976046439564 69
1750931043606 0.01879828778461384 70
1750931044251 0.020695755766680358 71
1750931044897 0.018942763615436082 72
1750931045545 0.023436006450198665 73
1750931046190 0.02218536147873107 74
1750931046840 0.021112618179205435 75
1750931047485 0.0220290876890029 76
1750931048132 0.017291318829666915 77
1750931048781 0.016137099762267806 78
1750931049429 0.017573078322580024 79
1750931050075 0.020843421205041183 80
1750931050725 0.017158418247005997 81
1750931051381 0.016988049037561986 82
1750931052035 0.018580244553616926 83
1750931052687 0.017587235488146502 84
1750931053339 0.016469692040925948 85
1750931053994 0.01839491064352175 86
1750931054645 0.025004824636133148 87
1750931055295 0.017539341361069355 88
1750931055954 0.02050804228915086 89
1750931056608 0.018190657441789066 90
1750931057266 0.014565012971561512 91
1750931057917 0.01697208002585638 92
1750931058573 0.01413575527514103 93
1750931059234 0.018132472529113534 94
1750931059890 0.01706663559629735 95
1750931060546 0.017796666964116355 96
1750931061202 0.017699962095240936 97
1750931061856 0.013681124141645011 98
1750931062169 0.013681124141645011 0
1750930999398 1.1556124264968233 0
1750931062169 0.013681124141645011 0
