1750930999440 0.6784917394168378 0
1750931000043 0.8758313289702885 1
1750931000658 0.926286147654987 2
1750931001276 0.9436783473535382 3
1750931001897 0.9515943107508483 4
1750931002517 0.9607046766827008 5
1750931003139 0.9682404881944728 6
1750931003760 0.9701730416044636 7
1750931004382 0.9736354386742041 8
1750931005004 0.9767738341662952 9
1750931005628 0.9784601296366204 10
1750931006252 0.9791556104338014 11
1750931006875 0.9783316627225216 12
1750931007496 0.9788308638275456 13
1750931008119 0.9811561983268398 14
1750931008743 0.9807581065422692 15
1750931009365 0.9796393772687924 16
1750931009990 0.9820919312020869 17
1750931010613 0.9830672935227687 18
1750931011239 0.9841069379566123 19
1750931011864 0.9845611671567817 20
1750931012488 0.9845462182323 21
1750931013114 0.9862076042514576 22
1750931013739 0.9857971854653669 23
1750931014369 0.9868330491569167 24
1750931014995 0.9848236137043092 25
1750931015623 0.9875313080388184 26
1750931016251 0.9896723788024175 27
1750931016879 0.9875281299146338 28
1750931017506 0.9880412811883326 29
1750931018136 0.988858055974865 30
1750931018764 0.9878163091165362 31
1750931019393 0.9879143132501657 32
1750931020022 0.9896895200279534 33
1750931020654 0.9887310963343876 34
1750931021288 0.9884743102048885 35
1750931021918 0.9888637661511305 36
1750931022551 0.9884964219434852 37
1750931023190 0.989976591509136 38
1750931023826 0.9888639513927779 39
1750931024460 0.9922618224120027 40
1750931025099 0.9903811688105961 41
1750931025734 0.9914598541106706 42
1750931026368 0.9920004412452486 43
1750931027005 0.9918443995304783 44
1750931027645 0.9911805460786378 45
1750931028283 0.9907809441319891 46
1750931028920 0.9918858686011796 47
1750931029557 0.9919908846505378 48
1750931030196 0.9910694286273933 49
1750931030835 0.9917494868130925 50
1750931031474 0.9895594253855752 51
1750931032110 0.9907684810417957 52
1750931032749 0.9922627836291095 53
1750931033386 0.9940252463372008 54
1750931034026 0.9936150411212098 55
1750931034668 0.9923896895062204 56
1750931035309 0.9906525133817027 57
1750931035953 0.9920079933135038 58
1750931036593 0.9933588238871336 59
1750931037238 0.9926758890960511 60
1750931037880 0.9922738681442441 61
1750931038520 0.9936349376541458 62
1750931039164 0.9928118592059703 63
1750931039804 0.9914489811711651 64
1750931040449 0.9920026987795317 65
1750931041091 0.9940396367719107 66
1750931041735 0.9938943536651612 67
1750931042377 0.9925375495102504 68
1750931043021 0.9938874242111384 69
1750931043664 0.9947034293293113 70
1750931044308 0.9933479635426528 71
1750931044954 0.9933428328480872 72
1750931045604 0.9928152820408472 73
1750931046248 0.9928075486627409 74
1750931046897 0.9925729695728271 75
1750931047542 0.9925464458457371 76
1750931048190 0.9952455982149128 77
1750931048839 0.9959411514905595 78
1750931049486 0.9932135549986641 79
1750931050134 0.9937967078085047 80
1750931050782 0.9949826083722197 81
1750931051440 0.9952513469986275 82
1750931052093 0.9941542719049752 83
1750931052746 0.994030651813459 84
1750931053398 0.9959232981239405 85
1750931054052 0.9944285028737326 86
1750931054704 0.9909052674542108 87
1750931055353 0.9941693447864288 88
1750931056013 0.9937593248595548 89
1750931056667 0.9944388380830564 90
1750931057325 0.9956532656451379 91
1750931057976 0.994570149553074 92
1750931058632 0.9961939060414785 93
1750931059293 0.9945677664170977 94
1750931059950 0.9949732406139719 95
1750931060606 0.9942974884087553 96
1750931061262 0.9947061478912376 97
1750931061916 0.9960602081383076 98
1750931062169 0.9960602081383076 0
1750930999440 0.6784917394168378 0
1750931062169 0.9960602081383076 0
