1750855286081 1.4422578039833458 0
1750855286331 1.1003344415710332 1
1750855286584 0.9185252291463535 2
1750855286839 0.7676669261271338 3
1750855287094 0.6448552268633256 4
1750855287348 0.5549099146995503 5
1750855287602 0.49205605830020305 6
1750855287857 0.4348354354516985 7
1750855288113 0.3879337536821687 8
1750855288368 0.35050475941129816 9
1750855288624 0.31925169599847514 10
1750855288882 0.2902632764620672 11
1750855289139 0.26417660969385515 12
1750855289397 0.24160610260979007 13
1750855289653 0.227936396969156 14
1750855289908 0.21100913508672578 15
1750855290165 0.19085472202793946 16
1750855290422 0.17840410965992395 17
1750855290680 0.17031837803624789 18
1750855290940 0.15755615963056374 19
1750855291196 0.1439122170761179 20
1750855291453 0.13946314759236295 21
1750855291709 0.12908354177017076 22
1750855291966 0.1235195810990702 23
1750855292222 0.12101697849598232 24
1750855292480 0.11799581109731579 25
1750855292737 0.11197365316946437 26
1750855292993 0.1031485192712814 27
1750855293251 0.10280241008941185 28
1750855293508 0.09776392866886739 29
1750855293767 0.09647215274491948 30
1750855294027 0.09255362514475354 31
1750855294286 0.08522334259096634 32
1750855294547 0.08401214621628719 33
1750855294806 0.0840022270775464 34
1750855295066 0.07833075687143307 35
1750855295325 0.0755392788900255 36
1750855295584 0.07613612274042411 37
1750855295843 0.07030647304375232 38
1750855296103 0.06666792432196901 39
1750855296361 0.06778586563432308 40
1750855296621 0.06593757626621845 41
1750855296882 0.0656888571378326 42
1750855297141 0.06283763685021489 43
1750855297401 0.06380267639090109 44
1750855297664 0.06034856441231106 45
1750855297924 0.06035299522962352 46
1750855298185 0.05589910438922725 47
1750855298446 0.055304685220430416 48
1750855298706 0.05357957715259802 49
1750855298969 0.052939074359209935 50
1750855299232 0.05039377240170203 51
1750855299492 0.05026127426794875 52
1750855299753 0.049278645953558735 53
1750855300015 0.048770664306408175 54
1750855300278 0.046108616321419604 55
1750855300541 0.04510441133438309 56
1750855300804 0.04284468288325641 57
1750855301067 0.04397327398173957 58
1750855301329 0.04289803457556858 59
1750855301590 0.04316153655373881 60
1750855301852 0.04178235224236342 61
1750855302114 0.03999224755106346 62
1750855302376 0.037780716634224755 63
1750855302640 0.03839186539263409 64
1750855302902 0.039163954284394786 65
1750855303165 0.03700638152618403 66
1750855303429 0.03830062435844648 67
1750855303692 0.03370115187442715 68
1750855303956 0.038427843561272365 69
1750855304219 0.03491674125664771 70
1750855304483 0.03639062934264265 71
1750855304748 0.03610788321404255 72
1750855305013 0.031955028039943406 73
1750855305279 0.032988739212097294 74
1750855305544 0.030297296616259933 75
1750855305809 0.03243696438483042 76
1750855306074 0.029836579346553028 77
1750855306340 0.03023238119925651 78
1750855306605 0.030482429090858933 79
1750855306874 0.028642009741041943 80
1750855286081 1.4422578039833458 0
