1750856172084 1.2744008893546395 0
1750856172541 0.7852452892862803 1
1750856173004 0.5324020396768074 2
1750856173467 0.37972030400321843 3
1750856173931 0.2881152420198308 4
1750856174395 0.22409183223112622 5
1750856174860 0.18011292790886627 6
1750856175326 0.14943580691002398 7
1750856175791 0.1284229887793321 8
1750856176258 0.11153465692638961 9
1750856176722 0.09680262957907346 10
1750856177197 0.08776673875643716 11
1750856177663 0.07891396050046526 12
1750856178128 0.06969898588493288 13
1750856178593 0.06252255279396511 14
1750856179059 0.05970994270202968 15
1750856179525 0.054575280956234845 16
1750856179992 0.051578725137878555 17
1750856180460 0.048472044119962025 18
1750856180926 0.043595716341016603 19
1750856181392 0.04084204385610413 20
1750856181858 0.03944596979702226 21
1750856182324 0.03552669901360268 22
1750856182789 0.03432957289924884 23
1750856183257 0.03421050613954809 24
1750856183725 0.03321838769676636 25
1750856184192 0.03000678762315212 26
1750856184661 0.027634756267678817 27
1750856185128 0.02605239654383475 28
1750856185594 0.024901556456106855 29
1750856186060 0.024297397586763293 30
1750856186526 0.021010887862808428 31
1750856186992 0.024231350237870503 32
1750856187460 0.019452075747584556 33
1750856187927 0.018908581118807763 34
1750856188397 0.018880134121584784 35
1750856188868 0.015774766844114586 36
1750856189337 0.016427449706710787 37
1750856189804 0.013923011869151587 38
1750856190270 0.014556659261166028 39
1750856190738 0.015212321471801925 40
1750856191205 0.014275606006933164 41
1750856191671 0.012175894838426429 42
1750856192138 0.0121514144803522 43
1750856192606 0.013276189047806735 44
1750856193072 0.01056776828207562 45
1750856193539 0.009563558734953403 46
1750856194009 0.00964990513291822 47
1750856194477 0.010102771629348308 48
1750856194946 0.011755054278737005 49
1750856195418 0.00723203832004422 50
1750856195885 0.007580124167446757 51
1750856196354 0.009268580818593388 52
1750856196824 0.008658287125909185 53
1750856197294 0.007714699569269224 54
1750856197765 0.005904798616348108 55
1750856198236 0.00870160652049417 56
1750856198707 0.006798226902260363 57
1750856199178 0.007006961887274688 58
1750856199648 0.0065765369149437735 59
1750856200117 0.0062451086628278136 60
1750856200589 0.004519761988207327 61
1750856201060 0.004922591838608187 62
1750856201532 0.004316578900909722 63
1750856202003 0.004264742391697264 64
1750856202474 0.0049893603824465145 65
1750856202945 0.00742781743204821 66
1750856203417 0.003812861331458324 67
1750856203888 0.004914707086181777 68
1750856204360 0.004902243778733177 69
1750856204832 0.003537738333827126 70
1750856205306 0.0033646147925927585 71
1750856205787 0.004930762988085766 72
1750856172084 1.2744008893546395 0
