1750857572205 0.6901951111551115 0
1750857572820 0.8591105734725817 1
1750857573450 0.9136455251578575 2
1750857574082 0.934484755477665 3
1750857574707 0.9486145620229892 4
1750857575334 0.9557255423926707 5
1750857575963 0.9626802724904374 6
1750857576591 0.9681447590578185 7
1750857577221 0.9710680209648624 8
1750857577851 0.9716897653832841 9
1750857578481 0.9763323459596026 10
1750857579113 0.9781005743616064 11
1750857579744 0.9778039413655505 12
1750857580375 0.9789187303492207 13
1750857581005 0.9809516966329848 14
1750857581637 0.9827277514676199 15
1750857582270 0.9824483452075091 16
1750857582903 0.9857220989793736 17
1750857583536 0.9859935661923233 18
1750857584173 0.987228151430275 19
1750857584810 0.9869539496853079 20
1750857585446 0.9869531204905501 21
1750857586084 0.9865432700745367 22
1750857586718 0.9880312429771144 23
1750857587360 0.9898062427309913 24
1750857587994 0.989938589363489 25
1750857588634 0.9904762907665718 26
1750857589273 0.9883246887570714 27
1750857589912 0.9908917728430962 28
1750857590560 0.9914346419673812 29
1750857591207 0.9921114308170538 30
1750857591850 0.9930641380146782 31
1750857592493 0.992118825579816 32
1750857593133 0.9921212743538719 33
1750857593775 0.9940185759866436 34
1750857594416 0.993341769406551 35
1750857595055 0.9941520702044285 36
1750857595696 0.9955120105089107 37
1750857596335 0.992661467191715 38
1750857596975 0.9949705778007116 39
1750857597623 0.9937454033611578 40
1750857598268 0.9959216286224806 41
1750857598913 0.9964641249209827 42
1750857599566 0.9945577560172965 43
1750857600217 0.9967396879432147 44
1750857600865 0.9937507685628059 45
1750857601511 0.9949687351038644 46
1750857602153 0.9967355821545157 47
1750857602798 0.9956489034389353 48
1750857603444 0.9967355821545157 49
1750857604089 0.9963281583926002 50
1750857604737 0.9957864633575885 51
1750857605381 0.9959206726410597 52
1750857572205 0.6901951111551115 0
