1750857572227 0.6667573449401524 0
1750857572845 0.8517410228509249 1
1750857573475 0.9119967355821545 2
1750857574108 0.934031556039173 3
1750857574732 0.948721436343852 4
1750857575359 0.9557943416757345 5
1750857575989 0.9627312295973884 6
1750857576616 0.9681719260065288 7
1750857577247 0.9710282916213275 8
1750857577877 0.9717083786724701 9
1750857578507 0.9763329706202394 10
1750857579138 0.97810119695321 11
1750857579770 0.977829162132753 12
1750857580400 0.9789173014145811 13
1750857581031 0.9809575625680087 14
1750857581663 0.9827257889009793 15
1750857582296 0.9824537540805223 16
1750857582928 0.9857181719260065 17
1750857583562 0.9859902067464635 18
1750857584199 0.9872143634385201 19
1750857584836 0.9869423286180631 20
1750857585472 0.9869423286180631 21
1750857586110 0.9865342763873776 22
1750857586744 0.9880304678998912 23
1750857587386 0.9897986942328618 24
1750857588020 0.9899347116430903 25
1750857588661 0.9904787812840044 26
1750857589299 0.9883025027203483 27
1750857589941 0.9908868335146899 28
1750857590589 0.9914309031556039 29
1750857591234 0.9921109902067464 30
1750857591878 0.9930631120783461 31
1750857592519 0.9921109902067464 32
1750857593161 0.9921109902067464 33
1750857593801 0.9940152339499456 34
1750857594442 0.9933351468988031 35
1750857595082 0.9941512513601741 36
1750857595722 0.9955114254624592 37
1750857596361 0.9926550598476604 38
1750857597003 0.9949673558215452 39
1750857597650 0.9937431991294886 40
1750857598295 0.9959194776931447 41
1750857598940 0.9964635473340587 42
1750857599593 0.9945593035908596 43
1750857600243 0.9967355821545157 44
1750857600892 0.9937431991294886 45
1750857601538 0.9949673558215452 46
1750857602180 0.9967355821545157 47
1750857602825 0.9956474428726877 48
1750857603471 0.9967355821545157 49
1750857604117 0.9963275299238302 50
1750857604764 0.9957834602829162 51
1750857605408 0.9959194776931447 52
1750857572227 0.6667573449401524 0
