1750857572185 0.6667573449401524 0
1750857572795 0.8517410228509249 1
1750857573424 0.9119967355821545 2
1750857574057 0.934031556039173 3
1750857574682 0.948721436343852 4
1750857575309 0.9557943416757345 5
1750857575937 0.9627312295973884 6
1750857576565 0.9681719260065288 7
1750857577196 0.9710282916213275 8
1750857577826 0.9717083786724701 9
1750857578455 0.9763329706202394 10
1750857579087 0.97810119695321 11
1750857579718 0.977829162132753 12
1750857580349 0.9789173014145811 13
1750857580979 0.9809575625680087 14
1750857581611 0.9827257889009793 15
1750857582243 0.9824537540805223 16
1750857582876 0.9857181719260065 17
1750857583509 0.9859902067464635 18
1750857584146 0.9872143634385201 19
1750857584783 0.9869423286180631 20
1750857585419 0.9869423286180631 21
1750857586058 0.9865342763873776 22
1750857586692 0.9880304678998912 23
1750857587334 0.9897986942328618 24
1750857587968 0.9899347116430903 25
1750857588608 0.9904787812840044 26
1750857589246 0.9883025027203483 27
1750857589885 0.9908868335146899 28
1750857590532 0.9914309031556039 29
1750857591181 0.9921109902067464 30
1750857591821 0.9930631120783461 31
1750857592467 0.9921109902067464 32
1750857593106 0.9921109902067464 33
1750857593748 0.9940152339499456 34
1750857594389 0.9933351468988031 35
1750857595028 0.9941512513601741 36
1750857595669 0.9955114254624592 37
1750857596309 0.9926550598476604 38
1750857596948 0.9949673558215452 39
1750857597596 0.9937431991294886 40
1750857598241 0.9959194776931447 41
1750857598886 0.9964635473340587 42
1750857599537 0.9945593035908596 43
1750857600189 0.9967355821545157 44
1750857600838 0.9937431991294886 45
1750857601484 0.9949673558215452 46
1750857602126 0.9967355821545157 47
1750857602771 0.9956474428726877 48
1750857603416 0.9967355821545157 49
1750857604062 0.9963275299238302 50
1750857604710 0.9957834602829162 51
1750857605354 0.9959194776931447 52
1750857572185 0.6667573449401524 0
