1750857572163 1.2896457440964675 0
1750857572770 0.8361011989357942 1
1750857573398 0.5855291897311434 2
1750857574031 0.4385300305255479 3
1750857574656 0.33347623804188914 4
1750857575283 0.2663313835632295 5
1750857575911 0.22054947543001538 6
1750857576539 0.1832549352932547 7
1750857577171 0.16245943313551675 8
1750857577800 0.1405465242587703 9
1750857578430 0.12275247936571773 10
1750857579061 0.11063080156977989 11
1750857579693 0.09951640135315738 12
1750857580323 0.09105132755309635 13
1750857580953 0.08227426946665828 14
1750857581585 0.07659802039004902 15
1750857582217 0.07143897895617117 16
1750857582850 0.0651868208107803 17
1750857583483 0.05888304578077547 18
1750857584120 0.05457051036123418 19
1750857584757 0.05352436482371262 20
1750857585393 0.05237608859001358 21
1750857586031 0.04816587089020779 22
1750857586666 0.04282098980995465 23
1750857587308 0.0434958836159003 24
1750857587941 0.04042194911478426 25
1750857588581 0.03783673374539685 26
1750857589219 0.03899710971438473 27
1750857589858 0.03426784796334228 28
1750857590505 0.03324635368006727 29
1750857591154 0.03030376035164762 30
1750857591795 0.027887590614606557 31
1750857592440 0.029444467395916985 32
1750857593079 0.027516884559520213 33
1750857593721 0.025380651586130665 34
1750857594363 0.025883927500489554 35
1750857595001 0.023029087877490834 36
1750857595643 0.021096540116872214 37
1750857596282 0.025725432006810448 38
1750857596922 0.02009821502933678 39
1750857597569 0.02034705749310561 40
1750857598213 0.016761909943819858 41
1750857598858 0.017504894419120252 42
1750857599510 0.018007280635399192 43
1750857600162 0.015428192216307087 44
1750857600810 0.018036328438543782 45
1750857601457 0.01809468836157752 46
1750857602099 0.014895363233505187 47
1750857602744 0.015298497558837925 48
1750857603389 0.014388046940328539 49
1750857604035 0.013213285747557013 50
1750857604682 0.013265626985879698 51
1750857605327 0.013059008385812797 52
1750857572163 1.2896457440964675 0
