1750857572248 0.6603114344792673 0
1750857572871 0.8484533723141285 1
1750857573501 0.9107631474055755 2
1750857574133 0.9335565704766431 3
1750857574757 0.9485605107664022 4
1750857575385 0.9557114187622677 5
1750857576015 0.9626783902468478 6
1750857576641 0.9681537033812099 7
1750857577272 0.9709967458268978 8
1750857577902 0.971697828127539 9
1750857578533 0.9763246251097459 10
1750857579165 0.9780881850320804 11
1750857579795 0.9778143362297074 12
1750857580425 0.9789136414331553 13
1750857581056 0.980952463144368 14
1750857581689 0.9827261243002494 15
1750857582322 0.9824498739525734 16
1750857582954 0.9857169917698282 17
1750857583589 0.9859906457176638 18
1750857584225 0.987215466315586 19
1750857584862 0.9869436820564866 20
1750857585499 0.9869434575373403 21
1750857586136 0.9865354397770391 22
1750857586773 0.9880269688802236 23
1750857587413 0.989801229097284 24
1750857588047 0.9899353458950632 25
1750857588687 0.990477013707325 26
1750857589325 0.9883084110622088 27
1750857589968 0.9908874479869055 28
1750857590616 0.9914313453826216 29
1750857591260 0.9921106974425693 30
1750857591906 0.9930627551148109 31
1750857592546 0.9921117044270639 32
1750857593187 0.992111622519339 33
1750857593828 0.994015580090653 34
1750857594469 0.9933368902264292 35
1750857595110 0.9941513931396574 36
1750857595749 0.9955112625838142 37
1750857596388 0.9926541354301818 38
1750857597030 0.9949676420365751 39
1750857597677 0.9937434965436509 40
1750857598322 0.9959192209117266 41
1750857598967 0.9964636333912607 42
1750857599621 0.9945581138710572 43
1750857600271 0.996735809360875 44
1750857600919 0.993743765580085 45
1750857601565 0.9949675314949917 46
1750857602208 0.9967355821545157 47
1750857602852 0.995646528156083 48
1750857603498 0.9967355821545157 49
1750857604143 0.9963273880617847 50
1750857604791 0.9957843000936585 51
1750857605435 0.9959192652121328 52
1750857572248 0.6603114344792673 0
