1750949306197 0.8630267348675014 0
1750949306805 0.9599018036324466 1
1750949307427 0.9734614965989015 2
1750949308049 0.9751043364456669 3
1750949308675 0.9794650846210581 4
1750949309301 0.9818976915481655 5
1750949309936 0.9836852025894565 6
1750949310572 0.9832731364573875 7
1750949311205 0.9859914023589412 8
1750949311834 0.9865361349076883 9
1750949312466 0.9855832493447234 10
1750949313094 0.9865506395959188 11
1750949313724 0.9866722442376885 12
1750949314356 0.9870875226971701 13
1750949314985 0.989119062986594 14
1750949315617 0.9883465987462665 15
1750949316248 0.9862670000384492 16
1750949316880 0.9874722904380969 17
1750949317515 0.9889792867175159 18
1750949318148 0.9912996933782963 19
1750949318782 0.9925329607066492 20
1750949319417 0.992115692563034 21
1750949320052 0.9923838356207375 22
1750949320686 0.9922557258336947 23
1750949321325 0.9906211894664833 24
1750949321960 0.991296384115625 25
1750949322595 0.9926548121771214 26
1750949323232 0.9941525797323132 27
1750949323869 0.9927944315575751 28
1750949324506 0.9949709667826848 29
1750949325142 0.9940153860186736 30
1750949325780 0.9904822782111216 31
1750949326419 0.9926554774512972 32
1750949327059 0.9949731083144105 33
1750949327697 0.9914280736145135 34
1750949328336 0.99197974136621 35
1750949328976 0.9925193136176845 36
1750949329616 0.9955114135302633 37
1750949330258 0.9944244599455715 38
1750949335554 0.994287380861835 39
1750949336201 0.9955114135302633 40
1750949336843 0.9951035278194085 41
1750949337483 0.9914386483910266 42
1750949338124 0.9908864494997072 43
1750949338766 0.9951046098547606 44
1750949339408 0.9957837682203884 45
1750949340050 0.9933398004396685 46
1750949340692 0.9944237626712862 47
1750949341336 0.9941550877725596 48
1750949341569 0.9941550877725596 0
1750949306197 0.8630267348675014 0
1750949341569 0.9941550877725596 0
