1750949306240 0.8555157456688871 0
1750949306857 0.9598097631665771 1
1750949307478 0.9734675747465116 2
1750949308101 0.9751012222632621 3
1750949308727 0.9794623952343705 4
1750949309353 0.9819025975669611 5
1750949309988 0.9836754348198062 6
1750949310624 0.9832706500999794 7
1750949311257 0.9859905415269711 8
1750949311886 0.9865347621793058 9
1750949312517 0.9855825053643703 10
1750949313146 0.9865386278539193 11
1750949313777 0.9866707629955923 12
1750949314407 0.9870798374431065 13
1750949315038 0.9891180405656874 14
1750949315669 0.9883047525648252 15
1750949316300 0.9862606509797045 16
1750949316933 0.9874787914962317 17
1750949317569 0.9889807922627849 18
1750949318201 0.9912954916290001 19
1750949318835 0.9925199387126696 20
1750949319470 0.9921115392887813 21
1750949320105 0.9923826283959811 22
1750949320740 0.992247778707177 23
1750949321378 0.990611842450367 24
1750949322013 0.9912943190768063 25
1750949322649 0.9926545891322258 26
1750949323285 0.9941514623607085 27
1750949323922 0.9927915004896405 28
1750949324559 0.9949678992207115 29
1750949325195 0.994014610698899 30
1750949325834 0.9904792861250878 31
1750949326473 0.9926551523565217 32
1750949327112 0.9949677594845111 33
1750949327751 0.9914291901129864 34
1750949328391 0.9919762474622371 35
1750949329030 0.9925191278231991 36
1750949329671 0.9955113689399242 37
1750949330312 0.9944230103721954 38
1750949335610 0.9942871232745949 39
1750949336255 0.9955113689399242 40
1750949336898 0.9951032485210813 41
1750949337538 0.9914331232913918 42
1750949338179 0.9908839138778214 43
1750949338821 0.9951034702290682 44
1750949339462 0.9957833495773756 45
1750949340105 0.9933356088111017 46
1750949340746 0.9944230707604876 47
1750949341390 0.9941507009637168 48
1750949341569 0.9941507009637168 0
1750949306240 0.8555157456688871 0
1750949341569 0.9941507009637168 0
