1750949306176 0.8584058759521219 0
1750949306778 0.9598748639825898 1
1750949307401 0.9734766050054406 2
1750949308023 0.9751088139281828 3
1750949308648 0.9794613710554951 4
1750949309276 0.9819096844396082 5
1750949309910 0.9836779107725789 6
1750949310546 0.9832698585418934 7
1750949311180 0.9859902067464635 8
1750949311808 0.9865342763873776 9
1750949312440 0.985582154515778 10
1750949313068 0.9865342763873776 11
1750949313698 0.9866702937976061 12
1750949314330 0.9870783460282916 13
1750949314959 0.9891186071817193 14
1750949315591 0.9883025027203483 15
1750949316221 0.9862622415669206 16
1750949316854 0.9874863982589771 17
1750949317489 0.9889825897714908 18
1750949318122 0.9912948857453754 19
1750949318756 0.9925190424374319 20
1750949319390 0.9921109902067464 21
1750949320024 0.9923830250272034 22
1750949320660 0.9922470076169749 23
1750949321298 0.9906147986942329 24
1750949321934 0.9912948857453754 25
1750949322568 0.9926550598476604 26
1750949323205 0.9941512513601741 27
1750949323842 0.9927910772578891 28
1750949324480 0.9949673558215452 29
1750949325115 0.9940152339499456 30
1750949325753 0.9904787812840044 31
1750949326392 0.9926550598476604 32
1750949327032 0.9949673558215452 33
1750949327670 0.9914309031556039 34
1750949328309 0.9919749727965179 35
1750949328949 0.9925190424374319 36
1750949329589 0.9955114254624592 37
1750949330230 0.9944232861806311 38
1750949335526 0.9942872687704026 39
1750949336174 0.9955114254624592 40
1750949336815 0.9951033732317737 41
1750949337457 0.9914309031556039 42
1750949338097 0.9908868335146899 43
1750949338739 0.9951033732317737 44
1750949339381 0.9957834602829162 45
1750949340023 0.9933351468988031 46
1750949340664 0.9944232861806311 47
1750949341308 0.9941512513601741 48
1750949341569 0.9941512513601741 0
1750949306176 0.8584058759521219 0
1750949341569 0.9941512513601741 0
