1750949306218 0.8584058759521219 0
1750949306832 0.9598748639825898 1
1750949307452 0.9734766050054406 2
1750949308075 0.9751088139281828 3
1750949308701 0.9794613710554951 4
1750949309327 0.9819096844396082 5
1750949309963 0.9836779107725789 6
1750949310598 0.9832698585418934 7
1750949311231 0.9859902067464635 8
1750949311860 0.9865342763873776 9
1750949312492 0.985582154515778 10
1750949313120 0.9865342763873776 11
1750949313751 0.9866702937976061 12
1750949314381 0.9870783460282916 13
1750949315011 0.9891186071817193 14
1750949315643 0.9883025027203483 15
1750949316274 0.9862622415669206 16
1750949316906 0.9874863982589771 17
1750949317542 0.9889825897714908 18
1750949318174 0.9912948857453754 19
1750949318809 0.9925190424374319 20
1750949319443 0.9921109902067464 21
1750949320079 0.9923830250272034 22
1750949320713 0.9922470076169749 23
1750949321351 0.9906147986942329 24
1750949321987 0.9912948857453754 25
1750949322622 0.9926550598476604 26
1750949323259 0.9941512513601741 27
1750949323896 0.9927910772578891 28
1750949324533 0.9949673558215452 29
1750949325169 0.9940152339499456 30
1750949325807 0.9904787812840044 31
1750949326447 0.9926550598476604 32
1750949327085 0.9949673558215452 33
1750949327724 0.9914309031556039 34
1750949328363 0.9919749727965179 35
1750949329003 0.9925190424374319 36
1750949329644 0.9955114254624592 37
1750949330285 0.9944232861806311 38
1750949335582 0.9942872687704026 39
1750949336228 0.9955114254624592 40
1750949336871 0.9951033732317737 41
1750949337511 0.9914309031556039 42
1750949338152 0.9908868335146899 43
1750949338794 0.9951033732317737 44
1750949339436 0.9957834602829162 45
1750949340077 0.9933351468988031 46
1750949340719 0.9944232861806311 47
1750949341363 0.9941512513601741 48
1750949341569 0.9941512513601741 0
1750949306218 0.8584058759521219 0
1750949341569 0.9941512513601741 0
