1750949306156 0.5911009837027084 0
1750949306752 0.16531663158578117 1
1750949307375 0.10270197675750875 2
1750949307997 0.08083945818415664 3
1750949308622 0.06728114993174654 4
1750949309251 0.059912407233646305 5
1750949309884 0.05568841781763115 6
1750949310520 0.050973113672858485 7
1750949311153 0.046299361379592154 8
1750949311782 0.04428228350423106 9
1750949312413 0.04437650843108958 10
1750949313042 0.04393240721882103 11
1750949313670 0.04277330340657452 12
1750949314303 0.03911413976231486 13
1750949314933 0.03219128530817076 14
1750949315564 0.03447993619770817 15
1750949316195 0.04882629655840704 16
1750949316828 0.03749117011182067 17
1750949317462 0.0328933159598799 18
1750949318095 0.027364232871272036 19
1750949318730 0.02450326001687103 20
1750949319364 0.02353829587733736 21
1750949319998 0.025847165314308383 22
1750949320633 0.02800767179031302 23
1750949321271 0.03404367676078746 24
1750949321907 0.027354111479974318 25
1750949322541 0.024981122534373477 26
1750949323178 0.02148888919601811 27
1750949323815 0.023420916807911762 28
1750949324453 0.01981026962930509 29
1750949325088 0.024027326640848303 30
1750949325725 0.03465799023767161 31
1750949326365 0.024066512892478763 32
1750949327004 0.018999502602437667 33
1750949327643 0.026820879732587975 34
1750949328282 0.025306254860431247 35
1750949328922 0.023801400257787292 36
1750949329561 0.017845604130927315 37
1750949330203 0.0191337910817249 38
1750949335497 0.020082824821943686 39
1750949336147 0.017478497219054076 40
1750949336788 0.017784437090685435 41
1750949337429 0.027407094626966156 42
1750949338070 0.03081754915025065 43
1750949338712 0.01886552058756189 44
1750949339353 0.016983722990745593 45
1750949339996 0.02224171848641354 46
1750949340637 0.01787794691989841 47
1750949341281 0.01853187533472467 48
1750949341569 0.01853187533472467 0
1750949306156 0.5911009837027084 0
1750949341569 0.01853187533472467 0
