1750856133529 1.3213841563599413 0
1750856133985 0.8881827833473488 1
1750856134450 0.6549820139177217 2
1750856134915 0.5052509002703707 3
1750856135381 0.3983561522747928 4
1750856135844 0.323157643905402 5
1750856136310 0.2686573110350587 6
1750856136779 0.22691062183582483 7
1750856137248 0.20101166004973733 8
1750856137714 0.17396097648909095 9
1750856138179 0.15768132498234477 10
1750856138646 0.13841130782295752 11
1750856139111 0.1296998082261869 12
1750856139578 0.11396136445371319 13
1750856140044 0.1049746251355966 14
1750856140511 0.09936684245188944 15
1750856140976 0.09062620847039046 16
1750856141439 0.08649126527034419 17
1750856141904 0.07860430467861651 18
1750856142371 0.07419053675916949 19
1750856142837 0.06882083233571545 20
1750856143303 0.06363804257749474 21
1750856143769 0.06295990016031706 22
1750856144234 0.05850468615274694 23
1750856144702 0.055495532237650004 24
1750856145169 0.055590685390106226 25
1750856145636 0.05050973396168634 26
1750856146103 0.049723460619723964 27
1750856146570 0.0510227199891122 28
1750856147042 0.04536734239458713 29
1750856147510 0.04384277375887216 30
1750856147978 0.04256214802199012 31
1750856148446 0.039864914219165715 32
1750856148916 0.03634453972069885 33
1750856149386 0.03500937072456824 34
1750856149855 0.0359172980474375 35
1750856150325 0.032271704307663074 36
1750856150796 0.03086450024608267 37
1750856151267 0.031522046692539676 38
1750856151736 0.032333706433644624 39
1750856152208 0.02963710727192405 40
1750856152678 0.025561382831403655 41
1750856153149 0.02707434124419703 42
1750856153620 0.023868801473549712 43
1750856154090 0.024330024787359614 44
1750856154563 0.026115834287350533 45
1750856155036 0.02082477626264079 46
1750856155506 0.02268110212268991 47
1750856155978 0.02230149337016573 48
1750856156448 0.02314173524958103 49
1750856156919 0.020143647718226073 50
1750856157391 0.01986840593104653 51
1750856157862 0.019386029263129368 52
1750856158334 0.01843198579715786 53
1750856158804 0.017367705500606647 54
1750856159277 0.016729018635241167 55
1750856159750 0.014747414938721429 56
1750856160224 0.01695401359996044 57
1750856160697 0.015666958310598784 58
1750856161168 0.01667816527729998 59
1750856161640 0.01582529149737748 60
1750856162113 0.015435583558163105 61
1750856162585 0.012478012114918311 62
1750856163058 0.015815207000996135 63
1750856163532 0.014092256400178839 64
1750856164006 0.012828621669531566 65
1750856164479 0.012524150910174678 66
1750856164953 0.013114162634853457 67
1750856165425 0.012449381687051097 68
1750856165901 0.01255526222512572 69
1750856166375 0.011339473832242588 70
1750856133529 1.3213841563599413 0
