1750855239445 0.8503225819978932 0
1750855239901 0.3229113289593872 1
1750855240363 0.18719650292617063 2
1750855240826 0.12622210505024264 3
1750855241292 0.09596871883001369 4
1750855241758 0.0761387782522008 5
1750855242223 0.07189097111158974 6
1750855242689 0.059787641346284365 7
1750855243156 0.05153365063929973 8
1750855243625 0.04380596336281339 9
1750855244092 0.042591155665775635 10
1750855244558 0.03922172998796674 11
1750855245026 0.03578594229989751 12
1750855245496 0.032490861936552415 13
1750855245964 0.028161413730471777 14
1750855246429 0.0277246727949663 15
1750855246892 0.02348789951730605 16
1750855247357 0.022367665007552363 17
1750855247825 0.019985112821697477 18
1750855248293 0.01995983215350905 19
1750855248760 0.01805315140059159 20
1750855249225 0.01569413990810943 21
1750855249691 0.017624956274696985 22
1750855250158 0.013553174204594365 23
1750855250624 0.011620633763193241 24
1750855251093 0.011553126187783274 25
1750855251560 0.01243707291506762 26
1750855252028 0.012189902004054155 27
1750855252495 0.009524133984431202 28
1750855252963 0.01290372009105348 29
1750855253430 0.010388101797684686 30
1750855253896 0.011479987550052582 31
1750855254364 0.009108678592314236 32
1750855254829 0.0074618219433938105 33
1750855255297 0.005614511916587196 34
1750855255764 0.005626286478483618 35
1750855256233 0.006161922180540738 36
1750855256699 0.004835133065546329 37
1750855257171 0.0047858483895940164 38
1750855257638 0.005754578072082158 39
1750855258105 0.009606889268609881 40
1750855258573 0.005033381441264146 41
1750855259040 0.00431526136195431 42
1750855259509 0.003329945991890732 43
1750855259977 0.005696520870070731 44
1750855260446 0.004784752030312707 45
1750855260916 0.004169477287921102 46
1750855261388 0.005568602668815389 47
1750855261856 0.011861821407273865 48
1750855262323 0.007180055382398542 49
1750855262793 0.004350572836385702 50
1750855239445 0.8503225819978932 0
