1750948491128 0.8509249183895539 0
1750948491730 0.9570184983677911 1
1750948492364 0.9733405875952121 2
1750948492993 0.9760609357997824 3
1750948493623 0.9787812840043526 4
1750948494259 0.9831338411316648 5
1750948494897 0.985854189336235 6
1750948495536 0.9854461371055495 7
1750948496170 0.9889825897714908 8
1750948496805 0.9877584330794341 9
1750948497439 0.9883025027203483 10
1750948498073 0.9903427638737758 11
1750948498707 0.9907508161044614 12
1750948499341 0.9934711643090316 13
1750948499974 0.9926550598476604 14
1750948500609 0.9923830250272034 15
1750948501241 0.9944232861806311 16
1750948501872 0.9956474428726877 17
1750948502506 0.9941512513601741 18
1750948503141 0.9944232861806311 19
1750948503776 0.9956474428726877 20
1750948504413 0.9967355821545157 21
1750948505049 0.9979597388465724 22
1750948505684 0.9960554951033732 23
1750948506318 0.9986398258977149 24
1750948506957 0.9978237214363439 25
1750948507595 0.9978237214363439 26
1750948508236 0.9976877040261154 27
1750948508874 0.9959194776931447 28
1750948509513 0.9976877040261154 29
1750948510153 0.9985038084874864 30
1750948510793 0.9983677910772579 31
1750948511434 0.9980957562568009 32
1750948512074 0.9986398258977149 33
1750948512713 0.9987758433079434 34
1750948513358 0.998911860718172 35
1750948513999 0.9986398258977149 36
1750948514640 0.9974156692056583 37
1750948515281 0.9990478781284005 38
1750948515923 0.9995919477693145 39
1750948516564 0.9998639825897715 40
1750948517208 0.9976877040261154 41
1750948517851 0.9980957562568009 42
1750948518494 0.9985038084874864 43
1750948519153 0.9985038084874864 44
1750948519811 0.998911860718172 45
1750948520473 0.9990478781284005 46
1750948521138 0.998911860718172 47
1750948521813 0.9995919477693145 48
1750948522099 0.9995919477693145 0
1750948491128 0.8509249183895539 0
1750948522099 0.9995919477693145 0
