1750948491107 0.6228694013270253 0
1750948491704 0.18240061123430792 1
1750948492338 0.10423782169494587 2
1750948492967 0.08164173150607369 3
1750948493597 0.06442418954942185 4
1750948494233 0.05431107977877439 5
1750948494871 0.04530984894762685 6
1750948495509 0.042522296804014564 7
1750948496143 0.038497447462851775 8
1750948496778 0.03442480048657242 9
1750948497413 0.03225689597825101 10
1750948498046 0.027349650823856757 11
1750948498681 0.027525769617566608 12
1750948499314 0.02295554663947458 13
1750948499948 0.02308811469893331 14
1750948500582 0.022658513494593954 15
1750948501214 0.018028017032133484 16
1750948501846 0.015453884458388238 17
1750948502479 0.01705898422751904 18
1750948503114 0.015207209236847928 19
1750948503749 0.014206360243727028 20
1750948504386 0.011244492934939732 21
1750948505022 0.009690233465979307 22
1750948505657 0.01173360394534348 23
1750948506292 0.006202102261286338 24
1750948506930 0.008243442102174769 25
1750948507568 0.009301376652863826 26
1750948508209 0.008626519783637644 27
1750948508848 0.01365769097872354 28
1750948509486 0.010554567875261534 29
1750948510127 0.005992601984177976 30
1750948510766 0.006149780570366116 31
1750948511406 0.007145600064373367 32
1750948512048 0.006682786857772627 33
1750948512686 0.0054724255891963215 34
1750948513331 0.00467320346450575 35
1750948513971 0.004734289204828204 36
1750948514613 0.008438626088887824 37
1750948515253 0.004468297388657833 38
1750948515895 0.002571222679574251 39
1750948516536 0.0024516323600307674 40
1750948517181 0.006226424230773141 41
1750948517823 0.005195428382773667 42
1750948518465 0.004535766179017572 43
1750948519124 0.00544722597248385 44
1750948519782 0.004311564988132376 45
1750948520443 0.0039635361904367455 46
1750948521108 0.0054897035376961275 47
1750948521782 0.003667684249446643 48
1750948522099 0.003667684249446643 0
1750948491107 0.6228694013270253 0
1750948522099 0.003667684249446643 0
