1750948491148 0.8508512144585405 0
1750948491756 0.9569524841131016 1
1750948492390 0.9733083104730901 2
1750948493019 0.9760292358834122 3
1750948493649 0.9788005046147248 4
1750948494285 0.9831356754634099 5
1750948494923 0.9858613950783842 6
1750948495562 0.985445986605604 7
1750948496196 0.9889836219336284 8
1750948496832 0.9877636969110993 9
1750948497466 0.9883025027203483 10
1750948498099 0.9903463883029078 11
1750948498734 0.9907508161044614 12
1750948499367 0.9934787780656409 13
1750948500001 0.992655116440673 14
1750948500635 0.9923853524003067 15
1750948501267 0.9944237626712862 16
1750948501899 0.9956474428726877 17
1750948502532 0.9941512047861192 18
1750948503168 0.9944264603940199 19
1750948503803 0.995648608254881 20
1750948504439 0.9967375154750301 21
1750948505075 0.9979598908706993 22
1750948505711 0.9960575082237828 23
1750948506345 0.9986413165028459 24
1750948506984 0.9978237214363439 25
1750948507621 0.9978240176779866 26
1750948508262 0.9976877475208938 27
1750948508901 0.9959194751029563 28
1750948509540 0.9976881498213299 29
1750948510181 0.9985044204349323 30
1750948510820 0.9983677910772579 31
1750948511460 0.9980962562574216 32
1750948512102 0.9986413165028459 33
1750948512740 0.9987766671771469 34
1750948513386 0.998911860718172 35
1750948514026 0.9986403000362345 36
1750948514668 0.9974178709718895 37
1750948515308 0.9990480036733882 38
1750948515950 0.9995920600747327 39
1750948516591 0.999864088275405 40
1750948517236 0.9976905180669097 41
1750948517878 0.9980962562574216 42
1750948518523 0.9985046106455305 43
1750948519182 0.998506532485132 44
1750948519840 0.9989123219256411 45
1750948520502 0.9990487237087631 46
1750948521169 0.99891229606354 47
1750948521843 0.9995920600747327 48
1750948522099 0.9995920600747327 0
1750948491148 0.8508512144585405 0
1750948522099 0.9995920600747327 0
