1750948491170 0.8509249183895539 0
1750948491782 0.9570184983677911 1
1750948492416 0.9733405875952121 2
1750948493045 0.9760609357997824 3
1750948493676 0.9787812840043526 4
1750948494311 0.9831338411316648 5
1750948494950 0.985854189336235 6
1750948495588 0.9854461371055495 7
1750948496222 0.9889825897714908 8
1750948496860 0.9877584330794341 9
1750948497492 0.9883025027203483 10
1750948498126 0.9903427638737758 11
1750948498760 0.9907508161044614 12
1750948499393 0.9934711643090316 13
1750948500027 0.9926550598476604 14
1750948500662 0.9923830250272034 15
1750948501294 0.9944232861806311 16
1750948501925 0.9956474428726877 17
1750948502559 0.9941512513601741 18
1750948503194 0.9944232861806311 19
1750948503829 0.9956474428726877 20
1750948504466 0.9967355821545157 21
1750948505102 0.9979597388465724 22
1750948505737 0.9960554951033732 23
1750948506372 0.9986398258977149 24
1750948507011 0.9978237214363439 25
1750948507648 0.9978237214363439 26
1750948508289 0.9976877040261154 27
1750948508928 0.9959194776931447 28
1750948509567 0.9976877040261154 29
1750948510207 0.9985038084874864 30
1750948510847 0.9983677910772579 31
1750948511488 0.9980957562568009 32
1750948512129 0.9986398258977149 33
1750948512768 0.9987758433079434 34
1750948513413 0.998911860718172 35
1750948514053 0.9986398258977149 36
1750948514695 0.9974156692056583 37
1750948515335 0.9990478781284005 38
1750948515977 0.9995919477693145 39
1750948516618 0.9998639825897715 40
1750948517263 0.9976877040261154 41
1750948517905 0.9980957562568009 42
1750948518551 0.9985038084874864 43
1750948519211 0.9985038084874864 44
1750948519870 0.998911860718172 45
1750948520531 0.9990478781284005 46
1750948521199 0.998911860718172 47
1750948521874 0.9995919477693145 48
1750948522099 0.9995919477693145 0
1750948491170 0.8509249183895539 0
1750948522099 0.9995919477693145 0
