1750948491192 0.8493050141719907 0
1750948491808 0.9568944453118599 1
1750948492442 0.9733228331359968 2
1750948493071 0.9760440867463112 3
1750948493702 0.9787779380569378 4
1750948494337 0.9831323041281101 5
1750948494975 0.9858553158106571 6
1750948495614 0.9854459504811561 7
1750948496248 0.9889818648342786 8
1750948496887 0.9877592851032814 9
1750948497518 0.9883025027203483 10
1750948498153 0.990343330844613 11
1750948498786 0.9907508161044614 12
1750948499419 0.993471755387915 13
1750948500054 0.9926549718330471 14
1750948500688 0.9923833870966184 15
1750948501320 0.9944230707604876 16
1750948501952 0.9956474428726877 17
1750948502586 0.9941511777095983 18
1750948503220 0.9944236135863258 19
1750948503855 0.9956472162262748 20
1750948504492 0.9967357373271223 21
1750948505129 0.9979597639600333 22
1750948505763 0.9960552355579517 23
1750948506398 0.998639755070711 24
1750948507038 0.9978237214363439 25
1750948507675 0.9978236660093694 26
1750948508317 0.9976876749084458 27
1750948508954 0.9959193596095786 28
1750948509594 0.997687627699261 29
1750948510234 0.9985038483087739 30
1750948510874 0.9983677910772579 31
1750948511515 0.9980958025952942 32
1750948512156 0.998639755070711 33
1750948512795 0.9987757960205947 34
1750948513440 0.998911860718172 35
1750948514080 0.9986398589966387 36
1750948514722 0.9974154991586579 37
1750948515362 0.9990478898480155 38
1750948516004 0.9995919527920066 39
1750948516646 0.9998639842640021 40
1750948517291 0.9976878397796959 41
1750948517932 0.9980958025952942 42
1750948518581 0.998503750691838 43
1750948519240 0.9985038963280387 44
1750948519899 0.998911887197311 45
1750948520561 0.9990478413493515 46
1750948521230 0.9989118739577415 47
1750948521903 0.9995919527920066 48
1750948522099 0.9995919527920066 0
1750948491192 0.8493050141719907 0
1750948522099 0.9995919527920066 0
