1751012115614 0.8406686829641807 0
1751012116232 0.9518314361711622 1
1751012116859 0.9703355876006273 2
1751012117485 0.9753642134315189 3
1751012118113 0.9794587591623101 4
1751012118743 0.9810957478699928 5
1751012119381 0.9831334115726134 6
1751012120017 0.9839484440216917 7
1751012120656 0.98449401523395 8
1751012121291 0.987350586067099 9
1751012121924 0.9887087187565905 10
1751012122558 0.9881655544942745 11
1751012123191 0.9904787812840044 12
1751012123821 0.989255591817497 13
1751012124453 0.9889846753256177 14
1751012125085 0.9896631682025536 15
1751012125717 0.9900699391731214 16
1751012126354 0.9926550598476604 17
1751012126994 0.9934713231838658 18
1751012127629 0.9923849269958788 19
1751012128262 0.9929270946681176 20
1751012128896 0.9937433513845381 21
1751012129531 0.9944234225051517 22
1751012130168 0.9942871311396946 23
1751012130808 0.9918386580467593 24
1751012131444 0.9960556374060593 25
1751012132082 0.9949688041629816 26
1751012132716 0.996191208557372 27
1751012133349 0.9949672171855223 28
1751012133984 0.9953754700242086 29
1751012134622 0.9964633631838483 30
1751012135262 0.9961917775876875 31
1751012135900 0.9970076169749728 32
1751012136539 0.9961916051905884 33
1751012137178 0.9964633583434725 34
1751012137816 0.994830628035721 35
1751012138456 0.9942876614928716 36
1751012139097 0.9956476513225725 37
1751012139735 0.9963276322224945 38
1751012140375 0.9957834071859893 39
1751012141021 0.9961915125136017 40
1751012141668 0.9982317954320288 41
1751012142311 0.9967345051595681 42
1751012142952 0.9980959286548085 43
1751012143594 0.9971436695440467 44
1751012144236 0.9960569188199764 45
1751012144879 0.9960554978673766 46
1751012145525 0.9967355387790382 47
1751012146171 0.9972794607701048 48
1751012146824 0.9941508624596624 49
1751012147472 0.997279712319225 50
1751012148119 0.9975518766887643 51
1751012148767 0.998503750691838 52
1751012149414 0.9972796517954298 53
1751012150062 0.9983678307959666 54
1751012150719 0.9976877324880378 55
1751012151367 0.995511587393102 56
1751012152018 0.9974157010160423 57
1751012152669 0.9991838726394159 58
1751012153319 0.9986399205670313 59
1751012153969 0.9975521855867769 60
1751012154619 0.9982317954320288 61
1751012155274 0.9953746969301162 62
1751012155931 0.9972797169147221 63
1751012156585 0.9986398258977149 64
1751012156773 0.9986398258977149 0
1751012115614 0.8406686829641807 0
1751012156773 0.9986398258977149 0
