1751012115528 0.6619515755458029 0
1751012116126 0.1939657379399835 1
1751012116751 0.11306726225571741 2
1751012117380 0.08467776413856964 3
1751012118008 0.06902761120142434 4
1751012118638 0.06006284798490404 5
1751012119275 0.05290306686657816 6
1751012119911 0.049311217088840086 7
1751012120550 0.04633231682477922 8
1751012121185 0.03903673504103255 9
1751012121817 0.03587565558908813 10
1751012122450 0.03698024036052664 11
1751012123085 0.032497550678055355 12
1751012123715 0.03244259649273555 13
1751012124346 0.03170740055842518 14
1751012124978 0.031076616880213345 15
1751012125610 0.026806395760330982 16
1751012126246 0.023778532892774682 17
1751012126885 0.021979410949206715 18
1751012127522 0.024152285254725597 19
1751012128155 0.023477667102527373 20
1751012128788 0.023440865264704878 21
1751012129423 0.019339510211285296 22
1751012130061 0.02051209508095816 23
1751012130699 0.02848820933226954 24
1751012131337 0.015945297447757814 25
1751012131973 0.01672343168634682 26
1751012132609 0.013428930394854132 27
1751012133242 0.016207177936321406 28
1751012133876 0.017472566841666762 29
1751012134514 0.014210769177999214 30
1751012135150 0.012209128452261244 31
1751012135791 0.011675938281359332 32
1751012136428 0.01319775152728529 33
1751012137068 0.01177540414556719 34
1751012137707 0.015092543043577242 35
1751012138345 0.01877564576001467 36
1751012138986 0.01586888648870566 37
1751012139626 0.01257212175298543 38
1751012140264 0.014318097700740863 39
1751012140909 0.012543686252630542 40
1751012141555 0.008285711594919093 41
1751012142200 0.012576043727160133 42
1751012142842 0.009114041700893334 43
1751012143485 0.011234798005774973 44
1751012144125 0.012843215131475483 45
1751012144769 0.012892946444215684 46
1751012145413 0.011715207662903607 47
1751012146060 0.01281374677487723 48
1751012146707 0.021678691999976633 49
1751012147360 0.012377718528651585 50
1751012148007 0.010950197710202636 51
1751012148654 0.008160032984071995 52
1751012149302 0.00962587503143267 53
1751012149948 0.007992177784024364 54
1751012150606 0.009483125294134085 55
1751012151254 0.014262769362150455 56
1751012151905 0.008827048509345736 57
1751012152555 0.005554844715994285 58
1751012153204 0.007336094835367747 59
1751012153855 0.011319805072190825 60
1751012154506 0.008812499119088426 61
1751012155157 0.01671230125720324 62
1751012155815 0.01175567761349357 63
1751012156469 0.0075791012015653785 64
1751012156773 0.0075791012015653785 0
1751012115528 0.6619515755458029 0
1751012156773 0.0075791012015653785 0
