1751012115549 0.8435799782372143 0
1751012116152 0.9519858541893362 1
1751012116779 0.970348204570185 2
1751012117406 0.9753808487486398 3
1751012118034 0.9794613710554951 4
1751012118664 0.9810935799782372 5
1751012119302 0.9831338411316648 6
1751012119938 0.983949945593036 7
1751012120577 0.98449401523395 8
1751012121212 0.9873503808487486 9
1751012121844 0.9887105549510338 10
1751012122478 0.9881664853101197 11
1751012123111 0.9904787812840044 12
1751012123742 0.9892546245919478 13
1751012124373 0.9889825897714908 14
1751012125005 0.9896626768226333 15
1751012125637 0.9900707290533188 16
1751012126273 0.9926550598476604 17
1751012126912 0.9934711643090316 18
1751012127548 0.9923830250272034 19
1751012128182 0.9929270946681176 20
1751012128814 0.9937431991294886 21
1751012129451 0.9944232861806311 22
1751012130088 0.9942872687704026 23
1751012130727 0.9918389553862894 24
1751012131364 0.9960554951033732 25
1751012132000 0.9949673558215452 26
1751012132636 0.9961915125136017 27
1751012133269 0.9949673558215452 28
1751012133903 0.9953754080522307 29
1751012134541 0.9964635473340587 30
1751012135178 0.9961915125136017 31
1751012135819 0.9970076169749728 32
1751012136456 0.9961915125136017 33
1751012137096 0.9964635473340587 34
1751012137734 0.9948313384113167 35
1751012138373 0.9942872687704026 36
1751012139014 0.9956474428726877 37
1751012139653 0.9963275299238302 38
1751012140292 0.9957834602829162 39
1751012140938 0.9961915125136017 40
1751012141583 0.9982317736670294 41
1751012142228 0.9967355821545157 42
1751012142870 0.9980957562568009 43
1751012143512 0.9971436343852013 44
1751012144153 0.9960554951033732 45
1751012144796 0.9960554951033732 46
1751012145441 0.9967355821545157 47
1751012146087 0.9972796517954298 48
1751012146735 0.9941512513601741 49
1751012147387 0.9972796517954298 50
1751012148035 0.9975516866158868 51
1751012148682 0.9985038084874864 52
1751012149330 0.9972796517954298 53
1751012149977 0.9983677910772579 54
1751012150634 0.9976877040261154 55
1751012151283 0.9955114254624592 56
1751012151933 0.9974156692056583 57
1751012152584 0.999183895538629 58
1751012153233 0.9986398258977149 59
1751012153884 0.9975516866158868 60
1751012154534 0.9982317736670294 61
1751012155186 0.9953754080522307 62
1751012155844 0.9972796517954298 63
1751012156498 0.9986398258977149 64
1751012156773 0.9986398258977149 0
1751012115549 0.8435799782372143 0
1751012156773 0.9986398258977149 0
