1751012115571 0.8458891913283263 0
1751012116178 0.9519724218492098 1
1751012116805 0.9703251457403194 2
1751012117432 0.9753570897495172 3
1751012118060 0.979466346763814 4
1751012118691 0.9811101431978468 5
1751012119328 0.9831333724416645 6
1751012119965 0.9839518584877844 7
1751012120603 0.98449401523395 8
1751012121238 0.9873508901103297 9
1751012121871 0.9887071893489432 10
1751012122505 0.9881683233366738 11
1751012123138 0.9904787812840044 12
1751012123768 0.9892630410068639 13
1751012124399 0.988987062348432 14
1751012125031 0.9896652504786047 15
1751012125663 0.9900748195408237 16
1751012126300 0.9926550598476604 17
1751012126940 0.9934718841375113 18
1751012127575 0.9923881402914955 19
1751012128209 0.9929270946681176 20
1751012128842 0.9937439060269179 21
1751012129478 0.994424080930542 22
1751012130115 0.9942880202634838 23
1751012130754 0.991839740226324 24
1751012131390 0.9960566909384693 25
1751012132028 0.9949746073704948 26
1751012132662 0.9961945525766429 27
1751012133296 0.994967574460246 28
1751012133930 0.9953757574633466 29
1751012134568 0.996464801413417 30
1751012135206 0.9961956884867227 31
1751012135845 0.9970076169749728 32
1751012136483 0.9961921030315762 33
1751012137123 0.9964635750489733 34
1751012137762 0.9948306294715168 35
1751012138401 0.9942909710551538 36
1751012139042 0.995648780092785 37
1751012139680 0.9963285342228573 38
1751012140320 0.9957834552790921 39
1751012140966 0.9961915125136017 40
1751012141611 0.9982319190713714 41
1751012142256 0.9967338308464175 42
1751012142897 0.9981026165174456 43
1751012143540 0.9971438062686824 44
1751012144181 0.9960586632107543 45
1751012144824 0.9960556329122995 46
1751012145469 0.996735715717814 47
1751012146115 0.9972819500837433 48
1751012146766 0.9941515156317675 49
1751012147415 0.9972799050866966 50
1751012148063 0.9975525619575469 51
1751012148710 0.9985046106455305 52
1751012149358 0.9972796517954298 53
1751012150005 0.998368278146828 54
1751012150663 0.9976878626700268 55
1751012151311 0.9955126591652819 56
1751012151961 0.9974158344693546 57
1751012152612 0.9991845693818027 58
1751012153262 0.998643686040936 59
1751012153912 0.9975530745945909 60
1751012154562 0.9982319190713714 61
1751012155215 0.9953756544208969 62
1751012155873 0.9972808302960084 63
1751012156527 0.9986398258977149 64
1751012156773 0.9986398258977149 0
1751012115571 0.8458891913283263 0
1751012156773 0.9986398258977149 0
