1750856098486 1.221114978502313 0
1750856098942 0.6843173125752686 1
1750856099407 0.44331751541681463 2
1750856099867 0.3111928241880726 3
1750856100331 0.23368288845764282 4
1750856100795 0.18210313447281898 5
1750856101255 0.14690980608691587 6
1750856101717 0.12055173985684398 7
1750856102181 0.10044815691271078 8
1750856102644 0.08806151297587954 9
1750856103109 0.07913943658196758 10
1750856103574 0.06912674586226814 11
1750856104038 0.06276099930666347 12
1750856104501 0.05626830782931829 13
1750856104965 0.051905860698764676 14
1750856105431 0.04821122330091529 15
1750856105897 0.043586305446995745 16
1750856106360 0.040322846941795845 17
1750856106825 0.03690238218142431 18
1750856107290 0.03478616189568327 19
1750856107754 0.03327216190753162 20
1750856108220 0.030570354707887694 21
1750856108686 0.029455903449862937 22
1750856109153 0.026435429803921686 23
1750856109620 0.024374815215831937 24
1750856110087 0.02357083975648562 25
1750856110555 0.022068780292052538 26
1750856111021 0.019754870419752286 27
1750856111489 0.018293738180226258 28
1750856111959 0.018139139725294642 29
1750856112426 0.01589068978968136 30
1750856112894 0.017633532157210356 31
1750856113360 0.013838630880029533 32
1750856113830 0.012672184586983024 33
1750856114297 0.012675927336792887 34
1750856114764 0.01340349414233844 35
1750856115230 0.011012835830188599 36
1750856115700 0.009957060477036631 37
1750856116170 0.011331534408381506 38
1750856116642 0.007995103941409483 39
1750856117116 0.006968445765179855 40
1750856117586 0.008179679912387295 41
1750856118059 0.008219659662252176 42
1750856118530 0.00635581389650367 43
1750856119001 0.006607839926596938 44
1750856119471 0.0054293830126069965 45
1750856119942 0.006145450822533725 46
1750856120414 0.004297718670856617 47
1750856120885 0.005536080466827096 48
1750856121359 0.004401392390718684 49
1750856121831 0.005254204299349552 50
1750856122302 0.004501709108893538 51
1750856122769 0.003560010995601848 52
1750856123240 0.006751723007589854 53
1750856123711 0.00418094294904493 54
1750856124181 0.004497714404278192 55
1750856124651 0.003005644602709175 56
1750856125121 0.0034296591855485247 57
1750856125592 0.004145894442827839 58
1750856126062 0.0038147408142027175 59
1750856126532 0.0028588976171711345 60
1750856127001 0.002349125216177931 61
1750856127470 0.0030455969551971365 62
1750856127938 0.003265042872474933 63
1750856098486 1.221114978502313 0
