1750853427304 1.1841590433048086 0
1750853427751 0.7121438477451835 1
1750853428202 0.502971394147655 2
1750853428652 0.38088432444062925 3
1750853429102 0.30487917947367044 4
1750853429551 0.2563790211188521 5
1750853430001 0.22182071562430805 6
1750853430449 0.18990508304002884 7
1750853430899 0.1714056441489449 8
1750853431349 0.15234420053312256 9
1750853431802 0.1337858807291507 10
1750853432253 0.12206801313246166 11
1750853432704 0.11352437210874278 12
1750853433159 0.10249266921014599 13
1750853433611 0.0970829774557701 14
1750853434059 0.09184449265373544 15
1750853434510 0.08433645418860318 16
1750853434963 0.07906663127981281 17
1750853435414 0.07716948353362162 18
1750853435866 0.07476111819260269 19
1750853436318 0.07354544006669093 20
1750853436769 0.07175333872113186 21
1750853437223 0.06441798341643953 22
1750853437675 0.05901918010998992 23
1750853438127 0.05781780833923648 24
1750853438578 0.05702975024474264 25
1750853439031 0.05542989639855184 26
1750853439484 0.054957887484115404 27
1750853439937 0.05314753790841042 28
1750853440394 0.050428629953158825 29
1750853440846 0.052419765237252655 30
1750853441298 0.04794882447281457 31
1750853441749 0.04992019802319764 32
1750853442202 0.046384393169632804 33
1750853442659 0.042979350506091925 34
1750853443112 0.04289719834113017 35
1750853443564 0.04150966669243311 36
1750853444018 0.04206471134309573 37
1750853444472 0.04063653909946843 38
1750853444928 0.03652898689338753 39
1750853445384 0.039614464133021235 40
1750853445840 0.03961675772945051 41
1750853446295 0.034636174582737426 42
1750853446752 0.035856879676030434 43
1750853447210 0.03561914894502849 44
1750853447665 0.03568586079207157 45
1750853448120 0.032213612852929216 46
1750853448574 0.03349023955870092 47
1750853449030 0.033096614974258025 48
1750853449484 0.03339005719010958 49
1750853449941 0.03226984778451566 50
1750853450398 0.0297560110344664 51
1750853450853 0.035777467291830546 52
1750853451309 0.03228922432969538 53
1750853451765 0.02911630720981945 54
1750853452224 0.03014221169450751 55
1750853452681 0.036149923802151776 56
1750853453136 0.028411717283801947 57
1750853453591 0.025570007442786553 58
1750853454046 0.026848970515140708 59
1750853454503 0.02814497804153666 60
1750853454961 0.026660564200247316 61
1750853455423 0.022648168926890352 62
1750853455881 0.02402468873932755 63
1750853456339 0.02196236037556994 64
1750853456799 0.027187876066880074 65
1750853457260 0.02670222110549744 66
1750853463715 0.6062947494161272 0
1750853464195 0.17577795461387707 1
1750853464675 0.10200005163711225 2
1750853465156 0.0786522070029031 3
1750853465636 0.06110241665009316 4
1750853466117 0.054390218542631354 5
1750853466599 0.0459777795921472 6
1750853467080 0.04367158347811708 7
1750853467563 0.03899016499243701 8
1750853468037 0.03724997197566665 9
1750853468506 0.03386763706235813 10
1750853468974 0.03256382122818255 11
1750853469444 0.02798518803126713 12
1750853469913 0.0277045092087389 13
1750853470381 0.02401239737225808 14
1750853470850 0.021660669363976353 15
1750853471323 0.021147382855050516 16
1750853471794 0.019484766899842174 17
1750853472263 0.020028735799319693 18
1750853472736 0.018449571523035068 19
1750853473206 0.015431038927138905 20
1750853473677 0.012933090035028358 21
1750853474147 0.012453976817179767 22
1750853474618 0.013551100102603898 23
1750853475091 0.011513783260764427 24
1750853475563 0.012480965725291152 25
1750853476034 0.010377922759394408 26
1750853476505 0.014635952561168999 27
1750853476977 0.015774805643479214 28
1750853477450 0.010850371108354922 29
1750853477924 0.012443133041701433 30
1750853478398 0.011185178698762092 31
1750853478872 0.007726603674025136 32
1750853479344 0.007918603412484723 33
1750853479818 0.008145723455487745 34
1750853480290 0.007348825765474192 35
1750853480762 0.00856044462035026 36
1750853481235 0.00738248273914465 37
1750853481706 0.005555362761959583 38
1750853482180 0.00868136957155412 39
1750853482653 0.006885189345279775 40
1750853483128 0.011655961430375186 41
1750853483600 0.007876686168309114 42
1750853484074 0.005113385964714632 43
1750853484547 0.006961582244945927 44
1750853485022 0.004119140212550776 45
1750853485498 0.00773395862877754 46
1750853485972 0.006430985911684572 47
1750853486445 0.006922802268759265 48
1750853486921 0.005336050869491581 49
1750853487398 0.0056438395596804525 50
1750853487873 0.00539434678078789 51
1750853493355 1.1437844818253253 0
1750853493821 0.6877363947452217 1
1750853494287 0.4940886595757664 2
1750853494756 0.379141397036458 3
1750853495223 0.303744090978417 4
1750853495690 0.24928827313007026 5
1750853496158 0.21634154671942968 6
1750853496624 0.19685599321379885 7
1750853497092 0.1754562050363574 8
1750853497558 0.1554178719259839 9
1750853498025 0.14288753948870628 10
1750853498492 0.13067375823158175 11
1750853498959 0.12667045727680246 12
1750853499429 0.1163948164995399 13
1750853499896 0.10764107466457458 14
1750853500362 0.10065839215464509 15
1750853500829 0.09693223506341951 16
1750853501297 0.09320394280118315 17
1750853501764 0.08558030221996357 18
1750853502230 0.08345668973711291 19
1750853502696 0.08283839636037411 20
1750853503164 0.07863857165400559 21
1750853503633 0.06987214325172209 22
1750853504106 0.06719089666497007 23
1750853504574 0.06866018198860223 24
1750853505042 0.06220078252264024 25
1750853510555 1.2072264288792283 0
1750853511025 0.7177799539934434 1
1750853511495 0.5012845239390227 2
1750853511964 0.3790294728094917 3
1750853512434 0.3005389075024992 4
1750853512903 0.2500498079663392 5
1750853513372 0.20924601883863597 6
1750853513842 0.18273690723134073 7
1750853514312 0.1592984239817055 8
1750853514783 0.14607533815765797 9
1750853515255 0.12691249865410248 10
1750853515725 0.11626288059681363 11
1750853516197 0.10678420841726308 12
1750853516668 0.10251337623018954 13
1750853517146 0.09316386160226914 14
1750853517619 0.08921128980029006 15
1750853518091 0.08341831589468286 16
1750853518562 0.0740844083866824 17
1750853519034 0.0729990388075208 18
1750853519507 0.07001173185737919 19
1750853519982 0.06256432125549581 20
1750853520456 0.058838171306774587 21
1750853520929 0.057576496666854694 22
1750853521402 0.0525545259538361 23
1750853521874 0.05098066309120372 24
1750853522347 0.05136390263670741 25
1750853522820 0.048782712364441615 26
1750853523292 0.046998301425683224 27
1750853523764 0.046317575519683574 28
1750853524238 0.04282186222105602 29
1750853524711 0.044305976584626684 30
1750853525187 0.04177122325378027 31
1750853525659 0.04000388958285663 32
1750853526132 0.041450836383600816 33
1750853526606 0.037773907197775146 34
1750853527081 0.038126626019533295 35
1750853527557 0.03625564284012597 36
1750853528031 0.03075921489787212 37
1750853528505 0.03576443014490105 38
1750853528979 0.03336666376553922 39
1750853529455 0.03296570509360035 40
1750853529929 0.03123080195510462 41
1750853530403 0.02879778796379273 42
1750853530878 0.030157090221978603 43
1750853531357 0.029426916225248862 44
1750853531832 0.02718344984714943 45
1750853532306 0.0260846644560923 46
1750853532780 0.028711417706134012 47
1750853533253 0.02621394487389721 48
1750853538719 1.0720958292030276 0
1750853539198 0.5778210413793226 1
1750853539675 0.382193293872414 2
1750853540149 0.2803481891508071 3
1750853540625 0.2212520247250309 4
1750853541099 0.17752760506039475 5
1750853541574 0.15327568348168807 6
1750853542048 0.13425880701355108 7
1750853542522 0.11926953539544143 8
1750853542997 0.10740268827943988 9
1750853543473 0.09582817107763332 10
1750853543948 0.08779477581008864 11
1750853544423 0.08447297217610157 12
1750853544898 0.07413526922788662 13
1750853545377 0.070149663868193 14
1750853545857 0.06385406080767171 15
1750853546336 0.06303968058617318 16
1750853546815 0.05881651441067036 17
1750853547294 0.053390195769570985 18
1750853547774 0.0549050098917446 19
1750853548251 0.05163092907493826 20
1750853548729 0.04605529994234621 21
1750853549206 0.045807679246612484 22
1750853549684 0.04734851554911725 23
1750853550164 0.04252325272201778 24
1750853550643 0.041530966265198 25
1750853551122 0.038308683407854725 26
1750853551602 0.0389928757552548 27
1750853552082 0.03582614179045951 28
1750853552564 0.03397762016276702 29
1750853553043 0.034579885302170286 30
1750853553524 0.03778553979372012 31
1750853554005 0.035415359836586544 32
1750853554484 0.03051611838175209 33
1750853554962 0.036398411919975955 34
1750853555442 0.029323536685796635 35
1750853555922 0.025994374339242787 36
1750853556403 0.02734024566268879 37
1750853561888 0.9269739916716359 0
1750853562371 0.4319946529815973 1
1750853562854 0.2737108339779525 2
1750853563337 0.19681756793479796 3
1750853563820 0.15415370290829386 4
1750853564304 0.12773954124069317 5
1750853564787 0.1084370101286226 6
1750853565269 0.09952900354406909 7
1750853565756 0.08632206482259441 8
1750853566239 0.08374035171556395 9
1750853566722 0.07413682431971677 10
1750853567213 0.06960902398328526 11
1750853567699 0.06406058977085437 12
1750853568184 0.05980005936131643 13
1750853568667 0.05604861897616054 14
1750853569152 0.057974405651577667 15
1750853569637 0.05036183871061291 16
1750853570125 0.04722280397208588 17
1750853570613 0.04669588230757025 18
1750853571100 0.04477630571641587 19
1750853571590 0.04069669057551257 20
1750853572081 0.04406428499242556 21
1750853572572 0.043856954490877405 22
1750853573061 0.040659563220688776 23
1750853573548 0.03773681094750389 24
1750853574034 0.036496338503935875 25
1750853574520 0.034832024437570955 26
1750853575011 0.032601046999176646 27
1750853575498 0.028929102992065355 28
1750853575983 0.032486489555931225 29
1750853576473 0.029999073567446546 30
1750853576960 0.028668327417155734 31
1750853577447 0.028193019549904535 32
1750853577933 0.028065300624618983 33
1750853578422 0.02497796581384662 34
1750853578909 0.021768066528561333 35
1750853579397 0.0247106004695857 36
1750853579885 0.026766357328529927 37
1750853580374 0.020776419756073663 38
1750853580864 0.021819404524754046 39
1750853581355 0.020870541095210724 40
1750853581843 0.0218039362133208 41
1750853582332 0.02224281877993735 42
1750853582820 0.020912236021020904 43
1750853583308 0.019017839542958964 44
1750853583797 0.019504537591198915 45
1750853584287 0.02133651834966309 46
1750853584779 0.02230517130368668 47
1750853585268 0.017858591494535555 48
1750853585756 0.018357691385958576 49
1750853586246 0.01773971351792365 50
1750853586735 0.01916726488279031 51
1750853587228 0.019414135569582925 52
1750853587718 0.014536077787826533 53
1750853588208 0.016432571376119542 54
1750853588697 0.016254577940275187 55
1750853589187 0.016725681102464748 56
1750853589675 0.01577663231686404 57
1750853590164 0.016910419138138292 58
1750853590654 0.016644731256293774 59
1750853591144 0.016191329838712097 60
1750853591633 0.013512877770281529 61
1750853592123 0.015457324844354843 62
1750853592612 0.012998540874979012 63
1750853593102 0.013731812532234662 64
1750853593592 0.014986906771560633 65
1750853594083 0.011633217767314475 66
1750853594572 0.011544480335639517 67
1750853595063 0.012522073140769049 68
1750853595554 0.010337486647303995 69
1750853596044 0.011012443669532529 70
1750853596533 0.012532469119122393 71
1750853597024 0.012774055964151682 72
1750853597515 0.01318068830991849 73
1750853598004 0.013244513764687873 74
1750853598494 0.015825591391448787 75
1750853598985 0.012564229637400755 76
1750853599476 0.012651525015937179 77
1750853605479 0.8887213306081957 0
1750853605972 0.4242789948336837 1
1750853606465 0.26823187399740706 2
1750853606958 0.2003283891603918 3
1750853607452 0.1554090195660752 4
1750853607944 0.12871001023592446 5
1750853608436 0.11385185737669533 6
1750853608928 0.1001757686436825 7
1750853609420 0.09070283845391315 8
1750853609909 0.07654063993207583 9
1750853610401 0.07307852902353394 10
1750853610892 0.07423412743489682 11
1750853611387 0.06622947034982395 12
1750853611879 0.06372887067602172 13
1750853612371 0.05706332889877025 14
1750853612863 0.05224682480072495 15
1750853613355 0.05414261350608851 16
1750853613848 0.051366766914725304 17
1750853614340 0.04769225639186726 18
1750853614833 0.04787208901168991 19
1750853615327 0.042989187806001555 20
1750853615821 0.040928179023217846 21
1750853616314 0.03740598366598845 22
1750853616808 0.0376051324971985 23
1750853617303 0.037950276764529285 24
1750853617797 0.03407569213388275 25
1750853618291 0.03621746376622975 26
1750853618787 0.032536478968027076 27
1750853619282 0.031729436124562485 28
1750853619777 0.03328540570419829 29
1750853620272 0.03488697318848673 30
1750853620767 0.026832607524850536 31
1750853621265 0.031463998455505605 32
1750853621762 0.03176775217457584 33
1750853622258 0.028335183737009065 34
1750853622754 0.033497849063820105 35
1750853623250 0.027061552227848697 36
1750853623747 0.026053461845116983 37
1750853624251 0.02381278597319071 38
1750853624756 0.02378952616782123 39
1750853625255 0.022714677355323145 40
1750853625754 0.02379574661064078 41
1750853626253 0.021062396606835773 42
1750853626754 0.019261592813456883 43
1750853627262 0.02137384469450124 44
1750853627771 0.02110525898121589 45
1750853628270 0.017476182932366535 46
1750853628770 0.020595452911524512 47
1750853629267 0.020147878209218154 48
1750853629770 0.019340921823764817 49
1750853630279 0.017313497821634213 50
1750853630777 0.016453771765563754 51
1750853631277 0.01636752968231445 52
1750853631777 0.02174925756596649 53
1750853632281 0.015869830652815012 54
1750853632778 0.01790912650496181 55
1750853633275 0.01783907070488165 56
1750853633771 0.016746778978717385 57
1750853634267 0.014915795149702185 58
1750853634765 0.015200347929898552 59
1750853640373 0.8682282107828491 0
1750853640873 0.3820199412866308 1
1750853641371 0.22937894024773703 2
1750853641873 0.16115184159902804 3
1750853642382 0.13154165120035313 4
1750853642881 0.1035806647906236 5
1750853643381 0.09111530806005844 6
1750853643881 0.07892229305874147 7
1750853644382 0.06974210624985389 8
1750853644882 0.06450030697313044 9
1750853645383 0.05972106938004105 10
1750853645883 0.055954409213949466 11
1750853646382 0.04764933340146051 12
1750853646881 0.0452561599098073 13
1750853647381 0.04755294792175747 14
1750853647880 0.04157893479446008 15
1750853648381 0.04064440207253894 16
1750853648882 0.04121318994995948 17
1750853649382 0.0375730133326866 18
1750853649883 0.033806862692136855 19
1750853650386 0.03919645857828 20
1750853650887 0.0316956448703153 21
1750853651389 0.03273491065653286 22
1750853651893 0.03202881541972629 23
1750853652395 0.027157669933056773 24
1750853652897 0.026574214972085414 25
1750853653398 0.02417576324216965 26
1750853653900 0.02467052735209919 27
1750853654401 0.02458070959922198 28
1750853654904 0.02352859195543735 29
1750853655406 0.022080788216315476 30
1750853655909 0.024626831802761463 31
1750853656602 0.024436732633515656 32
1750853657104 0.02136584061022617 33
1750853657607 0.019711750492370474 34
1750853658112 0.021039821366375156 35
1750853658614 0.019157616762338982 36
1750853659117 0.02169663939950329 37
1750853659621 0.022996581636594206 38
1750853660125 0.014668936327455 39
1750853660628 0.016712152399376068 40
1750853661131 0.017823345717488583 41
1750853666717 0.9517536651063406 0
1750853667227 0.4602882206050823 1
1750853667734 0.295867440052598 2
1750853668241 0.2167726709579358 3
1750853668747 0.16549013375068516 4
1750853669254 0.14285878834676433 5
1750853669760 0.11926182806572924 6
1750853670265 0.10679599416560784 7
1750853670771 0.09272078064729392 8
1750853671276 0.08327855423935998 9
1750853671782 0.08135963423467435 10
1750853672288 0.07217950793844571 11
1750853672797 0.06597456067873488 12
1750853673303 0.06235983448915824 13
1750853673810 0.056177097941232976 14
1750853674317 0.0590192289481809 15
1750853674824 0.05528045917422358 16
1750853675331 0.0520636747723954 17
1750853675839 0.047452098086995194 18
1750853676346 0.045816775726537515 19
1750853676853 0.046517194213266604 20
1750853677362 0.04083943727575202 21
1750853677870 0.044067087798086484 22
1750853678377 0.04363236379312094 23
1750853678885 0.0415111432151952 24
1750853679392 0.0413552220916868 25
1750853679900 0.03396909130418975 26
1750853680409 0.03620832656653065 27
1750853680918 0.03309595883014218 28
1750853681428 0.032460589764966054 29
1750853681938 0.0323747758071067 30
1750853682447 0.03385541176218722 31
1750853682956 0.03419806077362923 32
1750853683463 0.03076822830691439 33
1750853683971 0.025115927300095188 34
1750853684480 0.02436235635840335 35
1750853684989 0.032559795738618426 36
1750853685498 0.029716873244038895 37
1750853686011 0.025950236114753375 38
1750853686520 0.027184919426541967 39
1750853687029 0.024034204641868836 40
1750853687537 0.0249417964822559 41
1750853688045 0.022285708959908068 42
1750853688555 0.02253544130474045 43
1750853689067 0.02165197795730741 44
1750853689762 0.022139023822353256 45
1750853690272 0.024493495144329507 46
1750853690782 0.019080222072789164 47
1750853691292 0.016490230457760977 48
1750853691802 0.019706932830363837 49
1750853692316 0.020929561650747348 50
1750853692827 0.023746690478391733 51
1750853693338 0.02226090843404691 52
1750853693848 0.02373231371020507 53
1750853694359 0.02542872201388862 54
1750853694870 0.02419189147975993 55
1750853695382 0.02228603505683248 56
1750853695894 0.02036072918543515 57
1750853696405 0.016275741378875535 58
1750853696916 0.023132288495587416 59
1750853697428 0.018314331685893654 60
1750853697939 0.021753789518551416 61
1750853698450 0.015645669434362488 62
1750853698961 0.01967173501794957 63
1750853699474 0.01758925945742724 64
1750853699986 0.019438352293379996 65
1750853700499 0.012621420445345657 66
1750853701011 0.014339921779888028 67
1750853701523 0.014555187674210903 68
1750853702036 0.013946940526211688 69
1750853702548 0.015661356198577104 70
1750853708034 0.9088717950051964 0
1750853708548 0.4170145323343972 1
1750853709061 0.25919915148755285 2
1750853709577 0.17813954949054678 3
1750853710090 0.13713343237993897 4
1750853710605 0.11143595842853335 5
1750853711120 0.09278962161225775 6
1750853711636 0.08242453261196483 7
1750853712150 0.06854570397582226 8
1750853712664 0.06370312530421718 9
1750853713178 0.057453230396318486 10
1750853713692 0.05616056769113416 11
1750853714207 0.05006290148736927 12
1750853714721 0.04447267360182659 13
1750853715234 0.041089795998037186 14
1750853715750 0.04062265399144202 15
1750853716264 0.03758002297448094 16
1750853716779 0.03838088620612165 17
1750853717296 0.03442283628267257 18
1750853717810 0.03063688844126184 19
1750853718327 0.03263698332214381 20
1750853718842 0.03099584775156989 21
1750853719360 0.024200081662604254 22
1750853719875 0.0276610249865261 23
1750853720390 0.023612707885746338 24
1750853720906 0.024750887034248086 25
1750853721422 0.021144000599789103 26
1750853722096 0.02516263288823772 27
1750853722615 0.024565007922191972 28
1750853723129 0.017703332096617973 29
1750853723645 0.019374012856635797 30
1750853724162 0.018950692580159554 31
1750853724678 0.018200915716730375 32
1750853725193 0.016164521998862643 33
1750853725709 0.01582374514885737 34
1750853726227 0.01562251852038879 35
1750853726744 0.018261032674048133 36
1750853727264 0.016137885423052865 37
1750853727781 0.015851909775460207 38
1750853728299 0.015361268416485902 39
1750853728817 0.013990705536670325 40
1750853729335 0.012134596197972311 41
1750853729855 0.009207414417432355 42
1750853730371 0.010730247878658528 43
1750853730891 0.013640809201602992 44
1750853731409 0.012221434751527548 45
1750853731927 0.010100504093546566 46
1750853732445 0.012311509576227345 47
1750853732963 0.010859019374089788 48
1750853733479 0.008995919564059379 49
1750853733997 0.009712294329077378 50
1750853734515 0.011994236200134309 51
1750853735033 0.00734201538167748 52
1750853740640 0.859561301613788 0
1750853741160 0.33347905564230335 1
1750853741678 0.18584489357030431 2
1750853742195 0.12912881628927392 3
1750853742712 0.10043954906399413 4
1750853743229 0.08427736641468239 5
1750853743746 0.06986936259410781 6
1750853744264 0.06066573478111245 7
1750853744782 0.05297819567566598 8
1750853745300 0.04734947517112919 9
1750853745820 0.04074838394207943 10
1750853746339 0.039430289366105174 11
1750853746858 0.035119375966943325 12
1750853747376 0.0332896274456732 13
1750853747895 0.028421293478965826 14
1750853748417 0.02932043159350153 15
1750853748938 0.024661262227289208 16
1750853749458 0.02353547896452094 17
1750853749980 0.023322927460005513 18
1750853750501 0.018401222536087003 19
1750853751021 0.016036703027845628 20
1750853751541 0.01872566769150885 21
1750853752064 0.015321038526830479 22
1750853752585 0.014585504906254054 23
1750853753105 0.012541383415180886 24
1750853753626 0.014767700642594608 25
1750853754146 0.010722743811301677 26
1750853759644 1.1976361235804345 0
1750853760337 0.7574047696603395 1
1750853760859 0.5385100989723102 2
1750853761381 0.4135494705966559 3
1750853761901 0.3275520280408911 4
1750853762423 0.26870311626412535 5
1750853762944 0.22633780268252998 6
1750853763465 0.19370040584505577 7
1750853763987 0.1721319806264456 8
1750853764508 0.15401284866870033 9
1750853765033 0.13696632663171102 10
1750853765556 0.12255168270818298 11
1750853766078 0.11298204993300132 12
1750853766601 0.10589258288468059 13
1750853767127 0.09618728930562313 14
1750853767651 0.09153226262386138 15
1750853768174 0.08667020656987295 16
1750853768698 0.07922611393691147 17
1750853769220 0.07652526732303112 18
1750853769743 0.07412777828524889 19
1750853770266 0.0683315595200486 20
1750853770792 0.065689938294907 21
1750853771314 0.06428632311222991 22
1750853771838 0.05693469796698618 23
1750853772361 0.05948939412767402 24
1750853772885 0.053751603867433016 25
1750853773409 0.053955867710210166 26
1750853773933 0.050748066275387645 27
1750853774458 0.050585705243756385 28
1750853774983 0.04972467282067445 29
1750853775508 0.04569450214756521 30
1750853776035 0.044189931495445534 31
1750853776559 0.04738133190294993 32
1750853777084 0.04250005055705371 33
1750853777609 0.038789193567508776 34
1750853778134 0.04174046953521888 35
1750853778659 0.03822868270444824 36
1750853779186 0.03524341852879466 37
1750853779712 0.0338671568464954 38
1750853780238 0.03490281332551752 39
1750853780764 0.03197864032531881 40
1750853781294 0.03133597640347007 41
1750853781822 0.029992521519573066 42
1750853782349 0.031034142867853547 43
1750853782877 0.03058278354409762 44
1750853783403 0.028583671446176198 45
1750853783930 0.02946788530089407 46
1750853784457 0.030915521848232357 47
1750853784984 0.0281378296343255 48
1750853785512 0.024646218527124647 49
1750853786038 0.02367224790241014 50
1750853786565 0.02875295440414039 51
1750853787093 0.02650999744783507 52
1750853787775 0.024883015560375383 53
1750853788301 0.02698200092001355 54
1750853788828 0.02839755667251929 55
1750853789356 0.022395814486355668 56
1750853789883 0.021346088026202324 57
1750853790411 0.020660733562915447 58
1750853790939 0.025747952988103714 59
1750853791466 0.022028065590346 60
1750853791996 0.021846042509581914 61
1750853792527 0.02144163101379505 62
1750853793059 0.022642400611538573 63
1750853793591 0.01932263189976907 64
1750853794123 0.019193964513268026 65
1750853794657 0.018068248575038488 66
1750853795192 0.01898552136601104 67
1750853795726 0.018774003944976886 68
1750853796263 0.0179074577004441 69
1750853796798 0.019734906235869903 70
1750853797338 0.021091557783682723 71
1750853797874 0.019269647135123635 72
1750853798410 0.017703554673972655 73
1750853798943 0.01604027469387588 74
1750853799473 0.016986186013904617 75
1750853800005 0.01601333685548139 76
1750853800540 0.016203133254127033 77
1750853801073 0.0173930912181052 78
1750853801606 0.013155221102644728 79
1750853802139 0.015635998546038435 80
1750853802672 0.016996922435043117 81
1750853803205 0.014642602607545897 82
1750853803739 0.013693988499148917 83
1750853804272 0.012069875279999358 84
1750853804806 0.01247781673976437 85
1750853805341 0.013935468092208482 86
1750853805876 0.012201502920368836 87
1750853806412 0.012909825507863244 88
1750853806948 0.013012196617871088 89
1750853812535 1.0444286611575686 0
1750853813069 0.5295385263689973 1
1750853813605 0.33566691492146067 2
1750853814138 0.24356085645750375 3
1750853814672 0.18031305741109319 4
1750853815206 0.14710781607326928 5
1750853815740 0.1267548430998839 6
1750853816277 0.10587058910315651 7
1750853816816 0.09427042521122879 8
1750853817354 0.07907157470760978 9
1750853817891 0.07503874662359598 10
1750853818429 0.06953974741473551 11
1750853818967 0.06156877376812067 12
1750853819503 0.056566615817993396 13
1750853820040 0.050710007179451455 14
1750853820577 0.05216372308602012 15
1750853821283 0.04538863009780288 16
1750853821818 0.04140318638490061 17
1750853822355 0.041130291798655697 18
1750853822890 0.03757107569263504 19
1750853823426 0.03497063052578058 20
1750853823961 0.032494013927881 21
1750853824496 0.03617102519220899 22
1750853825034 0.03210734461674363 23
1750853825569 0.029847374385054568 24
1750853826105 0.030759533120357757 25
1750853826642 0.026758388417516557 26
1750853827179 0.025743646195545485 27
1750853827719 0.030269538534762615 28
1750853828260 0.02555623452328105 29
1750853828797 0.019731754986863175 30
1750853829334 0.02259966360265237 31
1750853829869 0.020086522708151398 32
1750853830407 0.02070134616623125 33
1750853830945 0.023329882127545994 34
1750853831484 0.024584544483081755 35
1750853832022 0.019314970861678545 36
1750853832561 0.017488346401940507 37
1750853833098 0.01575136051023778 38
1750853833635 0.01889903766257127 39
1750853834174 0.02060564278936068 40
1750853834711 0.01700072356406498 41
1750853835250 0.019045686266426567 42
1750853835788 0.014817825878435244 43
1750853836326 0.010074689772012476 44
1750853836864 0.01465531506044111 45
1750853837404 0.012438959593963694 46
1750853837943 0.010534712824092872 47
1750853838482 0.010195046380479942 48
1750853839019 0.013468472987957607 49
1750853839559 0.013244805859439318 50
1750853840100 0.015860009745930822 51
1750853840642 0.016991136680606457 52
1750853841182 0.014520252299808184 53
1750853841724 0.010400155664434158 54
1750853842265 0.012600849879402931 55
1750853842808 0.011116530557347501 56
1750853843349 0.011540157283794122 57
1750853843890 0.010213530216077484 58
1750853844430 0.016119526786781885 59
1750853844971 0.011906945970204839 60
1750853845512 0.008860433818552019 61
1750853846053 0.010688401355650844 62
1750853846593 0.012108096817650977 63
1750853847135 0.020583718038322173 64
1750853847677 0.00916430977424855 65
1750853853843 0.8299635268334336 0
1750853854186 0.32425813151521443 1
1750853854530 0.19243926164147904 2
1750853855035 0.13152435083870528 3
1750853855378 0.09969156267074818 4
1750853855722 0.08794236625823414 5
1750853856066 0.07754232941987854 6
1750853856412 0.06234419703183613 7
1750853856757 0.06001923291642985 8
1750853857102 0.05340130033297819 9
1750853857446 0.050098614809756956 10
1750853857789 0.045354716534502355 11
1750853858133 0.044487559715928396 12
1750853858478 0.03950496763193633 13
1750853858824 0.039119731614587094 14
1750853859168 0.03674627212610935 15
1750853859512 0.034035472604684265 16
1750853859856 0.03301268625676113 17
1750853860201 0.030155068950502604 18
1750853860546 0.028622238607965693 19
1750853860892 0.029333408699007107 20
1750853861237 0.03151177583308941 21
1750853861584 0.028024776598541988 22
1750853861929 0.026183434959675334 23
1750853862275 0.02277914656810584 24
1750853862620 0.020695963081973683 25
1750853862969 0.023116253943195702 26
1750853863315 0.016747045735053322 27
1750853863661 0.01879039940336097 28
1750853864008 0.01851464828863432 29
1750853864355 0.017872059241472314 30
1750853864705 0.0182164499598988 31
1750853865054 0.017762325140642524 32
1750853865405 0.01399043925467299 33
1750853865753 0.014102081803684007 34
1750853866104 0.012465093395813602 35
1750853866604 0.01195613851910609 36
1750853866958 0.012793495265566323 37
1750853867308 0.01081492359242255 38
1750853867658 0.01261323752333699 39
1750853868005 0.0099007621938535 40
1750853868354 0.00983559705521729 41
1750853868704 0.009744860242517164 42
1750853869054 0.00993879695632723 43
1750853869403 0.00955444002565568 44
1750853869752 0.007994698958473444 45
1750853870101 0.007335204786901748 46
1750853870451 0.006510788888971487 47
1750853870801 0.008842115750043806 48
1750853871150 0.00795518428237219 49
1750853871501 0.007008510933108668 50
1750853871853 0.006684305088572261 51
1750853872206 0.005111079808589075 52
1750853872558 0.008660225069983351 53
1750853872910 0.009140523930887922 54
1750853873264 0.006961126757078319 55
1750853873615 0.006285030978515955 56
1750853873964 0.006485391778352552 57
1750853879626 1.0988574857550943 0
1750853880174 0.5879427448515016 1
1750853880722 0.3657048222030208 2
1750853881270 0.26124835771562227 3
1750853881820 0.1960376620908816 4
1750853882527 0.15542380273406992 5
1750853883076 0.12454446652444065 6
1750853883627 0.10556600789283123 7
1750853884177 0.09242953154156076 8
1750853884727 0.08144904163962999 9
1750853885275 0.07117722358582977 10
1750853885826 0.0656174866277907 11
1750853886376 0.06104471507331233 12
1750853886927 0.05506259347874594 13
1750853887477 0.04758008595422251 14
1750853888027 0.048154141354628956 15
1750853888579 0.04526893414711018 16
1750853889130 0.04211773662964719 17
1750853889681 0.03986972613894544 18
1750853890231 0.03688232252279031 19
1750853890782 0.03280729776343596 20
1750853891334 0.029492086907230538 21
1750853891886 0.03050594661796265 22
1750853892436 0.02894866038762414 23
1750853892986 0.028100346227736904 24
1750853893540 0.026518215446087397 25
1750853894091 0.02528543462338366 26
1750853894642 0.026865645659372 27
1750853895191 0.02539438013011697 28
1750853895742 0.02099641670713098 29
1750853896293 0.022624819483496532 30
1750853896845 0.02391133753894965 31
1750853897559 0.020285880091773414 32
1750853898108 0.019979183038421 33
1750853898657 0.01987867883732897 34
1750853899211 0.016067693072550557 35
1750853899762 0.021457314668618492 36
1750853900314 0.01748472260249428 37
1750853900864 0.019042568182232218 38
1750853901417 0.016726831475478498 39
1750853901969 0.015834252778197496 40
1750853902522 0.01624958730232826 41
1750853903074 0.014398709303302684 42
1750853903628 0.019423520612941853 43
1750853904181 0.014505095659426826 44
1750853904735 0.016707945217543624 45
1750853905288 0.014282733639709801 46
1750853905844 0.010973110944467169 47
1750853906397 0.011556403865919664 48
1750853906952 0.011441076007736006 49
1750853907507 0.012691695333946946 50
1750853908060 0.011782539865281737 51
1750853908614 0.01203887829274827 52
1750853909167 0.00794043235501774 53
1750853909722 0.009692092188096873 54
1750853910277 0.010049276718891593 55
1750853910832 0.010984183741914325 56
1750853911386 0.012184599982610051 57
1750853912096 0.012328288463738334 58
1750853912652 0.009022732706379726 59
1750853913205 0.011313296308553746 60
1750853913759 0.010837027079616273 61
1750853914315 0.010132579228491648 62
1750853919670 1.680662728238028 0
1750853920024 1.4678088226826846 1
1750853920379 1.338129397445197 2
1750853920733 1.2504815673931897 3
1750853921088 1.178181806248861 4
1750853921440 1.1130351350927508 5
1750853921793 1.0611276700525212 6
1750853922147 1.00576948587731 7
1750853922505 0.9615351762034818 8
1750853922860 0.9233407484564091 9
1750853923214 0.8831478178306554 10
1750853923726 0.8475666960642568 11
1750853924081 0.8159688185815324 12
1750853924435 0.783828829071597 13
1750853924791 0.7545249215018114 14
1750853925146 0.7254762052192522 15
1750853925500 0.7078236886284945 16
1750853925855 0.6801907294333565 17
1750853926210 0.6595231611788338 18
1750853926566 0.6366711416493562 19
1750853926922 0.6185043515136893 20
1750853927280 0.5959224305292987 21
1750853927637 0.5773134608393266 22
1750853927993 0.561953781673257 23
1750853928350 0.5473687655259009 24
1750853928706 0.5256512549354151 25
1750853929212 0.5126472948295377 26
1750853929568 0.5007532063194665 27
1750853929925 0.4833514322653429 28
1750853930282 0.46847760378990133 29
1750853930638 0.4556727144741519 30
1750853930995 0.4412996733603721 31
1750853931351 0.4316535809678274 32
1750853931708 0.4203305434155905 33
1750853932068 0.40689260237753977 34
1750853932426 0.3950141874892927 35
1750853932783 0.38574433307263745 36
1750853933140 0.37498287514452056 37
1750853933497 0.36565980626527583 38
1750853933854 0.3599011659038469 39
1750853934360 0.34864368879107577 40
1750853934719 0.33962386120131016 41
1750853935077 0.32821748198959594 42
1750853935437 0.3252058037606365 43
1750853935797 0.315950710606134 44
1750853936157 0.3076902554006649 45
1750853936516 0.30022667006258086 46
1750853936876 0.29173340751375026 47
1750853937236 0.28418492829838565 48
1750853937596 0.2786373385796739 49
1750853937958 0.2742785925250318 50
1750853938317 0.271909001051277 51
1750853938676 0.26531385853319095 52
1750853939037 0.2585181552385739 53
1750853939399 0.25351333243608215 54
1750853939909 0.24806151371266819 55
1750853940270 0.24385566060898484 56
1750853940631 0.24086018482281932 57
1750853940993 0.23487081223849504 58
1750853941354 0.22961820499876248 59
1750853941715 0.2239079787208414 60
1750853942075 0.22074046416433124 61
1750853942436 0.2181345727841924 62
1750853942798 0.21344213549278765 63
1750853943159 0.20928101170244623 64
1750853943519 0.20540046768102863 65
1750853943883 0.20439871495449763 66
1750853944246 0.19715139519532696 67
1750853944608 0.19259801422680553 68
1750853944971 0.18946127914565172 69
1750853945481 0.18779857051320642 70
1750853945845 0.18071921659436915 71
1750853946207 0.18323596178577306 72
1750853946572 0.17857422083778401 73
1750853946941 0.17720264713639663 74
1750853947305 0.17229394180146862 75
1750853947669 0.1685677245016067 76
1750853948033 0.16849752417456468 77
1750853948397 0.16325401162102382 78
1750853948763 0.16245888309782297 79
1750853949128 0.15830740305038737 80
1750853949497 0.15650784259133033 81
1750853949863 0.15307366757190527 82
1750853950231 0.15215544887414045 83
1750853950748 0.1478382009481839 84
1750853956406 0.892522231020009 0
1750853956978 0.3842243826071508 1
1750853957549 0.22670152846630562 2
1750853958121 0.15755756464467605 3
1750853958691 0.12202952617335501 4
1750853959267 0.09641550885872172 5
1750853959841 0.08668701030451792 6
1750853960416 0.07094732274719888 7
1750853960992 0.06531404222283711 8
1750853961565 0.05940946951808491 9
1750853962134 0.05061408128463729 10
1750853962710 0.0476686327938108 11
1750853963282 0.04606951768099613 12
1750853963855 0.040011950394582566 13
1750853964585 0.0356118201528462 14
1750853965161 0.03444927873574319 15
1750853965735 0.03205224600345934 16
1750853966314 0.029516501879163482 17
1750853966889 0.0276920583025148 18
1750853967467 0.026645932795522458 19
1750853968042 0.02729774372939981 20
1750853968616 0.027288221158249398 21
1750853969190 0.023754777703474766 22
1750853969764 0.021143957930976794 23
1750853970337 0.021416798797314448 24
1750853970910 0.02387742040642376 25
1750853971484 0.021640593908581238 26
1750853972060 0.01829476778013419 27
1750853972630 0.018107453043449982 28
1750853973201 0.021818808521376163 29
1750853973772 0.01594276653090441 30
1750853974347 0.013444289709243749 31
1750853974920 0.01406447209901216 32
1750853975498 0.01177864775689414 33
1750853976075 0.013795625077285911 34
1750853976655 0.014454046627977848 35
1750853977237 0.012834144932784392 36
1750853977816 0.01080700822599674 37
1750853978395 0.01087761233749235 38
1750853978975 0.012259627011770807 39
1750853979553 0.013591497452976232 40
1750853980129 0.010072130540140597 41
1750853980880 0.010375213815075151 42
1750853981459 0.008660267509638622 43
1750853982035 0.008331765215709639 44
1750853982615 0.008451637482030927 45
1750853983190 0.011238729741323741 46
1750853983765 0.010424538309200336 47
1750853984340 0.009483629475401914 48
1750853984914 0.009062010572996926 49
1750853985494 0.008192273920752316 50
1750853986071 0.009247147441617191 51
1750853986652 0.009432333143860187 52
1750853987236 0.008712283422890113 53
1750853987818 0.012189458843004678 54
1750853988396 0.008689516324175776 55
1750853989134 0.004343595926424892 56
1750853989715 0.005504133062861795 57
1750853990293 0.00498088702370217 58
1750853990873 0.008773950199668536 59
1750853991451 0.00833733596447455 60
1750853992027 0.00701760009612804 61
1750853992606 0.009197327990032443 62
1750853993185 0.008566003800516744 63
1750853993763 0.008243947459313354 64
1750853994340 0.006340418563922867 65
1750853994917 0.007220339268621795 66
1750853995492 0.005563098743268602 67
1750853996069 0.007461771876824831 68
1750853996646 0.009799702092150116 69
1750853997224 0.00662416013767659 70
1750853997802 0.01075761007264186 71
1750853998378 0.008140336026509659 72
1750853998954 0.005245294403978656 73
1750853999530 0.005341334745956238 74
1750854005162 0.9224331648098112 0
1750854005743 0.40368413075529064 1
1750854006323 0.2506427783701443 2
1750854006903 0.17807814957203102 3
1750854007640 0.13818720853821626 4
1750854008217 0.11107611636326155 5
1750854008796 0.0949679506340665 6
1750854009375 0.08532649412005329 7
1750854009955 0.07214095365252017 8
1750854010538 0.06681129615044502 9
1750854011137 0.06311154727529131 10
1750854011733 0.052690507789366396 11
1750854012327 0.05065024452196825 12
1750854012908 0.04607965286731947 13
1750854013488 0.043950587753267295 14
1750854014069 0.044826980526189164 15
1750854014650 0.03881667610217328 16
1750854015229 0.03783027869846846 17
1750854015810 0.03171214129435257 18
1750854016391 0.03415861732495687 19
1750854017002 0.0323860149012759 20
1750854018155 0.033197751626477735 21
1750854018749 0.030871703718121087 22
1750854019536 0.027762903553718483 23
1750854020146 0.02270054877801546 24
1750854020753 0.024775415234839275 25
1750854021367 0.020848320301275567 26
1750854021948 0.02029276629798398 27
1750854022540 0.02094345123221301 28
1750854023135 0.01976778560725443 29
1750854023729 0.02267672742782333 30
1750854024510 0.021456992825730353 31
1750854025092 0.01626458997413581 32
1750854025691 0.017216595427373322 33
1750854026288 0.015854206452525187 34
1750854026886 0.014486916435444657 35
1750854027483 0.013002580621049732 36
1750854028065 0.01570255751594885 37
1750854028650 0.017660568835886684 38
1750854029231 0.016974521483805422 39
1750854029812 0.01536838320893123 40
1750854030397 0.014151514656801218 41
1750854030981 0.011946816967320917 42
1750854031575 0.01056196933628822 43
1750854032171 0.009941442766932667 44
1750854032767 0.01080453072135439 45
1750854033499 0.00993436788248939 46
1750854034080 0.015867160250517917 47
1750854034664 0.013096038491343035 48
1750854035246 0.00972987864200954 49
1750854035827 0.01438264294444625 50
1750854036408 0.013674389963013943 51
1750854036991 0.013042077278523018 52
1750854037576 0.011710999294242927 53
1750854038159 0.011835037698743509 54
1750854038743 0.01268008946114543 55
1750854039325 0.009929471513717784 56
1750854039908 0.009975948900974207 57
1750854040492 0.008916574314605775 58
1750854041076 0.008320597939691593 59
1750854041660 0.00899766305166624 60
1750854042244 0.009019575391219493 61
1750854042831 0.0060753400786494795 62
1750854043417 0.00699443906662561 63
1750854044002 0.009049933947756673 64
1750854044587 0.008946359394668217 65
1750854045171 0.008985235694114583 66
1750854045758 0.0074558301000466716 67
1750854046345 0.007236775730407702 68
1750854058080 0.9541852193376834 0
1750854058832 0.45052734737297656 1
1750854059416 0.2805021380249642 2
1750854060000 0.19696096768673668 3
1750854060584 0.1521793932241506 4
1750854061170 0.12244689933979991 5
1750854061761 0.10174838008442175 6
1750854062350 0.08791941465147173 7
1750854062939 0.07584607863030574 8
1750854063528 0.07311144199777674 9
1750854064115 0.06514766966362642 10
1750854064702 0.057949894678427295 11
1750854065291 0.054815622877584964 12
1750854065880 0.05448321805977069 13
1750854066468 0.04888851877597847 14
1750854067057 0.044864239822769124 15
1750854067646 0.04187357936549012 16
1750854068237 0.04139046691017584 17
1750854068974 0.0379035908240375 18
1750854069566 0.037067783940725345 19
1750854070160 0.034580096184915504 20
1750854070756 0.030648031233484585 21
1750854071467 0.030486406095658346 22
1750854072765 0.0318545106654253 23
1750854073394 0.028760888044224796 24
1750854074020 0.02387136738783841 25
1750854074859 0.02302667028544282 26
1750854075481 0.02318444839446634 27
1750854076102 0.026578364635374847 28
1750854076723 0.022575862696586874 29
1750854077347 0.01813825091217382 30
1750854077968 0.025046157434286793 31
1750854078590 0.022494748647459525 32
1750854079215 0.01950905203638888 33
1750854079833 0.019119582721918934 34
1750854080429 0.01867961344614187 35
1750854081034 0.01724528851670591 36
1750854081630 0.017888242420127314 37
1750854082225 0.012927251240776667 38
1750854082822 0.017382225750614124 39
1750854083416 0.01512235598610785 40
