1750856263403 1.394543614688454 0
1750856263858 0.9059521605192772 1
1750856264321 0.6504069256056121 2
1750856264784 0.4984512963414322 3
1750856265245 0.3940964356081011 4
1750856265709 0.3214399544147205 5
1750856266172 0.26668896942001175 6
1750856266633 0.21988010743756548 7
1750856267096 0.18353101826790758 8
1750856267559 0.15952793458503012 9
1750856268021 0.138645894298486 10
1750856268484 0.12180561970380237 11
1750856268946 0.10789797382512342 12
1750856269409 0.0980954586129972 13
1750856269873 0.08856873750946079 14
1750856270341 0.08273769444071559 15
1750856270805 0.07403137137195231 16
1750856271268 0.06646534939771832 17
1750856271731 0.061795319672734744 18
1750856272198 0.05741521822323088 19
1750856272660 0.05428405346448196 20
1750856273124 0.05002680895961537 21
1750856273590 0.04820113837864894 22
1750856274055 0.043812187311520256 23
1750856274519 0.04085232003290972 24
1750856274984 0.03935633095080627 25
1750856275448 0.03450411927842731 26
1750856275913 0.033171036905964776 27
1750856276377 0.03296868632860701 28
1750856276844 0.030578912599610167 29
1750856277312 0.028701549411119975 30
1750856277778 0.026198731350253406 31
1750856278244 0.02448856326426107 32
1750856278710 0.024749594425399493 33
1750856279176 0.022174244534763406 34
1750856279643 0.020760539092196474 35
1750856280110 0.01967671888771997 36
1750856280577 0.018259878636675282 37
1750856281045 0.016781796776751408 38
1750856281516 0.01677423192191184 39
1750856281982 0.01589324529575624 40
1750856282450 0.016074590250050143 41
1750856282917 0.014779239154438021 42
1750856283384 0.014326419216916127 43
1750856283849 0.012629328150671052 44
1750856284317 0.011699930656046664 45
1750856284782 0.011357883712473418 46
1750856285251 0.011197459198163581 47
1750856285717 0.011157138467821069 48
1750856286185 0.010015140304299348 49
1750856286653 0.010032927025219992 50
1750856287124 0.00872336052230461 51
1750856287591 0.00898445727099929 52
1750856288058 0.00814575752926437 53
1750856288528 0.008813374018994838 54
1750856289013 0.007790843199662888 55
1750856289496 0.007136632792471267 56
1750856289981 0.006361601867645136 57
1750856290466 0.006707962587555836 58
1750856290953 0.005347288691999149 59
1750856291438 0.006004402942963601 60
1750856291923 0.005950570299814053 61
1750856292407 0.00530155639516816 62
1750856292892 0.00544510138054126 63
1750856293375 0.004907504781906851 64
1750856293860 0.004398672921295249 65
1750856294345 0.003938698749145608 66
1750856294832 0.0034223167135525125 67
1750856295317 0.004418552425318581 68
1750856295802 0.0036074778332878654 69
1750856296288 0.005135269878534509 70
1750856296771 0.0031953159929607854 71
1750856297260 0.0049344670976678336 72
1750856297745 0.004259899847435697 73
1750856298231 0.002918603533839146 74
1750856298717 0.003515507539068435 75
1750856299208 0.0032272429565680686 76
1750856299695 0.00303010525631843 77
1750856300182 0.002922579502048157 78
1750856300669 0.0029116274384213955 79
1750856301154 0.0027437563216028953 80
1750856301642 0.00223622496522772 81
1750856302128 0.002868179360727508 82
1750856302615 0.0018869542333847713 83
1750856303102 0.0022658104328053545 84
1750856303589 0.002484668104538706 85
