1750948702131 0.8584912619291369 0
1750948702750 0.9533411050490925 1
1750948703384 0.9670500762744705 2
1750948704018 0.9756353632603909 3
1750948704660 0.9804131700035259 4
1750948705302 0.9826111127942883 5
1750948705948 0.9843576710014834 6
1750948706594 0.9843611660627752 7
1750948707244 0.9861207725131156 8
1750948707887 0.9880342038819707 9
1750948708528 0.9895277670328712 10
1750948709169 0.9892648289275058 11
1750948709810 0.9900902852311556 12
1750948710452 0.9908870277602744 13
1750948711098 0.9923853524003067 14
1750948711740 0.9923830379608304 15
1750948712383 0.9934712339042616 16
1750948713025 0.9930645161859382 17
1750948713667 0.9941512047861192 18
1750948714314 0.9942879498057308 19
1750948714959 0.9949742935072764 20
1750948715607 0.9960584892304648 21
1750948716254 0.994695552462632 22
1750948716900 0.9976884410506817 23
1750948717546 0.9982325541139142 24
1750948718195 0.9971443109878998 25
1750948718841 0.9944236642860059 26
1750948719488 0.9967355821545157 27
1750948720136 0.9976877475208938 28
1750948720783 0.997824234368015 29
1750948721432 0.9990505420972804 30
1750948722080 0.9975519686921288 31
1750948722729 0.9982345276790578 32
1750948723377 0.999047956265038 33
1750948724028 0.9985039472720437 34
1750948724681 0.9968722714558329 35
1750948724907 0.9968722714558329 0
1750948702131 0.8584912619291369 0
1750948724907 0.9968722714558329 0
