1750948702152 0.8506528835690969 0
1750948702776 0.9533460282916213 1
1750948703409 0.9670837867247007 2
1750948704043 0.9756528835690969 3
1750948704686 0.9804134929270947 4
1750948705328 0.9825897714907508 5
1750948705973 0.9843579978237215 6
1750948706620 0.9843579978237215 7
1750948707270 0.986126224156692 8
1750948707913 0.9880304678998912 9
1750948708554 0.9895266594124048 10
1750948709195 0.9892546245919478 11
1750948709836 0.9900707290533188 12
1750948710479 0.9908868335146899 13
1750948711124 0.9923830250272034 14
1750948711766 0.9923830250272034 15
1750948712409 0.9934711643090316 16
1750948713051 0.9930631120783461 17
1750948713693 0.9941512513601741 18
1750948714341 0.9942872687704026 19
1750948714985 0.9949673558215452 20
1750948715634 0.9960554951033732 21
1750948716280 0.9946953210010882 22
1750948716926 0.9976877040261154 23
1750948717572 0.9982317736670294 24
1750948718222 0.9971436343852013 25
1750948718868 0.9944232861806311 26
1750948719515 0.9967355821545157 27
1750948720162 0.9976877040261154 28
1750948720809 0.9978237214363439 29
1750948721459 0.9990478781284005 30
1750948722107 0.9975516866158868 31
1750948722755 0.9982317736670294 32
1750948723404 0.9990478781284005 33
1750948724055 0.9985038084874864 34
1750948724707 0.9968715995647442 35
1750948724907 0.9968715995647442 0
1750948702152 0.8506528835690969 0
1750948724907 0.9968715995647442 0
