1750948702110 0.8506528835690969 0
1750948702725 0.9533460282916213 1
1750948703358 0.9670837867247007 2
1750948703992 0.9756528835690969 3
1750948704635 0.9804134929270947 4
1750948705276 0.9825897714907508 5
1750948705923 0.9843579978237215 6
1750948706567 0.9843579978237215 7
1750948707218 0.986126224156692 8
1750948707861 0.9880304678998912 9
1750948708502 0.9895266594124048 10
1750948709143 0.9892546245919478 11
1750948709784 0.9900707290533188 12
1750948710426 0.9908868335146899 13
1750948711072 0.9923830250272034 14
1750948711714 0.9923830250272034 15
1750948712357 0.9934711643090316 16
1750948712999 0.9930631120783461 17
1750948713641 0.9941512513601741 18
1750948714286 0.9942872687704026 19
1750948714932 0.9949673558215452 20
1750948715581 0.9960554951033732 21
1750948716227 0.9946953210010882 22
1750948716874 0.9976877040261154 23
1750948717519 0.9982317736670294 24
1750948718168 0.9971436343852013 25
1750948718815 0.9944232861806311 26
1750948719461 0.9967355821545157 27
1750948720109 0.9976877040261154 28
1750948720756 0.9978237214363439 29
1750948721405 0.9990478781284005 30
1750948722054 0.9975516866158868 31
1750948722701 0.9982317736670294 32
1750948723350 0.9990478781284005 33
1750948724001 0.9985038084874864 34
1750948724654 0.9968715995647442 35
1750948724907 0.9968715995647442 0
1750948702110 0.8506528835690969 0
1750948724907 0.9968715995647442 0
