1750948702090 0.6045582698043983 0
1750948702699 0.18432308234866218 1
1750948703332 0.11248917471499904 2
1750948703966 0.08238735516536352 3
1750948704609 0.06488813128488562 4
1750948705251 0.0550130173032931 5
1750948705897 0.04914469937302407 6
1750948706541 0.04484147028196948 7
1750948707192 0.040040843590072504 8
1750948707835 0.03555689024474468 9
1750948708476 0.03209677376298962 10
1750948709117 0.03322409567655235 11
1750948709758 0.02923974364345348 12
1750948710400 0.026247082009579138 13
1750948711046 0.02379104516076753 14
1750948711688 0.02280496773122525 15
1750948712330 0.020806076060585328 16
1750948712973 0.019070238112249047 17
1750948713615 0.018273603358084055 18
1750948714259 0.020272287366844884 19
1750948714906 0.015843362144120566 20
1750948715554 0.012882553801227815 21
1750948716200 0.014988264506753692 22
1750948716846 0.011319323939573267 23
1750948717492 0.009548183315219732 24
1750948718141 0.011394768846535425 25
1750948718788 0.017582537580516606 26
1750948719434 0.011271376446015136 27
1750948720082 0.009109083239495313 28
1750948720729 0.00981228321097017 29
1750948721378 0.006862493713641736 30
1750948722027 0.00758118221006266 31
1750948722674 0.007236293969128405 32
1750948723323 0.004868450298169638 33
1750948723973 0.006817122323309823 34
1750948724627 0.010293767234575008 35
1750948724907 0.010293767234575008 0
1750948702090 0.6045582698043983 0
1750948724907 0.010293767234575008 0
