1750948702174 0.847292830625812 0
1750948702801 0.9532497342996284 1
1750948703435 0.9670658284984103 2
1750948704069 0.9756421664345593 3
1750948704711 0.9804124939060017 4
1750948705353 0.9825921497467371 5
1750948705999 0.9843573935964898 6
1750948706647 0.9843587320650868 7
1750948707296 0.9861233486426032 8
1750948707939 0.9880291670081405 9
1750948708580 0.9895259702745611 10
1750948709221 0.9892557053068917 11
1750948709862 0.9900720983706323 12
1750948710505 0.9908864814866506 13
1750948711150 0.9923833870966184 14
1750948711792 0.9923828310327931 15
1750948712435 0.9934709980281085 16
1750948713077 0.9930633623347939 17
1750948713720 0.9941511777095983 18
1750948714367 0.9942874077858825 19
1750948715012 0.9949667340582263 20
1750948715660 0.9960557266830109 21
1750948716307 0.9946953862960864 22
1750948716953 0.997687614705568 23
1750948717599 0.9982317053630814 24
1750948718248 0.9971437033470523 25
1750948718894 0.9944232380957987 26
1750948719542 0.9967355821545157 27
1750948720189 0.9976876749084458 28
1750948720836 0.9978237743946219 29
1750948721486 0.9990479340269336 30
1750948722133 0.9975516242605407 31
1750948722782 0.9982318774785911 32
1750948723432 0.9990478661387717 33
1750948724081 0.9985038269040244 34
1750948724734 0.996871478719298 35
1750948724907 0.996871478719298 0
1750948702174 0.847292830625812 0
1750948724907 0.996871478719298 0
