1750857614983 0.6939608269858542 0
1750857615586 0.8725516866158868 1
1750857616197 0.9126768226332971 2
1750857616811 0.9371599564744287 3
1750857617427 0.9498095756256801 4
1750857618040 0.9624591947769314 5
1750857618654 0.9687159956474428 6
1750857619270 0.971164309031556 7
1750857619885 0.9745647442872688 8
1750857620502 0.9767410228509249 9
1750857621117 0.9774211099020674 10
1750857623347 0.9804134929270947 11
1750857623994 0.9816376496191512 12
1750857624635 0.98449401523395 13
1750857625272 0.9857181719260065 14
1750857625906 0.9866702937976061 15
1750857626541 0.9878944504896626 16
1750857627179 0.9865342763873776 17
1750857627816 0.9863982589771491 18
1750857628453 0.9877584330794341 19
1750857629091 0.9897986942328618 20
1750857629735 0.9900707290533188 21
1750857630374 0.9904787812840044 22
1750857631021 0.9903427638737758 23
1750857631665 0.9907508161044614 24
1750857632307 0.9908868335146899 25
1750857632947 0.9921109902067464 26
1750857633589 0.9922470076169749 27
1750857634234 0.9930631120783461 28
1750857634879 0.9922470076169749 29
1750857635533 0.9933351468988031 30
1750857636187 0.9948313384113167 31
1750857636842 0.9936071817192601 32
1750857637487 0.9945593035908596 33
1750857638131 0.9945593035908596 34
1750857638777 0.9957834602829162 35
1750857639423 0.9956474428726877 36
1750857640070 0.9953754080522307 37
1750857640717 0.9945593035908596 38
1750857641365 0.9952393906420022 39
1750857642011 0.9955114254624592 40
1750857642658 0.9960554951033732 41
1750857643303 0.9956474428726877 42
1750857643952 0.9957834602829162 43
1750857644600 0.9968715995647442 44
1750857645253 0.9965995647442872 45
1750857645901 0.9964635473340587 46
1750857646551 0.9964635473340587 47
1750857647199 0.9971436343852013 48
1750857647847 0.9982317736670294 49
1750857648496 0.9974156692056583 50
1750857649150 0.9976877040261154 51
1750857649803 0.9976877040261154 52
1750857650460 0.9979597388465724 53
1750857651111 0.9975516866158868 54
1750857651762 0.9978237214363439 55
1750857652429 0.9982317736670294 56
1750857653078 0.9976877040261154 57
1750857653729 0.9978237214363439 58
1750857654385 0.9978237214363439 59
1750857655046 0.9968715995647442 60
1750857655702 0.999183895538629 61
1750857656355 0.9980957562568009 62
1750857657007 0.9985038084874864 63
1750857657655 0.9983677910772579 64
1750857658299 0.9986398258977149 65
1750857658949 0.9983677910772579 66
1750857659599 0.9980957562568009 67
1750857660249 0.9985038084874864 68
1750857660906 0.999183895538629 69
1750857661559 0.999183895538629 70
1750857662216 0.9987758433079434 71
1750857662868 0.9993199129488575 72
1750857663523 0.999183895538629 73
1750857664179 0.9990478781284005 74
1750857664833 0.9985038084874864 75
1750857665489 0.9993199129488575 76
1750857666145 0.998911860718172 77
1750857666806 0.9985038084874864 78
1750857667464 0.9986398258977149 79
1750857668123 0.9998639825897715 80
1750857668781 0.9986398258977149 81
1750857669440 0.9982317736670294 82
1750857670100 0.9995919477693145 83
1750857670762 0.9990478781284005 84
1750857671423 0.999727965179543 85
1750857672083 0.9990478781284005 86
1750857672743 0.9993199129488575 87
1750857673402 0.999183895538629 88
1750857674061 0.9986398258977149 89
1750857674724 0.998911860718172 90
1750857675385 0.998911860718172 91
1750857676049 0.998911860718172 92
1750857676709 0.9993199129488575 93
1750857677385 0.9995919477693145 94
1750857678049 0.9998639825897715 95
1750857678710 0.9990478781284005 96
1750857679380 0.9993199129488575 97
1750857680043 0.999183895538629 98
1750857680703 0.999727965179543 99
1750857614983 0.6939608269858542 0
