1750857614942 0.6939608269858542 0
1750857615535 0.8725516866158868 1
1750857616147 0.9126768226332971 2
1750857616757 0.9371599564744287 3
1750857617376 0.9498095756256801 4
1750857617989 0.9624591947769314 5
1750857618603 0.9687159956474428 6
1750857619219 0.971164309031556 7
1750857619834 0.9745647442872688 8
1750857620448 0.9767410228509249 9
1750857621065 0.9774211099020674 10
1750857623291 0.9804134929270947 11
1750857623939 0.9816376496191512 12
1750857624583 0.98449401523395 13
1750857625218 0.9857181719260065 14
1750857625854 0.9866702937976061 15
1750857626488 0.9878944504896626 16
1750857627125 0.9865342763873776 17
1750857627763 0.9863982589771491 18
1750857628400 0.9877584330794341 19
1750857629037 0.9897986942328618 20
1750857629681 0.9900707290533188 21
1750857630321 0.9904787812840044 22
1750857630967 0.9903427638737758 23
1750857631610 0.9907508161044614 24
1750857632252 0.9908868335146899 25
1750857632894 0.9921109902067464 26
1750857633535 0.9922470076169749 27
1750857634178 0.9930631120783461 28
1750857634824 0.9922470076169749 29
1750857635477 0.9933351468988031 30
1750857636132 0.9948313384113167 31
1750857636782 0.9936071817192601 32
1750857637433 0.9945593035908596 33
1750857638075 0.9945593035908596 34
1750857638722 0.9957834602829162 35
1750857639368 0.9956474428726877 36
1750857640015 0.9953754080522307 37
1750857640662 0.9945593035908596 38
1750857641310 0.9952393906420022 39
1750857641956 0.9955114254624592 40
1750857642603 0.9960554951033732 41
1750857643248 0.9956474428726877 42
1750857643896 0.9957834602829162 43
1750857644545 0.9968715995647442 44
1750857645196 0.9965995647442872 45
1750857645846 0.9964635473340587 46
1750857646495 0.9964635473340587 47
1750857647144 0.9971436343852013 48
1750857647792 0.9982317736670294 49
1750857648438 0.9974156692056583 50
1750857649093 0.9976877040261154 51
1750857649746 0.9976877040261154 52
1750857650404 0.9979597388465724 53
1750857651055 0.9975516866158868 54
1750857651705 0.9978237214363439 55
1750857652372 0.9982317736670294 56
1750857653023 0.9976877040261154 57
1750857653673 0.9978237214363439 58
1750857654327 0.9978237214363439 59
1750857654987 0.9968715995647442 60
1750857655645 0.999183895538629 61
1750857656299 0.9980957562568009 62
1750857656952 0.9985038084874864 63
1750857657601 0.9983677910772579 64
1750857658243 0.9986398258977149 65
1750857658893 0.9983677910772579 66
1750857659543 0.9980957562568009 67
1750857660193 0.9985038084874864 68
1750857660849 0.999183895538629 69
1750857661503 0.999183895538629 70
1750857662160 0.9987758433079434 71
1750857662813 0.9993199129488575 72
1750857663466 0.999183895538629 73
1750857664123 0.9990478781284005 74
1750857664776 0.9985038084874864 75
1750857665432 0.9993199129488575 76
1750857666089 0.998911860718172 77
1750857666744 0.9985038084874864 78
1750857667407 0.9986398258977149 79
1750857668065 0.9998639825897715 80
1750857668724 0.9986398258977149 81
1750857669382 0.9982317736670294 82
1750857670041 0.9995919477693145 83
1750857670705 0.9990478781284005 84
1750857671366 0.999727965179543 85
1750857672027 0.9990478781284005 86
1750857672687 0.9993199129488575 87
1750857673345 0.999183895538629 88
1750857674004 0.9986398258977149 89
1750857674666 0.998911860718172 90
1750857675327 0.998911860718172 91
1750857675990 0.998911860718172 92
1750857676651 0.9993199129488575 93
1750857677328 0.9995919477693145 94
1750857677991 0.9998639825897715 95
1750857678652 0.9990478781284005 96
1750857679322 0.9993199129488575 97
1750857679985 0.999183895538629 98
1750857680644 0.999727965179543 99
1750857614942 0.6939608269858542 0
