1750857614962 0.7048797731985426 0
1750857615561 0.8775117082891162 1
1750857616172 0.9149369157058668 2
1750857616784 0.9374246689557861 3
1750857617401 0.9498261591717403 4
1750857618015 0.9625051141805642 5
1750857618628 0.9686814581721893 6
1750857619245 0.9711261506305128 7
1750857619860 0.9745543350812785 8
1750857620474 0.976731720695774 9
1750857621091 0.9774212847582462 10
1750857623319 0.9803952492643911 11
1750857623966 0.981633136390007 12
1750857624609 0.9844896885729232 13
1750857625246 0.9857235761265161 14
1750857625880 0.9866704306173297 15
1750857626515 0.9878962311513579 16
1750857627152 0.9865471845779966 17
1750857627790 0.9864060445002526 18
1750857628427 0.9877734387652435 19
1750857629064 0.9898186934641521 20
1750857629708 0.9900771990591064 21
1750857630347 0.9904853093750602 22
1750857630994 0.9903494028184667 23
1750857631638 0.9907516652434465 24
1750857632279 0.9908888132127783 25
1750857632921 0.9921133422081365 26
1750857633562 0.9922531587281305 27
1750857634206 0.9930633832585986 28
1750857634851 0.9922471314042369 29
1750857635505 0.9933359933729162 30
1750857636160 0.9948319849699236 31
1750857636812 0.9936068526928611 32
1750857637460 0.9945636901172473 33
1750857638103 0.9945624933386622 34
1750857638750 0.9957864544100078 35
1750857639395 0.9956494747063493 36
1750857640043 0.9953760980331563 37
1750857640689 0.9945599716951372 38
1750857641338 0.9952424748122424 39
1750857641984 0.9955114135302633 40
1750857642631 0.9960556934659933 41
1750857643275 0.9956476257911241 42
1750857643925 0.9957836652653211 43
1750857644572 0.9968727385982505 44
1750857645225 0.9966024988426131 45
1750857645874 0.9964666335986658 46
1750857646523 0.996471574284993 47
1750857647172 0.9971438062686824 48
1750857647820 0.9982318310185515 49
1750857648467 0.9974163845190654 50
1750857649122 0.9976887862580319 51
1750857649774 0.9976878626700268 52
1750857650432 0.997960497582298 53
1750857651083 0.9975516866158868 54
1750857651733 0.9978237214363439 55
1750857652401 0.9982328180312193 56
1750857653051 0.9976894817429366 57
1750857653701 0.9978255562437109 58
1750857654356 0.9978247814115467 59
1750857655016 0.996875781114867 60
1750857655674 0.999183895538629 61
1750857656327 0.9980960666638444 62
1750857656979 0.9985044092716393 63
1750857657628 0.9983673923512889 64
1750857658271 0.9986403000362345 65
1750857658921 0.9983695766280514 66
1750857659571 0.9980960666638444 67
1750857660221 0.9985042850342578 68
1750857660877 0.9991841072492716 69
1750857661531 0.9991841184125645 70
1750857662188 0.9987758735110602 71
1750857662841 0.9993200318740603 72
1750857663495 0.999183895538629 73
1750857664151 0.9990488656910006 74
1750857664804 0.9985052313377585 75
1750857665460 0.9993199980138667 76
1750857666117 0.9989123219256411 77
1750857666777 0.998504833917813 78
1750857667435 0.99864016463556 79
1750857668095 0.999864088275405 80
1750857668753 0.9986398258977149 81
1750857669411 0.9982319190713714 82
1750857670071 0.9995920600747327 83
1750857670733 0.9990488656910006 84
1750857671395 0.999727965179543 85
1750857672055 0.9990488656910006 86
1750857672715 0.9993204861031518 87
1750857673374 0.9991854452752031 88
1750857674032 0.9986398258977149 89
1750857674695 0.9989122136214179 90
1750857675356 0.9989122136214179 91
1750857676019 0.998912124072086 92
1750857676680 0.9993199980138667 93
1750857677356 0.9995920397626955 94
1750857678020 0.999864088275405 95
1750857678681 0.9990483830059734 96
1750857679351 0.9993199980138667 97
1750857680015 0.9991856072045621 98
1750857680673 0.999727965179543 99
1750857614962 0.7048797731985426 0
