1750857615005 0.6850440761838213 0
1750857615611 0.8689886910545038 1
1750857616222 0.911362685941452 2
1750857616838 0.9368377415590465 3
1750857617452 0.949657963962583 4
1750857618065 0.9624000606094552 5
1750857618679 0.9686854884882987 6
1750857619295 0.9711260828852583 7
1750857619910 0.9745499618784175 8
1750857620528 0.9767298117075046 9
1750857621143 0.9774009839154404 10
1750857623375 0.9804024831775939 11
1750857624021 0.9816274433959254 12
1750857624662 0.9844901742390846 13
1750857625298 0.9857190996853068 14
1750857625932 0.9866658460715447 15
1750857626568 0.9878934991274801 16
1750857627206 0.9865357431111549 17
1750857627842 0.9864013293965739 18
1750857628480 0.9877598901380915 19
1750857629118 0.9898000475218978 20
1750857629762 0.9900715254694409 21
1750857630402 0.9904795368248902 22
1750857631049 0.9903434519631458 23
1750857631692 0.9907510411771432 24
1750857632334 0.9908871364407087 25
1750857632974 0.992111365207212 26
1750857633616 0.9922476294761388 27
1750857634261 0.9930631974641131 28
1750857634907 0.992246809641581 29
1750857635562 0.9933353029451221 30
1750857636215 0.994831147936598 31
1750857636871 0.9936063694999833 32
1750857637514 0.994559682268125 33
1750857638159 0.9945604832864477 34
1750857638804 0.9957836918625539 35
1750857639450 0.9956476497694962 36
1750857640098 0.9953752421648663 37
1750857640745 0.9945594359865548 38
1750857641393 0.9952396701346684 39
1750857642039 0.9955113689399242 40
1750857642686 0.9960555436560643 41
1750857643330 0.9956473320187389 42
1750857643981 0.9957835121840689 43
1750857644628 0.9968717124254953 44
1750857645280 0.9965997643819059 45
1750857645929 0.9964632650889882 46
1750857646579 0.9964646639928422 47
1750857647228 0.9971436695440467 48
1750857647875 0.9982317514005762 49
1750857648525 0.9974155693768114 50
1750857649178 0.9976877874449313 51
1750857649830 0.9976877324880378 52
1750857650488 0.9979596600343248 53
1750857651138 0.9975516866158868 54
1750857651790 0.9978237214363439 55
1750857652457 0.9982318374578886 56
1750857653106 0.9976882342912795 57
1750857653757 0.9978238248847481 58
1750857654414 0.9978237336613691 59
1750857655074 0.9968718038562567 60
1750857655730 0.999183895538629 61
1750857656384 0.9980957077581983 62
1750857657035 0.998503838757895 63
1750857657681 0.9983675429047459 64
1750857658327 0.9986398589966387 65
1750857658977 0.998367868663561 66
1750857659626 0.9980957077581983 67
1750857660277 0.9985037766096307 68
1750857660933 0.9991838841460934 69
1750857661587 0.9991838897386118 70
1750857662244 0.9987757090890403 71
1750857662896 0.9993199213200111 72
1750857663552 0.999183895538629 73
1750857664208 0.9990479124773247 74
1750857664861 0.9985041605495395 75
1750857665517 0.999319904384837 76
1750857666174 0.998911887197311 77
1750857666835 0.9985038624643674 78
1750857667492 0.9986397912558559 79
1750857668152 0.9998639842640021 80
1750857668810 0.9986398258977149 81
1750857669468 0.9982317954320288 82
1750857670129 0.9995919527920066 83
1750857670791 0.9990479124773247 84
1750857671452 0.999727965179543 85
1750857672112 0.9990479124773247 86
1750857672772 0.9993199289524304 87
1750857673431 0.9991838530424265 88
1750857674090 0.9986398258977149 89
1750857674753 0.9989118330046848 90
1750857675414 0.9989118330046848 91
1750857676078 0.9989118791601508 92
1750857676738 0.999319904384837 93
1750857677415 0.9995919426309022 94
1750857678078 0.9998639842640021 95
1750857678739 0.9990478601072884 96
1750857679409 0.999319904384837 97
1750857680072 0.9991839343317807 98
1750857680732 0.999727965179543 99
1750857615005 0.6850440761838213 0
