1750857614922 1.2627662022692334 0
1750857615510 0.7617838251058892 1
1750857616121 0.5218393692059667 2
1750857616730 0.37868833055433954 3
1750857617350 0.28465614977806514 4
1750857617964 0.22467551307430464 5
1750857618577 0.18180514252678742 6
1750857619194 0.1532815080277938 7
1750857619807 0.13102938401005085 8
1750857620422 0.11461429123617749 9
1750857621039 0.10264707434115783 10
1750857623263 0.09125575610518585 11
1750857623912 0.0832592365580233 12
1750857624557 0.0716925603342653 13
1750857625191 0.06556665655772756 14
1750857625827 0.06201566438574721 15
1750857626461 0.056692328066914724 16
1750857627098 0.05502952709267072 17
1750857627736 0.05068051418790166 18
1750857628373 0.04712418248720864 19
1750857629011 0.04428085640389006 20
1750857629654 0.041343956259996414 21
1750857630294 0.03963120007569272 22
1750857630940 0.036502279539848956 23
1750857631583 0.03562187971658721 24
1750857632225 0.03451522152366216 25
1750857632867 0.02989702940724944 26
1750857633508 0.029251360064382555 27
1750857634151 0.026498410329871262 28
1750857634796 0.027139299436674025 29
1750857635449 0.02376889870162563 30
1750857636105 0.02314858091741768 31
1750857636750 0.022123386448003976 32
1750857637405 0.02116464658957522 33
1750857638048 0.02041045678333583 34
1750857638695 0.017836360170144155 35
1750857639340 0.017212252680595327 36
1750857639986 0.01836335920790561 37
1750857640635 0.01812508864803554 38
1750857641283 0.01666693716746744 39
1750857641928 0.01600355079997497 40
1750857642575 0.014383494950247213 41
1750857643220 0.01364501285994014 42
1750857643868 0.013558567955611644 43
1750857644517 0.012604751006494377 44
1750857645168 0.012333851193115359 45
1750857645818 0.012736893142193508 46
1750857646466 0.012892359990187768 47
1750857647117 0.01148230368975789 48
1750857647764 0.008804117752390105 49
1750857648409 0.011030575623193612 50
1750857649065 0.009878654143913883 51
1750857649718 0.008596512147882129 52
1750857650376 0.009174633589780953 53
1750857651027 0.009195862003268676 54
1750857651677 0.008360432476105252 55
1750857652344 0.007748664510552898 56
1750857652995 0.008136069654057387 57
1750857653645 0.007915685215424767 58
1750857654298 0.008582431187227945 59
1750857654957 0.010238784847801836 60
1750857655617 0.0049979861173196066 61
1750857656271 0.008106791363903387 62
1750857656923 0.006052070135092089 63
1750857657573 0.0064555372400194105 64
1750857658216 0.005999209079777435 65
1750857658865 0.006529868890218978 66
1750857659515 0.006798454004643136 67
1750857660165 0.0062117415210622305 68
1750857660820 0.004743660074083329 69
1750857661475 0.005331353761544056 70
1750857662131 0.004977461323135718 71
1750857662785 0.004600097479499366 72
1750857663438 0.003838087984267521 73
1750857664094 0.003833379524836461 74
1750857664748 0.00556299946763273 75
1750857665403 0.004136733105349161 76
1750857666060 0.0037558000601024466 77
1750857666716 0.005278890678435878 78
1750857667378 0.004716268579494076 79
1750857668037 0.0032879377576135915 80
1750857668695 0.0046276869133881965 81
1750857669353 0.005225708293144554 82
1750857670011 0.00296035835030495 83
1750857670676 0.004432515508112203 84
1750857671338 0.00296058529378841 85
1750857671998 0.004326106682342504 86
1750857672658 0.0033691548948835935 87
1750857673316 0.0030758358272986075 88
1750857673975 0.0036082774226151417 89
1750857674637 0.004083885233349233 90
1750857675298 0.0039442994754892696 91
1750857675961 0.003816655030413199 92
1750857676622 0.003013116986477105 93
1750857677299 0.002939746846444018 94
1750857677962 0.002394173220073616 95
1750857678622 0.003511975487484242 96
1750857679293 0.0026394025352739167 97
1750857679955 0.0027419216188861078 98
1750857680615 0.0021707596923819373 99
1750857614922 1.2627662022692334 0
