1751011792544 0.6468534644883657 0
1751011793140 0.19073452858073928 1
1751011793761 0.11577816468068643 2
1751011794386 0.08228774677649935 3
1751011795012 0.06781748503089859 4
1751011795641 0.057954633902348944 5
1751011796275 0.05203766615755281 6
1751011796915 0.04885605065166237 7
1751011797555 0.04214230188501997 8
1751011798188 0.041481996528698904 9
1751011798818 0.03932679866737523 10
1751011799448 0.036125724096969986 11
1751011800082 0.03204401550253081 12
1751011800709 0.03253737584737426 13
1751011801338 0.033969141998945435 14
1751011801967 0.030094540432719787 15
1751011802596 0.028660668826320485 16
1751011803227 0.02557167245132871 17
1751011803858 0.022584864346288203 18
1751011804492 0.02599122024914483 19
1751011805121 0.024055931964682434 20
1751011805756 0.020626157830784482 21
1751011806386 0.028279101867249013 22
1751011807015 0.022587651151239514 23
1751011807646 0.018453510556678095 24
1751011808282 0.01945425868662676 25
1751011808917 0.021227831354362726 26
1751011809551 0.021186843336589222 27
1751011810187 0.01746646521442749 28
1751011810820 0.015695352569907516 29
1751011811457 0.015003174566689138 30
1751011812093 0.024871420017945234 31
1751011812729 0.01802360472675733 32
1751011813368 0.01975207813276673 33
1751011814010 0.017454199164333602 34
1751011814648 0.01590962270457172 35
1751011815284 0.01345506164760119 36
1751011815925 0.015545928361293605 37
1751011816561 0.0146498479115269 38
1751011817207 0.016604027515773837 39
1751011817846 0.020460512165803062 40
1751011818481 0.019374529241814285 41
1751011819118 0.017917717476623685 42
1751011819758 0.015449945755623144 43
1751011820398 0.013070029002878819 44
1751011821040 0.01252518889242915 45
1751011821679 0.013381574237040195 46
1751011822315 0.01046387014910072 47
1751011822960 0.014021613531248386 48
1751011823600 0.011855350031038103 49
1751011824240 0.014151230964442802 50
1751011824887 0.023313310078899575 51
1751011825530 0.0201363290064199 52
1751011826172 0.01494598218875251 53
1751011826814 0.009595606148484141 54
1751011827459 0.014198246617194456 55
1751011828102 0.0185368247535404 56
1751011828748 0.01580802404693651 57
1751011829392 0.012711729606820252 58
1751011830040 0.01028069449153904 59
1751011830684 0.015228254820389411 60
1751011831330 0.012761017031485257 61
1751011831977 0.01128613002317318 62
1751011832623 0.01295360346639912 63
1751011833273 0.013792477360135096 64
1751011833918 0.01635466751382079 65
1751011834565 0.022869640315241375 66
1751011835214 0.012641115582034283 67
1751011835863 0.012028715743757258 68
1751011836160 0.012028715743757258 0
1751011792544 0.6468534644883657 0
1751011836160 0.012028715743757258 0
