1751011792630 0.8487446253374293 0
1751011793244 0.9537711332927271 1
1751011793866 0.9663751489462423 2
1751011794490 0.9767319981651122 3
1751011795118 0.9809587547169754 4
1751011795746 0.9825897714907508 5
1751011796384 0.9842232310606469 6
1751011797022 0.9840832688209074 7
1751011797661 0.9870797527233032 8
1751011798294 0.9855834598149787 9
1751011798923 0.9895272742962703 10
1751011799555 0.9880313009898751 11
1751011800187 0.9910209900934364 12
1751011800815 0.9902075182315345 13
1751011801444 0.9896614858591553 14
1751011802072 0.990615823112076 15
1751011802703 0.9906141811551262 16
1751011803335 0.9921115392887813 17
1751011803966 0.9930631974641131 18
1751011804597 0.9921109453179745 19
1751011805228 0.9938787884330562 20
1751011805862 0.9937432783986967 21
1751011806491 0.9925189799350909 22
1751011807122 0.9946955694550517 23
1751011807756 0.994829889853832 24
1751011808390 0.9949688041629816 25
1751011809026 0.994014387155771 26
1751011809660 0.9936077472674218 27
1751011810294 0.995645845873967 28
1751011810930 0.9953757299279062 29
1751011811565 0.9961915125136017 30
1751011812202 0.9937430958428779 31
1751011812839 0.9949675331010854 32
1751011813479 0.9944232662757136 33
1751011814117 0.9951036714155392 34
1751011814756 0.9952398168224581 35
1751011815394 0.9972793561382137 36
1751011816034 0.9955124309359198 37
1751011816672 0.9967329683717017 38
1751011817317 0.9948315044962689 39
1751011817955 0.9957833468730403 40
1751011818590 0.9933348029482004 41
1751011819227 0.9942876207529531 42
1751011819867 0.9955114799876994 43
1751011820507 0.9961912747966897 44
1751011821149 0.996871695086524 45
1751011821788 0.9963269798824764 46
1751011822425 0.9976877324880378 47
1751011823070 0.9955113689399242 48
1751011823710 0.9976877324880378 49
1751011824352 0.9972796863698171 50
1751011824998 0.9933358231539294 51
1751011825641 0.9942872128980568 52
1751011826283 0.9967355113136243 53
1751011826927 0.9985038691617556 54
1751011827571 0.9963276741578453 55
1751011828213 0.9936069347742176 56
1751011828859 0.9959192113677593 57
1751011829504 0.9976876920831649 58
1751011830152 0.9976878397796959 59
1751011830797 0.9960553539609441 60
1751011831443 0.9968715601702502 61
1751011832089 0.9974157010160423 62
1751011832736 0.9967353620047835 63
1751011833384 0.9961916051905884 64
1751011834031 0.9955108093026112 65
1751011834680 0.9934715836387648 66
1751011835328 0.9974157624384526 67
1751011835977 0.996871478719298 68
1751011836160 0.996871478719298 0
1751011792630 0.8487446253374293 0
1751011836160 0.996871478719298 0
