1751011792586 0.8521253198055607 0
1751011793192 0.9538619982175329 1
1751011793814 0.9663561691779543 2
1751011794439 0.9767332606291877 3
1751011795065 0.9809639448514277 4
1751011795693 0.9825897714907508 5
1751011796328 0.984229398371325 6
1751011796969 0.9840806909335913 7
1751011797608 0.9870911495749815 8
1751011798241 0.9855910536478564 9
1751011798871 0.9895303738846853 10
1751011799501 0.9880356966393452 11
1751011800135 0.9910194322620393 12
1751011800762 0.9902133032531393 13
1751011801391 0.9896617127245328 14
1751011802020 0.9906269378473813 15
1751011802650 0.9906160572313564 16
1751011803280 0.992115692563034 17
1751011803913 0.9930633832585986 18
1751011804545 0.9921112546613062 19
1751011805175 0.9938800983351764 20
1751011805809 0.9937435770960201 21
1751011806439 0.992521233714848 22
1751011807069 0.9946975645285364 23
1751011807702 0.994831590364425 24
1751011808336 0.9949746073704948 25
1751011808971 0.994014235695979 26
1751011809605 0.9936114086323649 27
1751011810241 0.995644651034664 28
1751011810874 0.9953796893019851 29
1751011811511 0.9961915125136017 30
1751011812148 0.993744295701696 31
1751011812784 0.9949681885019342 32
1751011813421 0.9944233649777112 33
1751011814063 0.9951059803714962 34
1751011814702 0.9952468207812007 35
1751011815339 0.9972855662789331 36
1751011815980 0.9955141494900777 37
1751011816616 0.9967382853818822 38
1751011817263 0.9948325714884337 39
1751011817900 0.9957866098766023 40
1751011818535 0.9933361866088587 41
1751011819173 0.9942949575875599 42
1751011819813 0.9955127993803549 43
1751011820453 0.996193690008809 44
1751011821095 0.996872003779492 45
1751011821733 0.9963267268126741 46
1751011822370 0.9976878626700268 47
1751011823015 0.9955114135302633 48
1751011823655 0.9976878626700268 49
1751011824296 0.9972799548680523 50
1751011824942 0.9933421543718545 51
1751011825586 0.9942877867308655 52
1751011826227 0.9967359794332832 53
1751011826871 0.9985056802636282 54
1751011827515 0.9963279197983629 55
1751011828158 0.9936075930764373 56
1751011828804 0.9959216016671895 57
1751011829448 0.9976877988514729 58
1751011830096 0.9976905180669097 59
1751011830741 0.9960563610714117 60
1751011831387 0.9968716222744074 61
1751011832033 0.9974158344693546 62
1751011832680 0.9967358423742767 63
1751011833328 0.9961921030315762 64
1751011833974 0.995512263295933 65
1751011834622 0.9934761769975056 66
1751011835271 0.9974167703714382 67
1751011835921 0.9968722714558329 68
1751011836160 0.9968722714558329 0
1751011792586 0.8521253198055607 0
1751011836160 0.9968722714558329 0
