1751011792565 0.8503808487486398 0
1751011793166 0.9538900979325353 1
1751011793788 0.9664036996735582 2
1751011794413 0.9767410228509249 3
1751011795039 0.9809575625680087 4
1751011795667 0.9825897714907508 5
1751011796301 0.984221980413493 6
1751011796942 0.9840859630032645 7
1751011797581 0.9870783460282916 8
1751011798215 0.985582154515778 9
1751011798845 0.9895266594124048 10
1751011799475 0.9880304678998912 11
1751011800109 0.9910228509249184 12
1751011800735 0.9902067464635473 13
1751011801364 0.9896626768226333 14
1751011801993 0.9906147986942329 15
1751011802623 0.9906147986942329 16
1751011803254 0.9921109902067464 17
1751011803885 0.9930631120783461 18
1751011804519 0.9921109902067464 19
1751011805148 0.9938792165397171 20
1751011805782 0.9937431991294886 21
1751011806413 0.9925190424374319 22
1751011807042 0.9946953210010882 23
1751011807675 0.9948313384113167 24
1751011808309 0.9949673558215452 25
1751011808944 0.9940152339499456 26
1751011809578 0.9936071817192601 27
1751011810214 0.9956474428726877 28
1751011810847 0.9953754080522307 29
1751011811484 0.9961915125136017 30
1751011812120 0.9937431991294886 31
1751011812757 0.9949673558215452 32
1751011813395 0.9944232861806311 33
1751011814037 0.9951033732317737 34
1751011814675 0.9952393906420022 35
1751011815312 0.9972796517954298 36
1751011815952 0.9955114254624592 37
1751011816588 0.9967355821545157 38
1751011817236 0.9948313384113167 39
1751011817873 0.9957834602829162 40
1751011818508 0.9933351468988031 41
1751011819145 0.9942872687704026 42
1751011819786 0.9955114254624592 43
1751011820425 0.9961915125136017 44
1751011821068 0.9968715995647442 45
1751011821706 0.9963275299238302 46
1751011822343 0.9976877040261154 47
1751011822987 0.9955114254624592 48
1751011823627 0.9976877040261154 49
1751011824268 0.9972796517954298 50
1751011824915 0.9933351468988031 51
1751011825558 0.9942872687704026 52
1751011826199 0.9967355821545157 53
1751011826843 0.9985038084874864 54
1751011827487 0.9963275299238302 55
1751011828130 0.9936071817192601 56
1751011828776 0.9959194776931447 57
1751011829420 0.9976877040261154 58
1751011830068 0.9976877040261154 59
1751011830713 0.9960554951033732 60
1751011831358 0.9968715995647442 61
1751011832005 0.9974156692056583 62
1751011832651 0.9967355821545157 63
1751011833300 0.9961915125136017 64
1751011833946 0.9955114254624592 65
1751011834593 0.9934711643090316 66
1751011835243 0.9974156692056583 67
1751011835892 0.9968715995647442 68
1751011836160 0.9968715995647442 0
1751011792565 0.8503808487486398 0
1751011836160 0.9968715995647442 0
