1751011792607 0.8503808487486398 0
1751011793218 0.9538900979325353 1
1751011793840 0.9664036996735582 2
1751011794464 0.9767410228509249 3
1751011795092 0.9809575625680087 4
1751011795720 0.9825897714907508 5
1751011796354 0.984221980413493 6
1751011796995 0.9840859630032645 7
1751011797634 0.9870783460282916 8
1751011798268 0.985582154515778 9
1751011798897 0.9895266594124048 10
1751011799528 0.9880304678998912 11
1751011800161 0.9910228509249184 12
1751011800788 0.9902067464635473 13
1751011801417 0.9896626768226333 14
1751011802046 0.9906147986942329 15
1751011802677 0.9906147986942329 16
1751011803307 0.9921109902067464 17
1751011803939 0.9930631120783461 18
1751011804571 0.9921109902067464 19
1751011805201 0.9938792165397171 20
1751011805835 0.9937431991294886 21
1751011806465 0.9925190424374319 22
1751011807095 0.9946953210010882 23
1751011807729 0.9948313384113167 24
1751011808363 0.9949673558215452 25
1751011808998 0.9940152339499456 26
1751011809633 0.9936071817192601 27
1751011810267 0.9956474428726877 28
1751011810903 0.9953754080522307 29
1751011811538 0.9961915125136017 30
1751011812175 0.9937431991294886 31
1751011812812 0.9949673558215452 32
1751011813451 0.9944232861806311 33
1751011814090 0.9951033732317737 34
1751011814730 0.9952393906420022 35
1751011815367 0.9972796517954298 36
1751011816007 0.9955114254624592 37
1751011816644 0.9967355821545157 38
1751011817290 0.9948313384113167 39
1751011817927 0.9957834602829162 40
1751011818562 0.9933351468988031 41
1751011819200 0.9942872687704026 42
1751011819840 0.9955114254624592 43
1751011820480 0.9961915125136017 44
1751011821122 0.9968715995647442 45
1751011821761 0.9963275299238302 46
1751011822398 0.9976877040261154 47
1751011823042 0.9955114254624592 48
1751011823683 0.9976877040261154 49
1751011824324 0.9972796517954298 50
1751011824970 0.9933351468988031 51
1751011825614 0.9942872687704026 52
1751011826255 0.9967355821545157 53
1751011826899 0.9985038084874864 54
1751011827543 0.9963275299238302 55
1751011828185 0.9936071817192601 56
1751011828832 0.9959194776931447 57
1751011829476 0.9976877040261154 58
1751011830124 0.9976877040261154 59
1751011830769 0.9960554951033732 60
1751011831415 0.9968715995647442 61
1751011832061 0.9974156692056583 62
1751011832708 0.9967355821545157 63
1751011833357 0.9961915125136017 64
1751011834003 0.9955114254624592 65
1751011834651 0.9934711643090316 66
1751011835300 0.9974156692056583 67
1751011835949 0.9968715995647442 68
1751011836160 0.9968715995647442 0
1751011792607 0.8503808487486398 0
1751011836160 0.9968715995647442 0
