1750856989438 0.5977965179542981 0
1750856990051 0.7973340587595212 1
1750856990683 0.860038084874864 2
1750856991311 0.89689880304679 3
1750856991949 0.9170293797606094 4
1750856992583 0.9326713819368879 5
1750856993209 0.9430087051142546 6
1750856993833 0.948177366702938 7
1750856994454 0.9572905331882481 8
1750856995077 0.9610990206746464 9
1750856995715 0.9649075081610446 10
1750856996351 0.9661316648531012 11
1750856996978 0.970620239390642 12
1750856997605 0.9718443960826986 13
1750856998230 0.9749727965179543 14
1750856998858 0.9772850924918389 15
1750856999484 0.9772850924918389 16
1750857000115 0.9800054406964092 17
1750857000744 0.9825897714907508 18
1750857001374 0.9834058759521219 19
1750857002009 0.9829978237214363 20
1750857002639 0.9812295973884657 21
1750857003266 0.9838139281828074 22
1750857003890 0.9866702937976061 23
1750857004516 0.9862622415669206 24
1750857005143 0.9857181719260065 25
1750857005769 0.9876224156692056 26
1750857006397 0.9870783460282916 27
1750857007029 0.9885745375408053 28
1750857007658 0.9880304678998912 29
1750857008287 0.9887105549510338 30
1750857008921 0.9902067464635473 31
1750857009539 0.9895266594124048 32
1750857010156 0.9910228509249184 33
1750857010774 0.9907508161044614 34
1750857011389 0.9912948857453754 35
1750857012003 0.9918389553862894 36
1750857012618 0.9927910772578891 37
1750857013235 0.9923830250272034 38
1750857013853 0.9919749727965179 39
1750857014468 0.9926550598476604 40
1750857015088 0.9921109902067464 41
1750857015709 0.9953754080522307 42
1750857016327 0.9937431991294886 43
1750857016946 0.9944232861806311 44
1750857017570 0.9940152339499456 45
1750857018189 0.9948313384113167 46
1750857018810 0.9941512513601741 47
1750857019435 0.9941512513601741 48
1750857020060 0.9942872687704026 49
1750857020682 0.9957834602829162 50
1750857021303 0.9956474428726877 51
1750857021925 0.9963275299238302 52
1750857022550 0.9960554951033732 53
1750857023173 0.9952393906420022 54
1750857023796 0.9959194776931447 55
1750857024419 0.9976877040261154 56
1750857025048 0.9965995647442872 57
1750857025674 0.9965995647442872 58
1750857026297 0.9972796517954298 59
1750857026922 0.9972796517954298 60
1750857027548 0.9976877040261154 61
1750857028176 0.9968715995647442 62
1750857028809 0.9974156692056583 63
1750857029440 0.9965995647442872 64
1750857030072 0.9978237214363439 65
1750857030714 0.9971436343852013 66
1750857031348 0.9972796517954298 67
1750857031981 0.9986398258977149 68
1750857032615 0.9971436343852013 69
1750857033248 0.9982317736670294 70
1750857033882 0.9983677910772579 71
1750857034515 0.9987758433079434 72
1750857035150 0.9979597388465724 73
1750857035784 0.9982317736670294 74
1750857036418 0.9983677910772579 75
1750857037055 0.9987758433079434 76
1750857037691 0.9979597388465724 77
1750857038328 0.9986398258977149 78
1750857038962 0.9986398258977149 79
1750857039595 0.999455930359086 80
1750857040231 0.9987758433079434 81
1750857040867 0.9983677910772579 82
1750857041500 0.9993199129488575 83
1750857042133 0.9986398258977149 84
1750857042770 0.9986398258977149 85
1750856989438 0.5977965179542981 0
