1750856989459 0.6197391285467637 0
1750856990077 0.8318396141899903 1
1750856990709 0.876606444864707 2
1750856991336 0.9031447934388185 3
1750856991975 0.9207403601628515 4
1750856992608 0.9335188679827369 5
1750856993234 0.9434464041736139 6
1750856993858 0.9484653148150564 7
1750856994479 0.9574717062014012 8
1750856995103 0.9610795398362321 9
1750856995741 0.964887658426087 10
1750856996376 0.9661213693813782 11
1750856997003 0.9706071199077084 12
1750856997630 0.9718090435970174 13
1750856998255 0.9749694477378743 14
1750856998883 0.9772665059843153 15
1750856999510 0.9772619742354198 16
1750857000141 0.9800309825861673 17
1750857000769 0.982584643922791 18
1750857001399 0.9834007710326963 19
1750857002035 0.9829945943130293 20
1750857002665 0.9812291903683197 21
1750857003292 0.9838136763158395 22
1750857003915 0.9866675991990816 23
1750857004542 0.9862800420791967 24
1750857005169 0.9857131346274812 25
1750857005795 0.9876194439150753 26
1750857006423 0.9870754025790864 27
1750857007055 0.9885754901281947 28
1750857007684 0.9880314463493817 29
1750857008314 0.9887172242659664 30
1750857008947 0.9902067407012135 31
1750857009565 0.9895267972213311 32
1750857010182 0.9910276936500504 33
1750857010799 0.9907507440456834 34
1750857011415 0.9912973116316259 35
1750857012029 0.9918413320159664 36
1750857012644 0.9927914234815886 37
1750857013261 0.9923865359869058 38
1750857013878 0.9919752704559094 39
1750857014494 0.99265854079298 40
1750857015114 0.9921117746904788 41
1750857015735 0.9953812074670714 42
1750857016353 0.9937432828901194 43
1750857016972 0.9944325694597731 44
1750857017596 0.9940159279163243 45
1750857018215 0.9948356898454933 46
1750857018838 0.9941491251108299 47
1750857019461 0.9941516096761002 48
1750857020086 0.9942879498057308 49
1750857020708 0.9957925829520212 50
1750857021329 0.9956494747063493 51
1750857021951 0.9963287068250631 52
1750857022576 0.9960556934659933 53
1750857023200 0.9952406432786881 54
1750857023823 0.9959194776931447 55
1750857024445 0.9976877475208938 56
1750857025074 0.9966007227116568 57
1750857025701 0.9965997498673379 58
1750857026324 0.9972815358593705 59
1750857026949 0.9972809945719529 60
1750857027575 0.9976877475208938 61
1750857028204 0.9968745036486871 62
1750857028836 0.9974185132608355 63
1750857029467 0.9966024988426131 64
1750857030099 0.9978251233443101 65
1750857030743 0.9971465084547614 66
1750857031376 0.9972800535642425 67
1750857032008 0.9986398258977149 68
1750857032642 0.9971465084547614 69
1750857033276 0.9982319190713714 70
1750857033910 0.9983695766280514 71
1750857034542 0.9987759754727158 72
1750857035178 0.9979598908706993 73
1750857035812 0.9982336858634563 74
1750857036446 0.9983681156497023 75
1750857037082 0.9987766671771469 76
1750857037718 0.9979598908706993 77
1750857038355 0.99864016463556 78
1750857038990 0.9986398258977149 79
1750857039623 0.9994563115931335 80
1750857040259 0.9987759742736795 81
1750857040895 0.998368278146828 82
1750857041527 0.9993208815775944 83
1750857042161 0.9986413165028459 84
1750857042798 0.9986398258977149 85
1750856989459 0.6197391285467637 0
