1750856989480 0.5977965179542981 0
1750856990102 0.7973340587595212 1
1750856990735 0.860038084874864 2
1750856991362 0.89689880304679 3
1750856992001 0.9170293797606094 4
1750856992634 0.9326713819368879 5
1750856993259 0.9430087051142546 6
1750856993882 0.948177366702938 7
1750856994504 0.9572905331882481 8
1750856995129 0.9610990206746464 9
1750856995767 0.9649075081610446 10
1750856996403 0.9661316648531012 11
1750856997028 0.970620239390642 12
1750856997656 0.9718443960826986 13
1750856998281 0.9749727965179543 14
1750856998908 0.9772850924918389 15
1750856999535 0.9772850924918389 16
1750857000166 0.9800054406964092 17
1750857000795 0.9825897714907508 18
1750857001425 0.9834058759521219 19
1750857002062 0.9829978237214363 20
1750857002690 0.9812295973884657 21
1750857003317 0.9838139281828074 22
1750857003940 0.9866702937976061 23
1750857004567 0.9862622415669206 24
1750857005194 0.9857181719260065 25
1750857005820 0.9876224156692056 26
1750857006450 0.9870783460282916 27
1750857007081 0.9885745375408053 28
1750857007709 0.9880304678998912 29
1750857008340 0.9887105549510338 30
1750857008972 0.9902067464635473 31
1750857009591 0.9895266594124048 32
1750857010208 0.9910228509249184 33
1750857010824 0.9907508161044614 34
1750857011440 0.9912948857453754 35
1750857012055 0.9918389553862894 36
1750857012670 0.9927910772578891 37
1750857013287 0.9923830250272034 38
1750857013904 0.9919749727965179 39
1750857014520 0.9926550598476604 40
1750857015141 0.9921109902067464 41
1750857015761 0.9953754080522307 42
1750857016380 0.9937431991294886 43
1750857017000 0.9944232861806311 44
1750857017622 0.9940152339499456 45
1750857018241 0.9948313384113167 46
1750857018866 0.9941512513601741 47
1750857019488 0.9941512513601741 48
1750857020113 0.9942872687704026 49
1750857020734 0.9957834602829162 50
1750857021355 0.9956474428726877 51
1750857021978 0.9963275299238302 52
1750857022602 0.9960554951033732 53
1750857023226 0.9952393906420022 54
1750857023850 0.9959194776931447 55
1750857024472 0.9976877040261154 56
1750857025101 0.9965995647442872 57
1750857025727 0.9965995647442872 58
1750857026350 0.9972796517954298 59
1750857026975 0.9972796517954298 60
1750857027602 0.9976877040261154 61
1750857028231 0.9968715995647442 62
1750857028863 0.9974156692056583 63
1750857029495 0.9965995647442872 64
1750857030127 0.9978237214363439 65
1750857030771 0.9971436343852013 66
1750857031403 0.9972796517954298 67
1750857032036 0.9986398258977149 68
1750857032670 0.9971436343852013 69
1750857033304 0.9982317736670294 70
1750857033937 0.9983677910772579 71
1750857034570 0.9987758433079434 72
1750857035205 0.9979597388465724 73
1750857035839 0.9982317736670294 74
1750857036473 0.9983677910772579 75
1750857037110 0.9987758433079434 76
1750857037746 0.9979597388465724 77
1750857038382 0.9986398258977149 78
1750857039017 0.9986398258977149 79
1750857039650 0.999455930359086 80
1750857040287 0.9987758433079434 81
1750857040922 0.9983677910772579 82
1750857041555 0.9993199129488575 83
1750857042189 0.9986398258977149 84
1750857042825 0.9986398258977149 85
1750856989480 0.5977965179542981 0
