1750856989419 1.403866521681743 0
1750856990025 1.0390798315908496 1
1750856990657 0.7994060415827281 2
1750856991285 0.6401095621214857 3
1750856991922 0.5173990372994001 4
1750856992558 0.428120797392593 5
1750856993184 0.35890476530472526 6
1750856993807 0.30633248983840816 7
1750856994428 0.2584920656888607 8
1750856995051 0.22270286692888097 9
1750856995689 0.1980910428168335 10
1750856996326 0.17283926218326515 11
1750856996953 0.15532480215935504 12
1750856997580 0.1395907994355678 13
1750856998206 0.1253057933930344 14
1750856998833 0.11464161557166698 15
1750856999459 0.10459736400609178 16
1750857000088 0.09639400349559021 17
1750857000718 0.08845824874345704 18
1750857001348 0.0809851522811803 19
1750857001983 0.07754794255271959 20
1750857002614 0.07212034863814047 21
1750857003241 0.06774930695276525 22
1750857003865 0.0629276690581029 23
1750857004491 0.058930900709965026 24
1750857005118 0.05711942734409598 25
1750857005743 0.053721730203101246 26
1750857006371 0.04977852541049365 27
1750857007004 0.04748610292092144 28
1750857007632 0.04565648527327475 29
1750857008262 0.04302937053529073 30
1750857008895 0.03922402016794201 31
1750857009513 0.03961996891626012 32
1750857010130 0.03669354374701881 33
1750857010749 0.03692293932440491 34
1750857011363 0.03242677810142816 35
1750857011978 0.03204147531260798 36
1750857012592 0.029089156389276987 37
1750857013209 0.02913678391259954 38
1750857013827 0.028405876122860964 39
1750857014442 0.02596681755263119 40
1750857015062 0.027428965828096712 41
1750857015682 0.023345632912333693 42
1750857016301 0.02459713710437532 43
1750857016920 0.022018905386016568 44
1750857017544 0.02131935483314932 45
1750857018163 0.020964326848751248 46
1750857018782 0.020430461546128476 47
1750857019409 0.020197946532660847 48
1750857020031 0.019492460676226703 49
1750857020655 0.017813273065067803 50
1750857021276 0.017438075492022736 51
1750857021898 0.017033659641745462 52
1750857022523 0.015992371487543715 53
1750857023147 0.016127484494245635 54
1750857023770 0.01530536817958309 55
1750857024392 0.013953433319636426 56
1750857025020 0.014463505393777842 57
1750857025647 0.013979132597940702 58
1750857026271 0.013811126372638089 59
1750857026895 0.011609400532860005 60
1750857027521 0.011343305389841733 61
1750857028148 0.011916960139127531 62
1750857028782 0.011877307611324047 63
1750857029412 0.012414859033339698 64
1750857030044 0.010458905922357395 65
1750857030685 0.010240455037459196 66
1750857031321 0.0109309629763662 67
1750857031954 0.009011098539524623 68
1750857032588 0.010353991058244652 69
1750857033221 0.009184484395008003 70
1750857033855 0.00882910117337235 71
1750857034488 0.007663169980122099 72
1750857035122 0.008574528112435984 73
1750857035756 0.008623802018862611 74
1750857036390 0.007957690535265226 75
1750857037026 0.0071720664192576845 76
1750857037663 0.008318548908956771 77
1750857038301 0.007084649562393847 78
1750857038934 0.00704569208131185 79
1750857039568 0.005575968370956832 80
1750857040203 0.005900570328443152 81
1750857040840 0.006560342441975738 82
1750857041473 0.004909136315470235 83
1750857042105 0.006072142146987855 84
1750857042741 0.006522132723741193 85
1750856989419 1.403866521681743 0
