1750856989501 0.5424525946732361 0
1750856990128 0.7703660051902914 1
1750856990760 0.851279903439435 2
1750856991388 0.8938515191446036 3
1750856992027 0.9154567226647311 4
1750856992659 0.932022384700961 5
1750856993284 0.9426619637234152 6
1750856993907 0.9479645003841131 7
1750856994528 0.9571896358159261 8
1750856995155 0.9610558522084724 9
1750856995793 0.9648784760897129 10
1750856996428 0.9661142345060463 11
1750856997053 0.9706053665535589 12
1750856997681 0.9718209375093171 13
1750856998307 0.9749677292408686 14
1750856998933 0.9772750393930264 15
1750856999560 0.9772716621203009 16
1750857000191 0.9800050750343389 17
1750857000820 0.9825864247123283 18
1750857001450 0.9833993275952941 19
1750857002087 0.9829955783701495 20
1750857002715 0.9812288901009916 21
1750857003341 0.9838121009203348 22
1750857003966 0.9866683407813233 23
1750857004592 0.9862639921964921 24
1750857005220 0.9857154266160697 25
1750857005846 0.9876205841930394 26
1750857006475 0.9870749052881932 27
1750857007106 0.9885748155717651 28
1750857007735 0.9880307591704206 29
1750857008366 0.9887114604652546 30
1750857008998 0.9902066276184602 31
1750857009617 0.9895266621764082 32
1750857010233 0.9910234757424062 33
1750857010849 0.9907505805398202 34
1750857011465 0.9912952995389925 35
1750857012080 0.9918393433178055 36
1750857012696 0.9927907987879475 37
1750857013313 0.9923834681587899 38
1750857013930 0.991975071576131 39
1750857014547 0.9926554870082375 40
1750857015167 0.9921111821805045 41
1750857015787 0.9953757720047824 42
1750857016406 0.9937430397769372 43
1750857017026 0.9944238470580071 44
1750857017648 0.9940153795852102 45
1750857018267 0.9948316981547188 46
1750857018894 0.9941501380733176 47
1750857019514 0.9941503802568543 48
1750857020139 0.9942874077858825 49
1750857020761 0.995782898274277 50
1750857021381 0.9956476497694962 51
1750857022005 0.996327662412538 52
1750857022628 0.9960555436560643 53
1750857023253 0.9952395623866234 54
1750857023876 0.9959194776931447 55
1750857024499 0.9976876749084458 56
1750857025127 0.9965996874190166 57
1750857025754 0.9965996066000555 58
1750857026377 0.9972797811059352 59
1750857027002 0.9972795101414219 60
1750857027628 0.9976876749084458 61
1750857028258 0.9968717832313534 62
1750857028891 0.9974158209302485 63
1750857029522 0.9965997643819059 64
1750857030154 0.9978236081131375 65
1750857030799 0.9971438020808009 66
1750857031431 0.9972791986291599 67
1750857032063 0.9986398258977149 68
1750857032697 0.9971438020808009 69
1750857033332 0.9982317954320288 70
1750857033964 0.998367868663561 71
1750857034598 0.9987758583760199 72
1750857035233 0.9979597639600333 73
1750857035867 0.998231855182158 74
1750857036501 0.9983677495070271 75
1750857037138 0.9987757960205947 76
1750857037774 0.9979597639600333 77
1750857038409 0.9986397912558559 78
1750857039044 0.9986398258977149 79
1750857039678 0.9994559165023423 80
1750857040315 0.998775548387892 81
1750857040950 0.9983678307959666 82
1750857041582 0.9993199374838034 83
1750857042216 0.998639755070711 84
1750857042853 0.9986398258977149 85
1750856989501 0.5424525946732361 0
