1750855751406 1.1288853405738681 0
1750855751863 0.6705187448220362 1
1750855752327 0.4608173601256361 2
1750855752790 0.3375268857095135 3
1750855753255 0.26695429643168156 4
1750855753719 0.21900275098291652 5
1750855754183 0.18548717898629824 6
1750855754648 0.15776371565101197 7
1750855755114 0.13942043896728035 8
1750855755580 0.12130629915796763 9
1750855756043 0.11008353610811866 10
1750855756508 0.10032031904820908 11
1750855756970 0.09238476705077683 12
1750855757435 0.08686217406239681 13
1750855757898 0.08216984241276623 14
1750855758362 0.07806585600216578 15
1750855758826 0.06959696880605587 16
1750855759291 0.06198187588721157 17
1750855759755 0.0635669533207899 18
1750855760220 0.060253727735223916 19
1750855760684 0.06103876417541271 20
1750855761148 0.0517431466097379 21
1750855761615 0.05110867135024045 22
1750855762079 0.04846122548981317 23
1750855762544 0.05024198575758084 24
1750855763009 0.045913898301948274 25
1750855763478 0.04330545483446874 26
1750855763944 0.0414119172735916 27
1750855764414 0.03694443801626709 28
1750855764882 0.037572108300339926 29
1750855765353 0.03724988048310443 30
1750855765819 0.036135436640697675 31
1750855766286 0.03619094407165644 32
1750855766755 0.03188164617918975 33
1750855767222 0.03053532314098666 34
1750855767690 0.03333431313126485 35
1750855768157 0.03157953287031952 36
1750855768626 0.02925190894729716 37
1750855769093 0.029108806958136283 38
1750855769561 0.02566463846897745 39
1750855770029 0.024149599587453593 40
1750855770498 0.026312631148271367 41
1750855770966 0.025740935490998693 42
1750855771436 0.025125617595892137 43
1750855771902 0.024657962517458155 44
1750855772369 0.024453057145438398 45
1750855772835 0.027539047055347734 46
1750855773305 0.024380254192364944 47
1750855773772 0.02096373956322151 48
1750855774241 0.022446350879578063 49
1750855774709 0.020201436047856743 50
1750855775179 0.0199777560757769 51
1750855775649 0.018699080137317033 52
1750855776119 0.020596995097975183 53
1750855776588 0.01878853350529656 54
1750855777059 0.016563278059470058 55
1750855777529 0.01954576095755661 56
1750855777998 0.017690923492732265 57
1750855778470 0.01816711592489511 58
1750855778939 0.017239884636542222 59
1750855779410 0.01625083708097921 60
1750855779882 0.0158394460312483 61
1750855780353 0.016936535766764755 62
1750855780826 0.01818183782308791 63
1750855781297 0.015739496962762195 64
1750855781770 0.01627846659510998 65
1750855782240 0.015637826352857532 66
1750855782711 0.013160846512551876 67
1750855783183 0.01768769942727183 68
1750855783655 0.01432387506684554 69
1750855784127 0.01353726136423161 70
1750855784598 0.016820607659385044 71
1750855785069 0.014537078206948287 72
1750855785542 0.012836545280939535 73
1750855786025 0.016843279008436907 74
1750855786501 0.014154549324793804 75
1750855751406 1.1288853405738681 0
