1750948371228 0.5835124581598223 0
1750948371828 0.1727014591145178 1
1750948372463 0.10426645004418522 2
1750948373088 0.07722794378867476 3
1750948373716 0.064603214349772 4
1750948374347 0.05552827664453362 5
1750948374982 0.048994743930007675 6
1750948375617 0.04224105661287012 7
1750948376253 0.03940136129922265 8
1750948376884 0.03491657361453065 9
1750948377515 0.031106388318971594 10
1750948378149 0.03162611457767518 11
1750948378781 0.02809303789728922 12
1750948379413 0.027388969786167224 13
1750948380045 0.022380647120816922 14
1750948380679 0.0230097372340235 15
1750948381312 0.021857664217590736 16
1750948381944 0.019588737905641633 17
1750948382576 0.01637621808891368 18
1750948383210 0.01478953018933494 19
1750948383842 0.015360838666728518 20
1750948384477 0.014186374706310404 21
1750948385111 0.01389886255242271 22
1750948385744 0.012483841704252308 23
1750948386380 0.011246686623967835 24
1750948387018 0.010726436062830462 25
1750948387655 0.009531035412420135 26
1750948388290 0.007409418391679962 27
1750948388924 0.008956016451452269 28
1750948389561 0.010056629039256472 29
1750948390195 0.007225910649785389 30
1750948390834 0.0074008162852535805 31
1750948391473 0.007977801750812342 32
1750948392113 0.009048814409079538 33
1750948392753 0.006853296081786336 34
1750948393392 0.0059347575835952526 35
1750948394032 0.01245781715178479 36
1750948394670 0.007401547242491582 37
1750948395311 0.008727291879946949 38
1750948395953 0.016377645402703884 39
1750948396595 0.008466245650434898 40
1750948397241 0.00883355993485905 41
1750948397883 0.005502858556659084 42
1750948398524 0.0053145880034708715 43
1750948399167 0.00733707544903202 44
1750948399812 0.004281593901245835 45
1750948400456 0.006698018032493743 46
1750948401102 0.003925064543056402 47
1750948401749 0.004691722626088849 48
1750948402393 0.005794408746268671 49
1750948403037 0.0023432205246944615 50
1750948403685 0.003899684999164339 51
1750948404332 0.0040362169003046715 52
1750948404979 0.006178035800684671 53
1750948405627 0.006725702026501193 54
1750948406271 0.005027884208347437 55
1750948406921 0.0023825456279844134 56
1750948407568 0.0031058847183988445 57
1750948408217 0.0042464318572175185 58
1750948408865 0.003561688003836983 59
1750948409514 0.003217763030462365 60
1750948410162 0.0029851872751787477 61
1750948410811 0.002721973943510255 62
1750948411463 0.006125694997280571 63
1750948412112 0.004053022980452358 64
1750948412763 0.00437418031595547 65
1750948413413 0.0027421217611303017 66
1750948414063 0.001867538008417884 67
1750948414715 0.003053851962643493 68
1750948415013 0.003053851962643493 0
1750948371228 0.5835124581598223 0
1750948415013 0.003053851962643493 0
