1750948371249 0.8599020674646355 0
1750948371861 0.9560663764961915 1
1750948372490 0.970348204570185 2
1750948373114 0.9791893362350381 3
1750948373742 0.9798694232861807 4
1750948374373 0.9831338411316648 5
1750948375008 0.9838139281828074 6
1750948375643 0.9869423286180631 7
1750948376279 0.9866702937976061 8
1750948376910 0.9885745375408053 9
1750948377542 0.9892546245919478 10
1750948378175 0.9891186071817193 11
1750948378808 0.9895266594124048 12
1750948379440 0.9906147986942329 13
1750948380072 0.9933351468988031 14
1750948380706 0.9927910772578891 15
1750948381337 0.9923830250272034 16
1750948381970 0.9930631120783461 17
1750948382603 0.9948313384113167 18
1750948383237 0.9953754080522307 19
1750948383868 0.9949673558215452 20
1750948384504 0.9956474428726877 21
1750948385138 0.9957834602829162 22
1750948385771 0.9959194776931447 23
1750948386409 0.9971436343852013 24
1750948387045 0.9965995647442872 25
1750948387681 0.9970076169749728 26
1750948388316 0.9980957562568009 27
1750948388951 0.9967355821545157 28
1750948389587 0.9968715995647442 29
1750948390223 0.9978237214363439 30
1750948390861 0.9982317736670294 31
1750948391500 0.9974156692056583 32
1750948392140 0.9970076169749728 33
1750948392780 0.9980957562568009 34
1750948393419 0.9980957562568009 35
1750948394059 0.9963275299238302 36
1750948394697 0.9983677910772579 37
1750948395338 0.9971436343852013 38
1750948395980 0.9959194776931447 39
1750948396622 0.9976877040261154 40
1750948397267 0.9974156692056583 41
1750948397910 0.9987758433079434 42
1750948398551 0.9987758433079434 43
1750948399196 0.9979597388465724 44
1750948399840 0.998911860718172 45
1750948400484 0.9980957562568009 46
1750948401130 0.999455930359086 47
1750948401776 0.998911860718172 48
1750948402421 0.9983677910772579 49
1750948403065 0.999727965179543 50
1750948403712 0.9993199129488575 51
1750948404360 0.9993199129488575 52
1750948405007 0.9982317736670294 53
1750948405654 0.9980957562568009 54
1750948406299 0.9987758433079434 55
1750948406949 0.999455930359086 56
1750948407596 0.999183895538629 57
1750948408245 0.998911860718172 58
1750948408893 0.999727965179543 59
1750948409542 0.9993199129488575 60
1750948410191 0.999183895538629 61
1750948410839 0.999455930359086 62
1750948411491 0.9975516866158868 63
1750948412141 0.998911860718172 64
1750948412791 0.998911860718172 65
1750948413441 0.9993199129488575 66
1750948414092 0.999455930359086 67
1750948414744 0.999183895538629 68
1750948415013 0.999183895538629 0
1750948371249 0.8599020674646355 0
1750948415013 0.999183895538629 0
