1750948371292 0.8599020674646355 0
1750948371915 0.9560663764961915 1
1750948372541 0.970348204570185 2
1750948373165 0.9791893362350381 3
1750948373794 0.9798694232861807 4
1750948374424 0.9831338411316648 5
1750948375061 0.9838139281828074 6
1750948375695 0.9869423286180631 7
1750948376331 0.9866702937976061 8
1750948376962 0.9885745375408053 9
1750948377595 0.9892546245919478 10
1750948378227 0.9891186071817193 11
1750948378860 0.9895266594124048 12
1750948379491 0.9906147986942329 13
1750948380125 0.9933351468988031 14
1750948380758 0.9927910772578891 15
1750948381391 0.9923830250272034 16
1750948382023 0.9930631120783461 17
1750948382655 0.9948313384113167 18
1750948383289 0.9953754080522307 19
1750948383922 0.9949673558215452 20
1750948384557 0.9956474428726877 21
1750948385190 0.9957834602829162 22
1750948385825 0.9959194776931447 23
1750948386462 0.9971436343852013 24
1750948387098 0.9965995647442872 25
1750948387735 0.9970076169749728 26
1750948388370 0.9980957562568009 27
1750948389004 0.9967355821545157 28
1750948389640 0.9968715995647442 29
1750948390277 0.9978237214363439 30
1750948390915 0.9982317736670294 31
1750948391554 0.9974156692056583 32
1750948392194 0.9970076169749728 33
1750948392834 0.9980957562568009 34
1750948393473 0.9980957562568009 35
1750948394113 0.9963275299238302 36
1750948394751 0.9983677910772579 37
1750948395393 0.9971436343852013 38
1750948396034 0.9959194776931447 39
1750948396677 0.9976877040261154 40
1750948397322 0.9974156692056583 41
1750948397964 0.9987758433079434 42
1750948398605 0.9987758433079434 43
1750948399251 0.9979597388465724 44
1750948399894 0.998911860718172 45
1750948400539 0.9980957562568009 46
1750948401185 0.999455930359086 47
1750948401832 0.998911860718172 48
1750948402475 0.9983677910772579 49
1750948403120 0.999727965179543 50
1750948403767 0.9993199129488575 51
1750948404415 0.9993199129488575 52
1750948405064 0.9982317736670294 53
1750948405710 0.9980957562568009 54
1750948406354 0.9987758433079434 55
1750948407005 0.999455930359086 56
1750948407652 0.999183895538629 57
1750948408300 0.998911860718172 58
1750948408949 0.999727965179543 59
1750948409598 0.9993199129488575 60
1750948410246 0.999183895538629 61
1750948410896 0.999455930359086 62
1750948411547 0.9975516866158868 63
1750948412197 0.998911860718172 64
1750948412848 0.998911860718172 65
1750948413498 0.9993199129488575 66
1750948414148 0.999455930359086 67
1750948414801 0.999183895538629 68
1750948415013 0.999183895538629 0
1750948371292 0.8599020674646355 0
1750948415013 0.999183895538629 0
