1750948371270 0.8622273094365245 0
1750948371888 0.9560161790694437 1
1750948372515 0.9703302054116321 2
1750948373140 0.9791820631744916 3
1750948373769 0.9798687860810994 4
1750948374399 0.9831356048693897 5
1750948375035 0.9838142434908234 6
1750948375669 0.9869550736330824 7
1750948376305 0.9866704835109864 8
1750948376936 0.9885745375408053 9
1750948377569 0.9892549884491869 10
1750948378201 0.9891236955523289 11
1750948378834 0.9895368152713094 12
1750948379465 0.9906291079783713 13
1750948380098 0.9933384411697233 14
1750948380732 0.9927912563312438 15
1750948381364 0.9923853524003067 16
1750948381997 0.9930645161859382 17
1750948382629 0.9948313384113167 18
1750948383263 0.995377464514179 19
1750948383895 0.99497654214738 20
1750948384530 0.9956474428726877 21
1750948385164 0.9957840453293677 22
1750948385798 0.9959200811421697 23
1750948386436 0.9971456293027771 24
1750948387072 0.9965995805255785 25
1750948387708 0.9970076169749728 26
1750948388343 0.9980957562568009 27
1750948388978 0.9967368657995955 28
1750948389614 0.9968716222744074 29
1750948390250 0.997824234368015 30
1750948390888 0.9982328180312193 31
1750948391527 0.9974158344693546 32
1750948392167 0.9970076169749728 33
1750948392807 0.9980962562574216 34
1750948393446 0.9980960283067762 35
1750948394086 0.9963305462500364 36
1750948394723 0.9983680555318176 37
1750948395365 0.9971437610308348 38
1750948396007 0.9959195139938085 39
1750948396649 0.9976891612239253 40
1750948397295 0.9974170996040913 41
1750948397937 0.9987785372912062 42
1750948398578 0.9987759754727158 43
1750948399223 0.9979597892697226 44
1750948399867 0.998911860718172 45
1750948400511 0.9980962562574216 46
1750948401157 0.9994563657044541 47
1750948401804 0.9989122136214179 48
1750948402448 0.9983716863126901 49
1750948403093 0.999727965179543 50
1750948403740 0.9993200318740603 51
1750948404388 0.9993200318740603 52
1750948405036 0.9982322360484001 53
1750948405682 0.998096663349319 54
1750948406327 0.9987768498044067 55
1750948406977 0.9994563657044541 56
1750948407624 0.9991843438150475 57
1750948408273 0.998911860718172 58
1750948408921 0.999727965179543 59
1750948409570 0.9993207802403794 60
1750948410219 0.9991842626072757 61
1750948410868 0.9994561535181392 62
1750948411519 0.9975525344940882 63
1750948412169 0.9989123364677488 64
1750948412820 0.9989118630199798 65
1750948413470 0.9993200482952095 66
1750948414120 0.999455930359086 67
1750948414772 0.9991843438150475 68
1750948415013 0.9991843438150475 0
1750948371270 0.8622273094365245 0
1750948415013 0.9991843438150475 0
