1750948371314 0.8607479800837446 0
1750948371941 0.9559846498554341 1
1750948372567 0.9703369965780106 2
1750948373191 0.9791809899131041 3
1750948373820 0.9798647058514871 4
1750948374451 0.9831322706706239 5
1750948375087 0.9838128631515946 6
1750948375721 0.9869437693084411 7
1750948376357 0.9866695996929671 8
1750948376988 0.9885745375408053 9
1750948377621 0.9892547568561753 10
1750948378253 0.9891193645362502 11
1750948378886 0.9895277127674768 12
1750948379517 0.9906159231122583 13
1750948380150 0.9933355381885357 14
1750948380784 0.9927908998842256 15
1750948381417 0.9923833870966184 16
1750948382049 0.9930633623347939 17
1750948382682 0.9948313384113167 18
1750948383315 0.9953756278800897 19
1750948383948 0.9949678619791772 20
1750948384583 0.9956474428726877 21
1750948385216 0.9957832974042712 22
1750948385851 0.9959195769899161 23
1750948386489 0.997143756915743 24
1750948387125 0.996599521924185 25
1750948387761 0.9970076169749728 26
1750948388396 0.9980957562568009 27
1750948389031 0.9967354121697062 28
1750948389666 0.9968715601702502 29
1750948390303 0.9978237743946219 30
1750948390942 0.9982318374578886 31
1750948391582 0.9974157010160423 32
1750948392221 0.9970076169749728 33
1750948392861 0.9980958025952942 34
1750948393500 0.9980957819506256 35
1750948394139 0.9963277094059063 36
1750948394778 0.9983677461884859 37
1750948395420 0.9971436315566862 38
1750948396061 0.9959186201813173 39
1750948396703 0.9976879079843366 40
1750948397349 0.9974161713422129 41
1750948397991 0.9987759151774862 42
1750948398632 0.9987758583760199 43
1750948399278 0.997959713154511 44
1750948399921 0.998911860718172 45
1750948400567 0.9980958025952942 46
1750948401212 0.9994559435986555 47
1750948401859 0.9989118330046848 48
1750948402503 0.9983679046804375 49
1750948403148 0.999727965179543 50
1750948403795 0.9993199213200111 51
1750948404443 0.9993199213200111 52
1750948405091 0.998231734860802 53
1750948405737 0.9980956851243378 54
1750948406382 0.998775887470846 55
1750948407032 0.9994559435986555 56
1750948407680 0.9991839153979831 57
1750948408328 0.998911860718172 58
1750948408977 0.999727965179543 59
1750948409626 0.9993198866781082 60
1750948410274 0.9991838747535136 61
1750948410924 0.9994559286018144 62
1750948411575 0.9975515905153758 63
1750948412225 0.998911755418001 64
1750948412876 0.9989117452021812 65
1750948413526 0.9993198695582801 66
1750948414177 0.999455930359086 67
1750948414829 0.9991839153979831 68
1750948415013 0.9991839153979831 0
1750948371314 0.8607479800837446 0
1750948415013 0.9991839153979831 0
