1750855791993 1.1246990892910464 0
1750855792449 0.6459552519534176 1
1750855792911 0.4570861802202314 2
1750855793372 0.351696649008918 3
1750855793835 0.28051815912435574 4
1750855794297 0.23285162085677386 5
1750855794758 0.19457247360357133 6
1750855795221 0.1743225123534654 7
1750855795685 0.15205015580172898 8
1750855796150 0.13791398303552863 9
1750855796613 0.12302924823157806 10
1750855797077 0.1178080957054573 11
1750855797540 0.10422158718790142 12
1750855798005 0.09609258521076644 13
1750855798471 0.09035449219670985 14
1750855798936 0.07943640564192365 15
1750855799399 0.07814793768658083 16
1750855799864 0.07206392462919664 17
1750855800330 0.06913252912210432 18
1750855800797 0.0612874013960556 19
1750855801265 0.06054519198356567 20
1750855801731 0.05833464967932094 21
1750855802198 0.05415829812643707 22
1750855802664 0.05179276732247529 23
1750855803131 0.050771112175773875 24
1750855803598 0.04481824099160204 25
1750855804065 0.04502789190259962 26
1750855804532 0.04250463239759434 27
1750855805000 0.04201465651952338 28
1750855805466 0.03803164736794407 29
1750855805934 0.03653906509118059 30
1750855806400 0.03834254066008868 31
1750855806867 0.03391630830034468 32
1750855807338 0.03513665324972864 33
1750855807806 0.03296706986778757 34
1750855808273 0.03557767073793075 35
1750855808740 0.03034000956049033 36
1750855809210 0.028920930270885926 37
1750855809679 0.03004528741302603 38
1750855810148 0.027136937647721487 39
1750855810615 0.026353305953598385 40
1750855811084 0.02549682969558818 41
1750855811552 0.028555669849920893 42
1750855812022 0.03211089413434721 43
1750855812492 0.027259427870920696 44
1750855812961 0.026415591670344133 45
1750855813431 0.02478252810776189 46
1750855813901 0.0222871651215797 47
1750855814372 0.02297322893787836 48
1750855814841 0.02285229129072226 49
1750855815309 0.020785897754090184 50
1750855815779 0.020762934964869712 51
1750855816250 0.02266054896544564 52
1750855816722 0.020713787541916783 53
1750855817203 0.020832744377938334 54
1750855817673 0.017421992038355347 55
1750855791993 1.1246990892910464 0
