1750948420411 0.8479325353645266 0
1750948421025 0.954570184983678 1
1750948421648 0.9699401523394995 2
1750948422271 0.9772850924918389 3
1750948422901 0.9821817192600653 4
1750948423533 0.9828618063112078 5
1750948424167 0.9838139281828074 6
1750948424802 0.9870783460282916 7
1750948425437 0.9874863982589771 8
1750948426068 0.9868063112078346 9
1750948426699 0.9883025027203483 10
1750948427337 0.9895266594124048 11
1750948427968 0.9923830250272034 12
1750948428599 0.9918389553862894 13
1750948429232 0.9931991294885746 14
1750948429863 0.9937431991294886 15
1750948430499 0.9929270946681176 16
1750948431131 0.9922470076169749 17
1750948431764 0.9956474428726877 18
1750948432407 0.9956474428726877 19
1750948433040 0.9965995647442872 20
1750948433677 0.9955114254624592 21
1750948434309 0.9967355821545157 22
1750948434945 0.9972796517954298 23
1750948435582 0.9961915125136017 24
1750948436217 0.9959194776931447 25
1750948436855 0.9965995647442872 26
1750948437492 0.9965995647442872 27
1750948438165 0.9963275299238302 28
1750948438822 0.9976877040261154 29
1750948439483 0.9972796517954298 30
1750948440139 0.9975516866158868 31
1750948440796 0.9983677910772579 32
1750948441457 0.9986398258977149 33
1750948442111 0.9990478781284005 34
1750948442769 0.9982317736670294 35
1750948443429 0.9974156692056583 36
1750948444087 0.9978237214363439 37
1750948444747 0.9987758433079434 38
1750948445409 0.998911860718172 39
1750948446069 0.999455930359086 40
1750948446729 0.9995919477693145 41
1750948447392 0.999727965179543 42
1750948448052 0.9965995647442872 43
1750948448716 0.9946953210010882 44
1750948449378 0.9980957562568009 45
1750948450040 0.9980957562568009 46
1750948450699 0.9970076169749728 47
1750948451365 0.998911860718172 48
1750948452027 0.9983677910772579 49
1750948452690 0.9987758433079434 50
1750948453352 0.9980957562568009 51
1750948454013 0.9990478781284005 52
1750948454673 0.9982317736670294 53
1750948455337 0.9995919477693145 54
1750948456000 0.9995919477693145 55
1750948456663 0.999455930359086 56
1750948457335 0.9998639825897715 57
1750948457998 0.9995919477693145 58
1750948458664 0.9963275299238302 59
1750948459335 0.9974156692056583 60
1750948460002 0.9976877040261154 61
1750948460671 0.999455930359086 62
1750948461338 0.9993199129488575 63
1750948462008 0.9987758433079434 64
1750948462679 0.999183895538629 65
1750948463348 0.9993199129488575 66
1750948464016 0.999455930359086 67
1750948464688 0.9990478781284005 68
1750948465359 0.9980957562568009 69
1750948466031 0.9982317736670294 70
1750948466706 0.9963275299238302 71
1750948467384 0.9998639825897715 72
1750948468056 0.999727965179543 73
1750948468723 0.999727965179543 74
1750948469381 0.999455930359086 75
1750948470039 0.999727965179543 76
1750948470698 0.9985038084874864 77
1750948471357 0.9983677910772579 78
1750948472017 0.9995919477693145 79
1750948472677 0.9995919477693145 80
1750948473337 0.9974156692056583 81
1750948473999 0.9979597388465724 82
1750948474661 0.9982317736670294 83
1750948475325 0.9990478781284005 84
1750948475990 0.9995919477693145 85
1750948476654 1.0 86
1750948477326 0.998911860718172 87
1750948477992 0.9976877040261154 88
1750948478657 0.9987758433079434 89
1750948479324 0.9995919477693145 90
1750948479988 0.9993199129488575 91
1750948480658 0.999455930359086 92
1750948481327 0.998911860718172 93
1750948481995 0.9995919477693145 94
1750948482662 0.999455930359086 95
1750948483332 0.9968715995647442 96
1750948484001 0.9990478781284005 97
1750948484669 0.9998639825897715 98
1750948485338 0.9998639825897715 99
1750948485560 0.9998639825897715 0
1750948420411 0.8479325353645266 0
1750948485560 0.9998639825897715 0
