1750948420349 0.6317785006579948 0
1750948420948 0.1781257204914119 1
1750948421571 0.10363646833807781 2
1750948422193 0.07607267282181647 3
1750948422823 0.061459040105083435 4
1750948423455 0.05361426288061355 5
1750948424089 0.04755533001435286 6
1750948424725 0.04085148731499943 7
1750948425360 0.04025682160413953 8
1750948425990 0.03862382906617777 9
1750948426620 0.03455251104920957 10
1750948427259 0.030807684146788 11
1750948427890 0.02712497810485557 12
1750948428520 0.025306588285060456 13
1750948429152 0.020988597017758494 14
1750948429784 0.02106150805492104 15
1750948430419 0.019380048855149084 16
1750948431053 0.02146122518696815 17
1750948431685 0.014966915350942443 18
1750948432328 0.015022703595672277 19
1750948432961 0.011665726441437008 20
1750948433597 0.015617128065736586 21
1750948434229 0.011891962454291477 22
1750948434863 0.011584584858629272 23
1750948435501 0.013141972177243418 24
1750948436137 0.01302587014621213 25
1750948436772 0.01086988674894267 26
1750948437412 0.015427073312546323 27
1750948438085 0.012834620236401913 28
1750948438742 0.009011923178667619 29
1750948439403 0.00920656469072417 30
1750948440057 0.009452007431992947 31
1750948440715 0.007719536438790557 32
1750948441376 0.005823341035740136 33
1750948442030 0.004011740851972528 34
1750948442687 0.00603628741425003 35
1750948443346 0.009321120437713475 36
1750948444005 0.007118031192989969 37
1750948444665 0.004337609113226731 38
1750948445327 0.004076675592589276 39
1750948445987 0.003071333990828565 40
1750948446647 0.002263739394887692 41
1750948447310 0.002558963401789698 42
1750948447969 0.010764334758974701 43
1750948448632 0.01433718924119793 44
1750948449294 0.007067939083768872 45
1750948449957 0.007497788052912194 46
1750948450616 0.009968536285389877 47
1750948451279 0.005961597493078998 48
1750948451943 0.007136747798521651 49
1750948452606 0.004151042902550049 50
1750948453270 0.006004296139284707 51
1750948453930 0.0028576463106482555 52
1750948454590 0.005266672389754585 53
1750948455253 0.0026164180914893184 54
1750948455916 0.002386971800908245 55
1750948456579 0.002489609379998167 56
1750948457252 0.0013601910412527917 57
1750948457914 0.0024112068613456822 58
1750948458579 0.009586118633784247 59
1750948459251 0.0062312558670203945 60
1750948459916 0.006489344980106023 61
1750948460585 0.0025968710769485844 62
1750948461252 0.0026754471440935076 63
1750948461923 0.0043011847443421855 64
1750948462594 0.004184431789769848 65
1750948463262 0.0032763179445127353 66
1750948463930 0.0028317970843740937 67
1750948464601 0.003700351112420084 68
1750948465273 0.006908056620859072 69
1750948465944 0.006931296057790879 70
1750948466619 0.010355607070282387 71
1750948467297 0.0018775394402581933 72
1750948467968 0.0016923340908394846 73
1750948468636 0.001773690359311427 74
1750948469294 0.00242832382967122 75
1750948469953 0.0024866741675848318 76
1750948470611 0.0037692776672681185 77
1750948471271 0.005428644254940721 78
1750948471929 0.002966032498970276 79
1750948472589 0.0017488485614318068 80
1750948473249 0.008483605347778339 81
1750948473911 0.005699706822101704 82
1750948474574 0.005107489375845237 83
1750948475238 0.004551401459490343 84
1750948475901 0.00214128996496635 85
1750948476566 0.0012859970844736864 86
1750948477238 0.0031900050125089376 87
1750948477903 0.006033247422805827 88
1750948478569 0.00399097647730482 89
1750948479237 0.001602410813094288 90
1750948479900 0.002579055872918218 91
1750948480569 0.0023944892073597384 92
1750948481238 0.0033994602363810484 93
1750948481906 0.00156397889869715 94
1750948482572 0.0026563568917263736 95
1750948483241 0.009194091812976543 96
1750948483912 0.003431733012873572 97
1750948484580 0.0017954633239062828 98
1750948485248 0.0015446649816115736 99
1750948485560 0.0015446649816115736 0
1750948420349 0.6317785006579948 0
1750948485560 0.0015446649816115736 0
