1750948420390 0.8487685266882171 0
1750948421000 0.9545536582253287 1
1750948421622 0.9699111879345019 2
1750948422245 0.977268560064742 3
1750948422875 0.9821826989674841 4
1750948423507 0.9828907581827316 5
1750948424141 0.9838288551439714 6
1750948424776 0.9870792896243699 7
1750948425412 0.9874874025705688 8
1750948426042 0.9868103258239439 9
1750948426672 0.9883034682387882 10
1750948427311 0.989535466893553 11
1750948427942 0.9923830250272034 12
1750948428573 0.9918397528010724 13
1750948429205 0.9932036914760177 14
1750948429836 0.9937441575516307 15
1750948430472 0.9929316917477717 16
1750948431105 0.9922484685261569 17
1750948431737 0.9956476257911241 18
1750948432381 0.9956476257911241 19
1750948433014 0.9966007227116568 20
1750948433650 0.9955144796183165 21
1750948434283 0.9967361468103892 22
1750948434918 0.9972815358593705 23
1750948435556 0.9961934950906897 24
1750948436190 0.9959200811421697 25
1750948436828 0.9966024988426131 26
1750948437465 0.9966028402536645 27
1750948438138 0.9963285450390893 28
1750948438795 0.9976877475208938 29
1750948439456 0.9972815358593705 30
1750948440112 0.9975530589581314 31
1750948440769 0.9983682644549394 32
1750948441430 0.9986399227310012 33
1750948442084 0.9990488656910006 34
1750948442742 0.9982318310185515 35
1750948443401 0.9974157057720651 36
1750948444060 0.9978240176779866 37
1750948444720 0.9987759754727158 38
1750948445382 0.998911860718172 39
1750948446042 0.999455930359086 40
1750948446702 0.9995920397626955 41
1750948447365 0.9997283875938604 42
1750948448024 0.9966002149242165 43
1750948448689 0.994695552462632 44
1750948449350 0.9980991197308037 45
1750948450012 0.9980957562568009 46
1750948450672 0.9970081686997956 47
1750948451335 0.9989129591344071 48
1750948451999 0.9983681791992872 49
1750948452662 0.9987768498044067 50
1750948453325 0.9980957562568009 51
1750948453986 0.999047956265038 52
1750948454645 0.9982328180312193 53
1750948455309 0.999592897464188 54
1750948455972 0.9995920600747327 55
1750948456635 0.999455930359086 56
1750948457308 0.9998640815115244 57
1750948457970 0.9995920600747327 58
1750948458636 0.9963295807734042 59
1750948459308 0.9974178709718895 60
1750948459974 0.9976887862580319 61
1750948460643 0.9994575096613818 62
1750948461310 0.9993199980138667 63
1750948461981 0.9987766671771469 64
1750948462650 0.9991843438150475 65
1750948463319 0.9993199980138667 66
1750948463988 0.999455930359086 67
1750948464660 0.999047956265038 68
1750948465330 0.9980960666638444 69
1750948466002 0.9982318859724476 70
1750948466677 0.9963279198826503 71
1750948467355 0.999864088275405 72
1750948468027 0.9997281029884693 73
1750948468694 0.999727965179543 74
1750948469352 0.999455930359086 75
1750948470010 0.9997283605789913 76
1750948470669 0.9985044119516016 77
1750948471328 0.9983679571108811 78
1750948471988 0.9995920397626955 79
1750948472648 0.9995928367719956 80
1750948473308 0.9974167703714382 81
1750948473970 0.9979610997757202 82
1750948474632 0.9982328180312193 83
1750948475296 0.999047956265038 84
1750948475960 0.9995920600747327 85
1750948476625 1.0 86
1750948477297 0.998911860718172 87
1750948477962 0.9976896766424087 88
1750948478628 0.9987759688529312 89
1750948479296 0.9995925528023613 90
1750948479959 0.9993204319918313 91
1750948480628 0.9994563115931335 92
1750948481298 0.9989120766637357 93
1750948481966 0.9995921591405813 94
1750948482632 0.999455930359086 95
1750948483302 0.9968767963180086 96
1750948483971 0.9990490644009733 97
1750948484639 0.9998640815115244 98
1750948485308 0.9998640815115244 99
1750948485560 0.9998640815115244 0
1750948420390 0.8487685266882171 0
1750948485560 0.9998640815115244 0
