1750948420369 0.8479325353645266 0
1750948420974 0.954570184983678 1
1750948421597 0.9699401523394995 2
1750948422219 0.9772850924918389 3
1750948422849 0.9821817192600653 4
1750948423481 0.9828618063112078 5
1750948424115 0.9838139281828074 6
1750948424751 0.9870783460282916 7
1750948425386 0.9874863982589771 8
1750948426016 0.9868063112078346 9
1750948426646 0.9883025027203483 10
1750948427285 0.9895266594124048 11
1750948427916 0.9923830250272034 12
1750948428546 0.9918389553862894 13
1750948429179 0.9931991294885746 14
1750948429810 0.9937431991294886 15
1750948430446 0.9929270946681176 16
1750948431079 0.9922470076169749 17
1750948431711 0.9956474428726877 18
1750948432355 0.9956474428726877 19
1750948432988 0.9965995647442872 20
1750948433624 0.9955114254624592 21
1750948434256 0.9967355821545157 22
1750948434890 0.9972796517954298 23
1750948435529 0.9961915125136017 24
1750948436164 0.9959194776931447 25
1750948436800 0.9965995647442872 26
1750948437438 0.9965995647442872 27
1750948438111 0.9963275299238302 28
1750948438768 0.9976877040261154 29
1750948439429 0.9972796517954298 30
1750948440085 0.9975516866158868 31
1750948440742 0.9983677910772579 32
1750948441403 0.9986398258977149 33
1750948442057 0.9990478781284005 34
1750948442714 0.9982317736670294 35
1750948443374 0.9974156692056583 36
1750948444033 0.9978237214363439 37
1750948444692 0.9987758433079434 38
1750948445355 0.998911860718172 39
1750948446015 0.999455930359086 40
1750948446675 0.9995919477693145 41
1750948447337 0.999727965179543 42
1750948447997 0.9965995647442872 43
1750948448662 0.9946953210010882 44
1750948449322 0.9980957562568009 45
1750948449985 0.9980957562568009 46
1750948450644 0.9970076169749728 47
1750948451307 0.998911860718172 48
1750948451971 0.9983677910772579 49
1750948452634 0.9987758433079434 50
1750948453297 0.9980957562568009 51
1750948453958 0.9990478781284005 52
1750948454617 0.9982317736670294 53
1750948455282 0.9995919477693145 54
1750948455944 0.9995919477693145 55
1750948456607 0.999455930359086 56
1750948457280 0.9998639825897715 57
1750948457942 0.9995919477693145 58
1750948458607 0.9963275299238302 59
1750948459279 0.9974156692056583 60
1750948459945 0.9976877040261154 61
1750948460614 0.999455930359086 62
1750948461281 0.9993199129488575 63
1750948461952 0.9987758433079434 64
1750948462622 0.999183895538629 65
1750948463290 0.9993199129488575 66
1750948463959 0.999455930359086 67
1750948464631 0.9990478781284005 68
1750948465302 0.9980957562568009 69
1750948465973 0.9982317736670294 70
1750948466648 0.9963275299238302 71
1750948467326 0.9998639825897715 72
1750948467998 0.999727965179543 73
1750948468665 0.999727965179543 74
1750948469323 0.999455930359086 75
1750948469982 0.999727965179543 76
1750948470640 0.9985038084874864 77
1750948471300 0.9983677910772579 78
1750948471959 0.9995919477693145 79
1750948472619 0.9995919477693145 80
1750948473279 0.9974156692056583 81
1750948473941 0.9979597388465724 82
1750948474603 0.9982317736670294 83
1750948475267 0.9990478781284005 84
1750948475931 0.9995919477693145 85
1750948476595 1.0 86
1750948477268 0.998911860718172 87
1750948477933 0.9976877040261154 88
1750948478598 0.9987758433079434 89
1750948479266 0.9995919477693145 90
1750948479929 0.9993199129488575 91
1750948480598 0.999455930359086 92
1750948481268 0.998911860718172 93
1750948481936 0.9995919477693145 94
1750948482602 0.999455930359086 95
1750948483271 0.9968715995647442 96
1750948483941 0.9990478781284005 97
1750948484610 0.9998639825897715 98
1750948485279 0.9998639825897715 99
1750948485560 0.9998639825897715 0
1750948420369 0.8479325353645266 0
1750948485560 0.9998639825897715 0
