1750948420433 0.8452471755875154 0
1750948421051 0.9544699888158058 1
1750948421673 0.9699185266744809 2
1750948422297 0.9772750728451922 3
1750948422927 0.9821809769293355 4
1750948423558 0.9828652324028295 5
1750948424193 0.9838160457096431 6
1750948424828 0.9870775164569774 7
1750948425463 0.9874867027690761 8
1750948426094 0.986807085801795 9
1750948426725 0.9883027873710929 10
1750948427364 0.9895250452329044 11
1750948427994 0.9923830250272034 12
1750948428625 0.9918391539798321 13
1750948429258 0.9931996028351563 14
1750948429889 0.9937428733252703 15
1750948430525 0.9929275869485625 16
1750948431158 0.9922472873153579 17
1750948431790 0.9956473320187389 18
1750948432433 0.9956473320187389 19
1750948433067 0.9965996874190166 20
1750948433703 0.9955116889841159 21
1750948434335 0.9967356615919328 22
1750948434972 0.9972797811059352 23
1750948435609 0.9961916935483093 24
1750948436243 0.9959195769899161 25
1750948436882 0.9965997643819059 26
1750948437519 0.9965999438162462 27
1750948438192 0.9963275176022903 28
1750948438849 0.9976876749084458 29
1750948439510 0.9972797811059352 30
1750948440165 0.9975515591272798 31
1750948440823 0.99836735985371 32
1750948441484 0.9986392565438974 33
1750948442139 0.9990479124773247 34
1750948442796 0.9982317514005762 35
1750948443456 0.9974156366623805 36
1750948444114 0.9978236660093694 37
1750948444774 0.9987758583760199 38
1750948445436 0.998911860718172 39
1750948446096 0.999455930359086 40
1750948446757 0.9995919426309022 41
1750948447419 0.9997279717993277 42
1750948448080 0.9965994333905414 43
1750948448744 0.9946953862960864 44
1750948449405 0.998095604278686 45
1750948450068 0.9980957562568009 46
1750948450727 0.9970076897926052 47
1750948451393 0.9989118910861127 48
1750948452055 0.9983677366070454 49
1750948452717 0.998775887470846 50
1750948453380 0.9980957562568009 51
1750948454040 0.9990478661387717 52
1750948454701 0.9982318374578886 53
1750948455365 0.999591962490282 54
1750948456028 0.9995919527920066 55
1750948456691 0.999455930359086 56
1750948457363 0.9998639808769674 57
1750948458027 0.9995919527920066 58
1750948458692 0.9963272882780928 59
1750948459363 0.9974154991586579 60
1750948460030 0.9976877874449313 61
1750948460699 0.9994559020282844 62
1750948461368 0.999319904384837 63
1750948462037 0.9987757960205947 64
1750948462707 0.9991839153979831 65
1750948463376 0.999319904384837 66
1750948464045 0.999455930359086 67
1750948464717 0.9990478661387717 68
1750948465388 0.9980957077581983 69
1750948466060 0.9982317786897216 70
1750948466735 0.9963274393454787 71
1750948467413 0.9998639848448737 72
1750948468085 0.9997279679435463 73
1750948468751 0.999727965179543 74
1750948469409 0.999455930359086 75
1750948470068 0.9997279582511712 76
1750948470727 0.9985038467531017 77
1750948471386 0.9983677637190705 78
1750948472045 0.9995919426309022 79
1750948472706 0.999591932006865 80
1750948473367 0.9974157624384526 81
1750948474028 0.9979599611043174 82
1750948474690 0.9982318374578886 83
1750948475355 0.9990478661387717 84
1750948476019 0.9995919527920066 85
1750948476683 1.0 86
1750948477356 0.998911860718172 87
1750948478021 0.9976878102385229 88
1750948478687 0.9987758550275585 89
1750948479353 0.9995920104501437 90
1750948480018 0.9993199018561173 91
1750948480687 0.9994559165023423 92
1750948481357 0.9989118514925467 93
1750948482024 0.9995920023068994 94
1750948482691 0.999455930359086 95
1750948483362 0.996870474100829 96
1750948484031 0.9990481113883796 97
1750948484699 0.9998639808769674 98
1750948485367 0.9998639808769674 99
1750948485560 0.9998639808769674 0
1750948420433 0.8452471755875154 0
1750948485560 0.9998639808769674 0
