1750855823124 1.4706351795964454 0
1750855823579 1.1518534192322907 1
1750855824043 0.9809115708717454 2
1750855824506 0.846588646626187 3
1750855824969 0.7371756200951254 4
1750855825433 0.649419891626713 5
1750855825897 0.5744917661243476 6
1750855826361 0.5169489557193075 7
1750855826827 0.47236632496540126 8
1750855827294 0.42660275912388623 9
1750855827758 0.39536979395624605 10
1750855828221 0.36941531190285876 11
1750855828685 0.340644001798609 12
1750855829150 0.31722035828949446 13
1750855829615 0.2908986408316142 14
1750855830080 0.2709860705058126 15
1750855830545 0.2546902969398488 16
1750855831010 0.23548635238856563 17
1750855831474 0.2236164675557315 18
1750855831939 0.2104121623996552 19
1750855832404 0.19906079156224954 20
1750855832869 0.18671663810820263 21
1750855833332 0.175665954624478 22
1750855833799 0.16616135206523475 23
1750855834266 0.1566685394376873 24
1750855834733 0.14790190962245597 25
1750855835199 0.1450482066132947 26
1750855835664 0.14021099220162767 27
1750855836129 0.1311311126322819 28
1750855836596 0.12155891003105404 29
1750855837064 0.11764970878230345 30
1750855837533 0.11380174156112173 31
1750855838001 0.10503338346251725 32
1750855838470 0.10029787625367545 33
1750855838940 0.09513366785836816 34
1750855839409 0.09426333026411225 35
1750855839876 0.09296643317264623 36
1750855840344 0.08255870375879538 37
1750855840811 0.08499006027511855 38
1750855841280 0.08120072335085879 39
1750855841748 0.08029804755735968 40
1750855842216 0.07702526464344887 41
1750855842684 0.07479963585393862 42
1750855843152 0.07172558474900673 43
1750855843621 0.06863325931561524 44
1750855844091 0.06951924422765972 45
1750855844561 0.06855340128494944 46
1750855845028 0.06461150914641407 47
1750855845497 0.06528639174405976 48
1750855845968 0.05938544184358647 49
1750855846441 0.06046530899061731 50
1750855846910 0.055739688223898735 51
1750855847380 0.05756223215939431 52
1750855847850 0.054132173403335475 53
1750855848319 0.05426284631712198 54
1750855848791 0.052553576811483295 55
1750855849263 0.051828992456781464 56
1750855849735 0.051985088403420816 57
1750855850206 0.0494903952371779 58
1750855850678 0.050458129153863586 59
1750855851148 0.048052728474059093 60
1750855851621 0.046782037893855405 61
1750855852093 0.04700900088910569 62
1750855852564 0.04486516022991888 63
1750855853035 0.042943244013566445 64
1750855823124 1.4706351795964454 0
