1751012369741 0.8504336852968964 0
1751012370355 0.9530758394134368 1
1751012370981 0.970869420987452 2
1751012371606 0.9775468591474131 3
1751012372234 0.9828537562181432 4
1751012372863 0.9815015916587898 5
1751012373499 0.9836786288157884 6
1751012374136 0.9853104233739955 7
1751012374775 0.9881676754645515 8
1751012375410 0.9880302540132823 9
1751012376042 0.9884383745422288 10
1751012376676 0.9868058384310319 11
1751012377308 0.9911590920120127 12
1751012377940 0.9903431122700073 13
1751012378575 0.9918393433178055 14
1751012379207 0.9902046044814004 15
1751012379840 0.9908867187568158 16
1751012380476 0.9900698189029361 17
1751012381109 0.9912950975784877 18
1751012381741 0.9907508161044614 19
1751012382375 0.9937433513845381 20
1751012383013 0.993471730759628 21
1751012383646 0.9904798400143692 22
1751012384280 0.9942856787916752 23
1751012384919 0.9946952953388487 24
1751012385559 0.9933352289361087 25
1751012386198 0.994423354824091 26
1751012386838 0.994967108343911 27
1751012387475 0.9960555436560643 28
1751012388116 0.9933353873412726 29
1751012388756 0.9952390300200235 30
1751012389394 0.9933358331439408 31
1751012390037 0.9934711643090316 32
1751012390676 0.9948274752739653 33
1751012391314 0.9922471525630192 34
1751012391957 0.9953756278800897 35
1751012392597 0.9961915125136017 36
1751012393237 0.9957838843609321 37
1751012393875 0.9946953292930983 38
1751012394516 0.9930634113248914 39
1751012395157 0.9956475664072685 40
1751012395797 0.9961916935483093 41
1751012396436 0.996871638072051 42
1751012397080 0.9965999190478827 43
1751012397722 0.9951018608933768 44
1751012398367 0.9949676366058562 45
1751012399011 0.996871638072051 46
1751012399654 0.9948313384113167 47
1751012400299 0.9963273419771457 48
1751012400946 0.9961916957124147 49
1751012401593 0.9970081254406719 50
1751012402242 0.9971438020808009 51
1751012402885 0.9976877597483967 52
1751012403531 0.9978237214363439 53
1751012404176 0.9956466462026811 54
1751012404824 0.9970076169749728 55
1751012405472 0.9968713616882482 56
1751012406122 0.9961912902873846 57
1751012406773 0.9961915825425262 58
1751012407424 0.9952386140262538 59
1751012408076 0.9961905029880062 60
1751012408728 0.996055041167099 61
1751012409390 0.99795981245141 62
1751012410042 0.9972795825117118 63
1751012410696 0.9967354121697062 64
1751012411350 0.9982316072681006 65
1751012412011 0.9968717672603439 66
1751012412665 0.9940145860970958 67
1751012413322 0.9967350488068412 68
1751012413509 0.9967350488068412 0
1751012369741 0.8504336852968964 0
1751012413509 0.9967350488068412 0
