1751012369719 0.8539173014145811 0
1751012370329 0.9532100108813928 1
1751012370955 0.970892274211099 2
1751012371580 0.9775571273122959 3
1751012372207 0.9828618063112078 4
1751012372837 0.9815016322089227 5
1751012373472 0.9836779107725789 6
1751012374110 0.985310119695321 7
1751012374749 0.9881664853101197 8
1751012375384 0.9880304678998912 9
1751012376015 0.9884385201305768 10
1751012376649 0.9868063112078346 11
1751012377281 0.9911588683351469 12
1751012377914 0.9903427638737758 13
1751012378548 0.9918389553862894 14
1751012379181 0.9902067464635473 15
1751012379814 0.9908868335146899 16
1751012380449 0.9900707290533188 17
1751012381083 0.9912948857453754 18
1751012381714 0.9907508161044614 19
1751012382348 0.9937431991294886 20
1751012382986 0.9934711643090316 21
1751012383620 0.9904787812840044 22
1751012384253 0.9942872687704026 23
1751012384892 0.9946953210010882 24
1751012385531 0.9933351468988031 25
1751012386171 0.9944232861806311 26
1751012386811 0.9949673558215452 27
1751012387448 0.9960554951033732 28
1751012388089 0.9933351468988031 29
1751012388729 0.9952393906420022 30
1751012389367 0.9933351468988031 31
1751012390010 0.9934711643090316 32
1751012390650 0.9948313384113167 33
1751012391287 0.9922470076169749 34
1751012391929 0.9953754080522307 35
1751012392570 0.9961915125136017 36
1751012393210 0.9957834602829162 37
1751012393848 0.9946953210010882 38
1751012394489 0.9930631120783461 39
1751012395129 0.9956474428726877 40
1751012395770 0.9961915125136017 41
1751012396409 0.9968715995647442 42
1751012397052 0.9965995647442872 43
1751012397694 0.9951033732317737 44
1751012398339 0.9949673558215452 45
1751012398984 0.9968715995647442 46
1751012399627 0.9948313384113167 47
1751012400271 0.9963275299238302 48
1751012400918 0.9961915125136017 49
1751012401565 0.9970076169749728 50
1751012402214 0.9971436343852013 51
1751012402857 0.9976877040261154 52
1751012403503 0.9978237214363439 53
1751012404149 0.9956474428726877 54
1751012404795 0.9970076169749728 55
1751012405444 0.9968715995647442 56
1751012406093 0.9961915125136017 57
1751012406743 0.9961915125136017 58
1751012407396 0.9952393906420022 59
1751012408046 0.9961915125136017 60
1751012408699 0.9960554951033732 61
1751012409362 0.9979597388465724 62
1751012410013 0.9972796517954298 63
1751012410667 0.9967355821545157 64
1751012411321 0.9982317736670294 65
1751012411982 0.9968715995647442 66
1751012412636 0.9940152339499456 67
1751012413293 0.9967355821545157 68
1751012413509 0.9967355821545157 0
1751012369719 0.8539173014145811 0
1751012413509 0.9967355821545157 0
