1751012369697 0.8567622973109305 0
1751012370303 0.9530920028979144 1
1751012370929 0.9708564586679328 2
1751012371554 0.9775382123125207 3
1751012372180 0.9828472528308988 4
1751012372811 0.9815019449701639 5
1751012373445 0.9836812660771329 6
1751012374083 0.9853115143544569 7
1751012374722 0.9881768835522916 8
1751012375357 0.9880457039153735 9
1751012375989 0.9884383280607142 10
1751012376623 0.9868066613370718 11
1751012377255 0.9911600697811734 12
1751012377887 0.9903443573200006 13
1751012378521 0.9918413320159664 14
1751012379154 0.9902031879194079 15
1751012379788 0.9908867038001734 16
1751012380423 0.9900733131356282 17
1751012381056 0.9912957090222595 18
1751012381687 0.9907508161044614 19
1751012382320 0.9937439060269179 20
1751012382960 0.9934787337423489 21
1751012383593 0.9904833742034312 22
1751012384226 0.9942844772848395 23
1751012384865 0.9946958676501664 24
1751012385504 0.9933354114592706 25
1751012386144 0.9944235242619598 26
1751012386783 0.9949685887179288 27
1751012387421 0.9960556934659933 28
1751012388062 0.9933365320725319 29
1751012388702 0.9952419782738677 30
1751012389339 0.9933404996900069 31
1751012389983 0.9934711643090316 32
1751012390623 0.9948299976264865 33
1751012391259 0.9922473977224303 34
1751012391900 0.995377464514179 35
1751012392541 0.9961915125136017 36
1751012393183 0.9957925011787906 37
1751012393820 0.9946954697370282 38
1751012394460 0.9930665132234257 39
1751012395102 0.9956489548793247 40
1751012395743 0.9961934950906897 41
1751012396382 0.99687177806801 42
1751012397025 0.9966005701987911 43
1751012397667 0.9951008692885331 44
1751012398311 0.9949702762239377 45
1751012398956 0.99687177806801 46
1751012399598 0.9948313384113167 47
1751012400243 0.996329693960897 48
1751012400890 0.9961931880597488 49
1751012401537 0.997008930870416 50
1751012402186 0.9971465084547614 51
1751012402830 0.9976883547667129 52
1751012403475 0.9978237214363439 53
1751012404121 0.9956461561122588 54
1751012404767 0.9970076169749728 55
1751012405416 0.9968737616971824 56
1751012406065 0.9961923379519132 57
1751012406714 0.9961925331539792 58
1751012407368 0.995238197966805 59
1751012408017 0.9961913672273146 60
1751012408671 0.9960558911724763 61
1751012409333 0.9979608021446256 62
1751012409984 0.9972799197062711 63
1751012410639 0.9967368657995955 64
1751012411292 0.9982364348245253 65
1751012411954 0.9968744736343044 66
1751012412608 0.9940148173236573 67
1751012413264 0.9967361226909782 68
1751012413509 0.9967361226909782 0
1751012369697 0.8567622973109305 0
1751012413509 0.9967361226909782 0
