1751012369676 0.8539173014145811 0
1751012370277 0.9532100108813928 1
1751012370902 0.970892274211099 2
1751012371527 0.9775571273122959 3
1751012372154 0.9828618063112078 4
1751012372785 0.9815016322089227 5
1751012373419 0.9836779107725789 6
1751012374057 0.985310119695321 7
1751012374696 0.9881664853101197 8
1751012375331 0.9880304678998912 9
1751012375963 0.9884385201305768 10
1751012376596 0.9868063112078346 11
1751012377228 0.9911588683351469 12
1751012377860 0.9903427638737758 13
1751012378494 0.9918389553862894 14
1751012379127 0.9902067464635473 15
1751012379761 0.9908868335146899 16
1751012380396 0.9900707290533188 17
1751012381029 0.9912948857453754 18
1751012381661 0.9907508161044614 19
1751012382294 0.9937431991294886 20
1751012382931 0.9934711643090316 21
1751012383566 0.9904787812840044 22
1751012384199 0.9942872687704026 23
1751012384837 0.9946953210010882 24
1751012385475 0.9933351468988031 25
1751012386116 0.9944232861806311 26
1751012386755 0.9949673558215452 27
1751012387394 0.9960554951033732 28
1751012388034 0.9933351468988031 29
1751012388675 0.9952393906420022 30
1751012389312 0.9933351468988031 31
1751012389954 0.9934711643090316 32
1751012390594 0.9948313384113167 33
1751012391232 0.9922470076169749 34
1751012391873 0.9953754080522307 35
1751012392513 0.9961915125136017 36
1751012393156 0.9957834602829162 37
1751012393793 0.9946953210010882 38
1751012394432 0.9930631120783461 39
1751012395075 0.9956474428726877 40
1751012395716 0.9961915125136017 41
1751012396354 0.9968715995647442 42
1751012396997 0.9965995647442872 43
1751012397639 0.9951033732317737 44
1751012398283 0.9949673558215452 45
1751012398928 0.9968715995647442 46
1751012399571 0.9948313384113167 47
1751012400215 0.9963275299238302 48
1751012400862 0.9961915125136017 49
1751012401507 0.9970076169749728 50
1751012402158 0.9971436343852013 51
1751012402803 0.9976877040261154 52
1751012403448 0.9978237214363439 53
1751012404093 0.9956474428726877 54
1751012404739 0.9970076169749728 55
1751012405388 0.9968715995647442 56
1751012406037 0.9961915125136017 57
1751012406686 0.9961915125136017 58
1751012407339 0.9952393906420022 59
1751012407988 0.9961915125136017 60
1751012408642 0.9960554951033732 61
1751012409305 0.9979597388465724 62
1751012409956 0.9972796517954298 63
1751012410610 0.9967355821545157 64
1751012411263 0.9982317736670294 65
1751012411924 0.9968715995647442 66
1751012412578 0.9940152339499456 67
1751012413235 0.9967355821545157 68
1751012413509 0.9967355821545157 0
1751012369676 0.8539173014145811 0
1751012413509 0.9967355821545157 0
