1751012369656 0.6101323061656122 0
1751012370251 0.18312926925272885 1
1751012370876 0.10945243321124047 2
1751012371501 0.07982598040435337 3
1751012372127 0.06559658314428729 4
1751012372759 0.05957748530933206 5
1751012373393 0.053726587809370965 6
1751012374030 0.04838829290758214 7
1751012374669 0.04066040355031165 8
1751012375304 0.0408069247580554 9
1751012375936 0.038875540584666295 10
1751012376569 0.04346573622583111 11
1751012377202 0.03264069157805582 12
1751012377833 0.031371535632001304 13
1751012378467 0.027853867881227047 14
1751012379100 0.031399050853149285 15
1751012379735 0.028436064148591313 16
1751012380369 0.029804882958280054 17
1751012381002 0.026552565762686 18
1751012381634 0.026286041137576915 19
1751012382267 0.021739561051957235 20
1751012382904 0.023167323137677078 21
1751012383540 0.03072601283360293 22
1751012384172 0.02382664848321702 23
1751012384809 0.020628285951257742 24
1751012385446 0.021764896401651083 25
1751012386089 0.018578516572239575 26
1751012386726 0.018082727685720702 27
1751012387366 0.014739054129524835 28
1751012388006 0.018452411298604605 29
1751012388646 0.019371092920946575 30
1751012389284 0.020867453103680347 31
1751012389925 0.02060576765397736 32
1751012390567 0.018197818770720922 33
1751012391205 0.02126386104925851 34
1751012391845 0.015751417185244747 35
1751012392485 0.014602378972474652 36
1751012393128 0.01451540590183844 37
1751012393765 0.017655588357361748 38
1751012394404 0.02420930835591696 39
1751012395047 0.014191318796369956 40
1751012395688 0.013718678352247693 41
1751012396326 0.011471169430942917 42
1751012396969 0.01421832894780739 43
1751012397612 0.018651688434193733 44
1751012398255 0.0181533846678871 45
1751012398900 0.012370860374353266 46
1751012399543 0.01664316871277461 47
1751012400187 0.014842903735045185 48
1751012400833 0.015642634790565036 49
1751012401479 0.011904620278806054 50
1751012402129 0.012562457086737304 51
1751012402775 0.010953468063167753 52
1751012403419 0.010651670876937037 53
1751012404065 0.013734347535595217 54
1751012404711 0.012216729705826957 55
1751012405360 0.015503744832903827 56
1751012406008 0.018351608618761495 57
1751012406657 0.014039192844275487 58
1751012407311 0.016238059069742412 59
1751012407960 0.014471701644786651 60
1751012408613 0.01372930477145285 61
1751012409276 0.00972335050678057 62
1751012409927 0.010501338268546094 63
1751012410581 0.010650172867630816 64
1751012411234 0.008601742273300959 65
1751012411891 0.013105732480887936 66
1751012412549 0.022813492476883405 67
1751012413206 0.014559442174881372 68
1751012413509 0.014559442174881372 0
1751012369656 0.6101323061656122 0
1751012413509 0.014559442174881372 0
