1750857110893 0.8510819371473521 0
1750857111501 0.9464640326166756 1
1750857112127 0.9681162168701151 2
1750857112754 0.9750944891120724 3
1750857113384 0.9780990384257477 4
1750857114009 0.9817705049017456 5
1750857114638 0.9847716999003943 6
1750857115264 0.9864247200379701 7
1750857115890 0.9859908238877939 8
1750857116518 0.9877594244599752 9
1750857117146 0.9895283096602194 10
1750857117779 0.9892692131724584 11
1750857118409 0.9919811637695025 12
1750857119040 0.9923830379608304 13
1750857119671 0.99238769229128 14
1750857120302 0.9922566787093448 15
1750857120937 0.9945636901172473 16
1750857121570 0.9919764526395631 17
1750857122203 0.9960610881489226 18
1750857122838 0.9957836652653211 19
1750857123471 0.9951033732317737 20
1750857124103 0.9963364738663977 21
1750857124737 0.9968727385982505 22
1750857125371 0.9972815358593705 23
1750857126007 0.9968722714558329 24
1750857126642 0.9982318310185515 25
1750857127280 0.9979598908706993 26
1750857127915 0.9982325541139142 27
1750857128556 0.999455930359086 28
1750857129195 0.9989135970123917 29
1750857129831 0.9980957562568009 30
1750857130471 0.9987759754727158 31
1750857131110 0.9991842626072757 32
1750857131747 0.9995920600747327 33
1750857132385 0.9993208815775944 34
1750857133023 0.9995920397626955 35
1750857133661 0.999727965179543 36
1750857134301 0.9995920397626955 37
1750857134941 0.9993199980138667 38
1750857135584 1.0 39
1750857136240 0.999864088275405 40
1750857136884 0.9994576173967322 41
1750857137526 1.0 42
1750857138169 1.0 43
1750857138815 0.999183895538629 44
1750857139461 0.9975528954934368 45
1750857140105 0.9993200507577837 46
1750857140748 0.999864088275405 47
1750857141396 1.0 48
1750857110893 0.8510819371473521 0
