1750857110854 0.6546515819491967 0
1750857111453 0.20204438541542588 1
1750857112078 0.11753808001261022 2
1750857112705 0.08561672791595427 3
1750857113334 0.0677974566947 4
1750857113961 0.05801950301873671 5
1750857114588 0.048919903191457115 6
1750857115214 0.04342731174944988 7
1750857115840 0.04128403650339332 8
1750857116468 0.037097408226843195 9
1750857117097 0.032939829120272615 10
1750857117729 0.03125168741665481 11
1750857118359 0.02660716619591864 12
1750857118989 0.025429240350385518 13
1750857119621 0.02226393242894598 14
1750857120251 0.022366831551880552 15
1750857120886 0.01874475316722169 16
1750857121519 0.021296801526906117 17
1750857122152 0.015994328891217983 18
1750857122786 0.013972696068649048 19
1750857123420 0.0161380601795522 20
1750857124052 0.013137210272222158 21
1750857124685 0.011817508434012362 22
1750857125320 0.010504737734020372 23
1750857125956 0.010690670225351757 24
1750857126591 0.00813860841190708 25
1750857127229 0.008388871935341139 26
1750857127863 0.007242243313820885 27
1750857128505 0.005132444455492046 28
1750857129143 0.005074918501168263 29
1750857129779 0.007513410556597546 30
1750857130417 0.00545421806281578 31
1750857131058 0.005073102096653563 32
1750857131696 0.0032734969316110707 33
1750857132333 0.003639679000518103 34
1750857132971 0.003039677927226955 35
1750857133609 0.003457624527904079 36
1750857134249 0.003448536596283133 37
1750857134889 0.004094112238655312 38
1750857135531 0.0021863364727699713 39
1750857136186 0.0020262568315513375 40
1750857136831 0.0027832274314313664 41
1750857137474 0.0016987619752246634 42
1750857138116 0.0010703571400262103 43
1750857138759 0.003371621092038596 44
1750857139409 0.008733219270217177 45
1750857140053 0.0032925683100174775 46
1750857140696 0.0018176915492306102 47
1750857141341 0.0010617487289706804 48
1750857110854 0.6546515819491967 0
