1750857110873 0.8446681175190425 0
1750857111477 0.9465451577801959 1
1750857112102 0.9681719260065288 2
1750857112730 0.9751088139281828 3
1750857113359 0.97810119695321 4
1750857113985 0.9817736670293797 5
1750857114613 0.984766050054407 6
1750857115239 0.9863982589771491 7
1750857115865 0.9859902067464635 8
1750857116492 0.9877584330794341 9
1750857117122 0.9895266594124048 10
1750857117754 0.9892546245919478 11
1750857118384 0.9919749727965179 12
1750857119015 0.9923830250272034 13
1750857119646 0.9923830250272034 14
1750857120276 0.9922470076169749 15
1750857120912 0.9945593035908596 16
1750857121545 0.9919749727965179 17
1750857122178 0.9960554951033732 18
1750857122813 0.9957834602829162 19
1750857123446 0.9951033732317737 20
1750857124078 0.9963275299238302 21
1750857124711 0.9968715995647442 22
1750857125346 0.9972796517954298 23
1750857125981 0.9968715995647442 24
1750857126617 0.9982317736670294 25
1750857127255 0.9979597388465724 26
1750857127889 0.9982317736670294 27
1750857128530 0.999455930359086 28
1750857129169 0.998911860718172 29
1750857129805 0.9980957562568009 30
1750857130443 0.9987758433079434 31
1750857131084 0.999183895538629 32
1750857131722 0.9995919477693145 33
1750857132359 0.9993199129488575 34
1750857132997 0.9995919477693145 35
1750857133635 0.999727965179543 36
1750857134275 0.9995919477693145 37
1750857134915 0.9993199129488575 38
1750857135558 1.0 39
1750857136213 0.9998639825897715 40
1750857136858 0.999455930359086 41
1750857137500 1.0 42
1750857138143 1.0 43
1750857138786 0.999183895538629 44
1750857139435 0.9975516866158868 45
1750857140079 0.9993199129488575 46
1750857140722 0.9998639825897715 47
1750857141369 1.0 48
1750857110873 0.8446681175190425 0
