1750857110913 0.8446681175190425 0
1750857111526 0.9465451577801959 1
1750857112152 0.9681719260065288 2
1750857112779 0.9751088139281828 3
1750857113408 0.97810119695321 4
1750857114034 0.9817736670293797 5
1750857114662 0.984766050054407 6
1750857115288 0.9863982589771491 7
1750857115915 0.9859902067464635 8
1750857116542 0.9877584330794341 9
1750857117171 0.9895266594124048 10
1750857117805 0.9892546245919478 11
1750857118434 0.9919749727965179 12
1750857119064 0.9923830250272034 13
1750857119695 0.9923830250272034 14
1750857120327 0.9922470076169749 15
1750857120963 0.9945593035908596 16
1750857121595 0.9919749727965179 17
1750857122228 0.9960554951033732 18
1750857122863 0.9957834602829162 19
1750857123496 0.9951033732317737 20
1750857124128 0.9963275299238302 21
1750857124762 0.9968715995647442 22
1750857125396 0.9972796517954298 23
1750857126032 0.9968715995647442 24
1750857126667 0.9982317736670294 25
1750857127305 0.9979597388465724 26
1750857127940 0.9982317736670294 27
1750857128582 0.999455930359086 28
1750857129220 0.998911860718172 29
1750857129856 0.9980957562568009 30
1750857130497 0.9987758433079434 31
1750857131136 0.999183895538629 32
1750857131772 0.9995919477693145 33
1750857132411 0.9993199129488575 34
1750857133048 0.9995919477693145 35
1750857133687 0.999727965179543 36
1750857134327 0.9995919477693145 37
1750857134967 0.9993199129488575 38
1750857135615 1.0 39
1750857136267 0.9998639825897715 40
1750857136910 0.999455930359086 41
1750857137553 1.0 42
1750857138195 1.0 43
1750857138843 0.999183895538629 44
1750857139487 0.9975516866158868 45
1750857140132 0.9993199129488575 46
1750857140774 0.9998639825897715 47
1750857141422 1.0 48
1750857110913 0.8446681175190425 0
