1750857110934 0.8403007711246513 0
1750857111550 0.9464011020668875 1
1750857112176 0.9681408933442375 2
1750857112803 0.9751011078578821 3
1750857113433 0.9780961199982263 4
1750857114059 0.9817712095970635 5
1750857114686 0.9847671103507503 6
1750857115313 0.9864003483942614 7
1750857115939 0.9859892849127248 8
1750857116567 0.9877587309697483 9
1750857117197 0.9895270372505712 10
1750857117830 0.9892559119691073 11
1750857118459 0.9919756164753015 12
1750857119089 0.9923828310327931 13
1750857119720 0.9923835551753751 14
1750857120353 0.9922477873733269 15
1750857120988 0.994559682268125 16
1750857121621 0.9919752623088793 17
1750857122254 0.99605581148786 18
1750857122888 0.9957835121840689 19
1750857123521 0.9951033732317737 20
1750857124153 0.9963278992821022 21
1750857124788 0.9968717124254953 22
1750857125422 0.9972797811059352 23
1750857126057 0.996871478719298 24
1750857126692 0.9982317514005762 25
1750857127331 0.9979597639600333 26
1750857127966 0.9982317053630814 27
1750857128608 0.999455930359086 28
1750857129246 0.9989119124423741 29
1750857129882 0.9980957562568009 30
1750857130524 0.9987758583760199 31
1750857131161 0.9991838747535136 32
1750857131798 0.9995919527920066 33
1750857132436 0.9993199374838034 34
1750857133074 0.9995919426309022 35
1750857133713 0.999727965179543 36
1750857134353 0.9995919426309022 37
1750857134993 0.999319904384837 38
1750857135644 1.0 39
1750857136293 0.9998639842640021 40
1750857136935 0.9994559562211871 41
1750857137579 1.0 42
1750857138221 1.0 43
1750857138870 0.999183895538629 44
1750857139514 0.9975517672061877 45
1750857140158 0.9993199196712211 46
1750857140801 0.9998639842640021 47
1750857141449 1.0 48
1750857110934 0.8403007711246513 0
