1751012418954 0.8580153735729931 0
1751012419565 0.9569220402023301 1
1751012420191 0.9699213254711574 2
1751012420814 0.9754960623208299 3
1751012421442 0.9794678765870486 4
1751012422072 0.9838140659917337 5
1751012422709 0.9840993529271249 6
1751012423350 0.9854538570562666 7
1751012423988 0.9868067346431365 8
1751012424624 0.9873502766140875 9
1751012425257 0.9895267972213311 10
1751012425892 0.9888425937839059 11
1751012426529 0.9918389399891147 12
1751012427163 0.990493127585534 13
1751012427798 0.9880300307474512 14
1751012428430 0.9917044319715 15
1751012429064 0.9936104459757975 16
1751012429698 0.9934720931654522 17
1751012430334 0.9918405088118012 18
1751012430973 0.9926647717956495 19
1751012431605 0.9955126591652819 20
1751012432238 0.9936104459757975 21
1751012432875 0.9926550598476604 22
1751012433505 0.9937476558402984 23
1751012434139 0.9936072620421771 24
1751012434770 0.9948283538563281 25
1751012435403 0.9923830379608304 26
1751012436039 0.9955133631245402 27
1751012436673 0.9955132221182276 28
1751012437312 0.9963277216666656 29
1751012437952 0.9960584892304648 30
1751012438588 0.9937476663976805 31
1751012439227 0.9942892896587753 32
1751012439864 0.9968716222744074 33
1751012440502 0.9965996082494591 34
1751012441146 0.9963330831075504 35
1751012441784 0.9959194776931447 36
1751012442424 0.996056212266981 37
1751012443067 0.9967368657995955 38
1751012443707 0.9960541098049018 39
1751012444347 0.9938809278268123 40
1751012444987 0.996330494036539 41
1751012445627 0.9907626426725149 42
1751012446271 0.9941559753045894 43
1751012446913 0.9971447355509812 44
1751012447554 0.9963276565694636 45
1751012448199 0.9967375154750301 46
1751012448840 0.9985038727673803 47
1751012449489 0.997960497582298 48
1751012450134 0.9945593035908596 49
1751012450780 0.9949709667826848 50
1751012451016 0.9949709667826848 0
1751012418954 0.8580153735729931 0
1751012451016 0.9949709667826848 0
