1751012418933 0.852829162132753 0
1751012419539 0.9570184983677911 1
1751012420165 0.9699401523394995 2
1751012420788 0.9755168661588683 3
1751012421416 0.9794613710554951 4
1751012422045 0.9838139281828074 5
1751012422682 0.9840859630032645 6
1751012423323 0.9854461371055495 7
1751012423961 0.9868063112078346 8
1751012424596 0.9873503808487486 9
1751012425231 0.9895266594124048 10
1751012425865 0.9888465723612623 11
1751012426501 0.9918389553862894 12
1751012427136 0.9904787812840044 13
1751012427771 0.9880304678998912 14
1751012428403 0.9917029379760609 15
1751012429037 0.9936071817192601 16
1751012429671 0.9934711643090316 17
1751012430307 0.9918389553862894 18
1751012430946 0.9926550598476604 19
1751012431579 0.9955114254624592 20
1751012432211 0.9936071817192601 21
1751012432848 0.9926550598476604 22
1751012433479 0.9937431991294886 23
1751012434112 0.9936071817192601 24
1751012434743 0.9948313384113167 25
1751012435377 0.9923830250272034 26
1751012436012 0.9955114254624592 27
1751012436645 0.9955114254624592 28
1751012437285 0.9963275299238302 29
1751012437924 0.9960554951033732 30
1751012438561 0.9937431991294886 31
1751012439200 0.9942872687704026 32
1751012439837 0.9968715995647442 33
1751012440475 0.9965995647442872 34
1751012441118 0.9963275299238302 35
1751012441757 0.9959194776931447 36
1751012442396 0.9960554951033732 37
1751012443038 0.9967355821545157 38
1751012443679 0.9960554951033732 39
1751012444320 0.9938792165397171 40
1751012444960 0.9963275299238302 41
1751012445600 0.9907508161044614 42
1751012446243 0.9941512513601741 43
1751012446886 0.9971436343852013 44
1751012447526 0.9963275299238302 45
1751012448171 0.9967355821545157 46
1751012448813 0.9985038084874864 47
1751012449462 0.9979597388465724 48
1751012450106 0.9945593035908596 49
1751012450752 0.9949673558215452 50
1751012451016 0.9949673558215452 0
1751012418933 0.852829162132753 0
1751012451016 0.9949673558215452 0
