1751012418912 0.6159515112346612 0
1751012419512 0.17238350403905564 1
1751012420138 0.10506353591354939 2
1751012420762 0.07888436283393316 3
1751012421389 0.06464104141363057 4
1751012422019 0.0537045481204338 5
1751012422655 0.051041195937255 6
1751012423296 0.045566815185696045 7
1751012423935 0.04175649200068529 8
1751012424570 0.03841997578667154 9
1751012425204 0.033414605976577944 10
1751012425838 0.03333169742314078 11
1751012426474 0.028985383656885275 12
1751012427110 0.02988115811904931 13
1751012427744 0.036125662694031516 14
1751012428377 0.033423569437493375 15
1751012429010 0.023827191393100886 16
1751012429644 0.021837992002322087 17
1751012430280 0.025912506644683968 18
1751012430919 0.024791332557888637 19
1751012431552 0.017192348584753662 20
1751012432184 0.020168655200570547 21
1751012432821 0.021822194052481127 22
1751012433452 0.018618437263433606 23
1751012434085 0.021697556937439723 24
1751012434716 0.019874198784062616 25
1751012435350 0.0207735486698496 26
1751012435985 0.015292718999951235 27
1751012436618 0.013718646775446711 28
1751012437257 0.014069644143066133 29
1751012437897 0.013091524619172339 30
1751012438534 0.023268029130478436 31
1751012439173 0.020813048493433278 32
1751012439810 0.012620652226733208 33
1751012440448 0.013771098723378686 34
1751012441091 0.01188775783853648 35
1751012441729 0.014572246852700758 36
1751012442368 0.014494381962046108 37
1751012443011 0.012341450171198563 38
1751012443652 0.013903454309927302 39
1751012444292 0.017019168918159862 40
1751012444932 0.012428233416961816 41
1751012445572 0.027004452290011405 42
1751012446215 0.01721005960062584 43
1751012446857 0.013216590025422687 44
1751012447498 0.011540347006692833 45
1751012448142 0.011956241425816923 46
1751012448785 0.008158183601908831 47
1751012449434 0.0092905294960841 48
1751012450078 0.01803173782112395 49
1751012450723 0.016924329170951127 50
1751012451016 0.016924329170951127 0
1751012418912 0.6159515112346612 0
1751012451016 0.016924329170951127 0
