1751012418976 0.852829162132753 0
1751012419592 0.9570184983677911 1
1751012420217 0.9699401523394995 2
1751012420840 0.9755168661588683 3
1751012421469 0.9794613710554951 4
1751012422098 0.9838139281828074 5
1751012422735 0.9840859630032645 6
1751012423376 0.9854461371055495 7
1751012424015 0.9868063112078346 8
1751012424650 0.9873503808487486 9
1751012425283 0.9895266594124048 10
1751012425918 0.9888465723612623 11
1751012426556 0.9918389553862894 12
1751012427190 0.9904787812840044 13
1751012427824 0.9880304678998912 14
1751012428456 0.9917029379760609 15
1751012429091 0.9936071817192601 16
1751012429725 0.9934711643090316 17
1751012430361 0.9918389553862894 18
1751012431000 0.9926550598476604 19
1751012431632 0.9955114254624592 20
1751012432265 0.9936071817192601 21
1751012432901 0.9926550598476604 22
1751012433532 0.9937431991294886 23
1751012434166 0.9936071817192601 24
1751012434797 0.9948313384113167 25
1751012435430 0.9923830250272034 26
1751012436065 0.9955114254624592 27
1751012436699 0.9955114254624592 28
1751012437339 0.9963275299238302 29
1751012437979 0.9960554951033732 30
1751012438615 0.9937431991294886 31
1751012439255 0.9942872687704026 32
1751012439892 0.9968715995647442 33
1751012440530 0.9965995647442872 34
1751012441173 0.9963275299238302 35
1751012441812 0.9959194776931447 36
1751012442451 0.9960554951033732 37
1751012443095 0.9967355821545157 38
1751012443734 0.9960554951033732 39
1751012444374 0.9938792165397171 40
1751012445015 0.9963275299238302 41
1751012445655 0.9907508161044614 42
1751012446298 0.9941512513601741 43
1751012446940 0.9971436343852013 44
1751012447582 0.9963275299238302 45
1751012448226 0.9967355821545157 46
1751012448869 0.9985038084874864 47
1751012449517 0.9979597388465724 48
1751012450162 0.9945593035908596 49
1751012450808 0.9949673558215452 50
1751012451016 0.9949673558215452 0
1751012418976 0.852829162132753 0
1751012451016 0.9949673558215452 0
