1751012418999 0.8515048843524947 0
1751012419618 0.956938084601534 1
1751012420244 0.9699293083061247 2
1751012420866 0.9755039561248727 3
1751012421495 0.9794600534502512 4
1751012422125 0.9838139309468108 5
1751012422762 0.9840902790370538 6
1751012423403 0.9854493539778444 7
1751012424042 0.9868064736082153 8
1751012424678 0.9873500688660096 9
1751012425311 0.9895266621764082 10
1751012425945 0.988843924879305 11
1751012426583 0.9918387475351355 12
1751012427217 0.9904798488103863 13
1751012427850 0.9880301833769837 14
1751012428483 0.9917033061541415 15
1751012429117 0.9936075570379831 16
1751012429752 0.9934708243394124 17
1751012430388 0.99183908796159 18
1751012431026 0.9926557876482719 19
1751012431658 0.995511587393102 20
1751012432294 0.9936075570379831 21
1751012432928 0.9926550598476604 22
1751012433558 0.9937436156744806 23
1751012434192 0.9936071598364192 24
1751012434823 0.9948296518293148 25
1751012435457 0.9923828310327931 26
1751012436091 0.995511130117669 27
1751012436726 0.9955122735312278 28
1751012437366 0.9963275751280599 29
1751012438006 0.9960557266830109 30
1751012438642 0.9937428927281402 31
1751012439282 0.9942876280048046 32
1751012439919 0.9968715601702502 33
1751012440557 0.9965994799448965 34
1751012441200 0.9963278244886973 35
1751012441839 0.9959194776931447 36
1751012442479 0.9960555917091853 37
1751012443123 0.9967354121697062 38
1751012443761 0.9960547521478554 39
1751012444402 0.9938788137968214 40
1751012445042 0.9963277455324584 41
1751012445682 0.9907514161978276 42
1751012446326 0.9941505444875268 43
1751012446968 0.9971437276179956 44
1751012447610 0.9963275374234105 45
1751012448254 0.9967357373271223 46
1751012448896 0.9985037896466413 47
1751012449545 0.9979596600343248 48
1751012450190 0.9945593035908596 49
1751012450836 0.9949678992207115 50
1751012451016 0.9949678992207115 0
1751012418999 0.8515048843524947 0
1751012451016 0.9949678992207115 0
