1750856013979 1.4399857511976988 0
1750856014432 1.0380157529983478 1
1750856014894 0.791931535979739 2
1750856015355 0.6368498932874241 3
1750856015818 0.5238248914382923 4
1750856016281 0.436363234094489 5
1750856016744 0.3691104479920488 6
1750856017211 0.31896350228747555 7
1750856017674 0.2777667679419585 8
1750856018138 0.2458502109992491 9
1750856018602 0.21617876288356408 10
1750856019062 0.19925809454606588 11
1750856019524 0.18037425448572805 12
1750856019988 0.1640260935851228 13
1750856020450 0.15308716705918182 14
1750856020917 0.14110987229724703 15
1750856021383 0.1280155565926118 16
1750856021847 0.11963363486353279 17
1750856022311 0.11422230518130146 18
1750856022776 0.10692006576567142 19
1750856023242 0.0997663921716099 20
1750856023713 0.09639789682931557 21
1750856024177 0.09329679281622075 22
1750856024642 0.08418469242873207 23
1750856025107 0.08096961804763926 24
1750856025571 0.07896226381435098 25
1750856026035 0.07520897110865347 26
1750856026501 0.07289278032146677 27
1750856026966 0.06954021731815153 28
1750856027432 0.06615953377657798 29
1750856027899 0.06263588301602334 30
1750856028364 0.06162046780556408 31
1750856028830 0.06110027299887857 32
1750856029298 0.05562143068521469 33
1750856029765 0.05312047023184281 34
1750856030232 0.05203140703140392 35
1750856030699 0.051329296710571605 36
1750856031166 0.0518275469554724 37
1750856031632 0.049568111502582675 38
1750856032104 0.048843571423705955 39
1750856032576 0.04578910007570203 40
1750856033044 0.045051464427898966 41
1750856033512 0.04440491012742457 42
1750856033981 0.04135980212835998 43
1750856034448 0.0388557006593822 44
1750856034916 0.0422617678993642 45
1750856035382 0.04047901362334748 46
1750856035851 0.03976745600482779 47
1750856036318 0.038373584922411205 48
1750856036789 0.03870253157685384 49
1750856037258 0.03636069591354753 50
1750856037727 0.03463964895279399 51
1750856038195 0.03492891789496075 52
1750856038666 0.031190409949322973 53
1750856039133 0.03149837282738599 54
1750856039604 0.03172398003459714 55
1750856040074 0.03051961271519954 56
1750856040545 0.03400073172266152 57
1750856013979 1.4399857511976988 0
