1751011490367 0.8637105549510338 0
1751011490989 0.9570184983677911 1
1751011491624 0.9727965179542981 2
1751011492262 0.9772850924918389 3
1751011492900 0.9823177366702938 4
1751011493544 0.9802774755168662 5
1751011494210 0.98449401523395 6
1751011494863 0.985310119695321 7
1751011495512 0.985310119695321 8
1751011496164 0.9884385201305768 9
1751011496813 0.9873503808487486 10
1751011497461 0.9865342763873776 11
1751011498104 0.9873503808487486 12
1751011498747 0.9877584330794341 13
1751011499395 0.9900707290533188 14
1751011500041 0.9906147986942329 15
1751011500687 0.9903427638737758 16
1751011501334 0.9914309031556039 17
1751011501980 0.9880304678998912 18
1751011502628 0.9911588683351469 19
1751011503276 0.9903427638737758 20
1751011503925 0.9926550598476604 21
1751011504571 0.9941512513601741 22
1751011505219 0.9895266594124048 23
1751011505866 0.9941512513601741 24
1751011506512 0.9938792165397171 25
1751011507164 0.9929270946681176 26
1751011507811 0.9934711643090316 27
1751011508464 0.9904787812840044 28
1751011509117 0.9926550598476604 29
1751011509767 0.9927910772578891 30
1751011510418 0.9944232861806311 31
1751011511072 0.9937431991294886 32
1751011511724 0.9949673558215452 33
1751011512375 0.9923830250272034 34
1751011513022 0.9949673558215452 35
1751011513662 0.9957834602829162 36
1751011514299 0.9952393906420022 37
1751011514936 0.9951033732317737 38
1751011515574 0.9941512513601741 39
1751011516212 0.9942872687704026 40
1751011516852 0.9955114254624592 41
1751011517494 0.9946953210010882 42
1751011518133 0.9964635473340587 43
1751011518772 0.9953754080522307 44
1751011519416 0.9946953210010882 45
1751011520055 0.9941512513601741 46
1751011520697 0.9948313384113167 47
1751011521339 0.9921109902067464 48
1751011521986 0.9956474428726877 49
1751011522629 0.9949673558215452 50
1751011523273 0.9971436343852013 51
1751011523916 0.9964635473340587 52
1751011524562 0.9948313384113167 53
1751011525205 0.9948313384113167 54
1751011525849 0.9963275299238302 55
1751011526492 0.9967355821545157 56
1751011526758 0.9967355821545157 0
1751011490367 0.8637105549510338 0
1751011526758 0.9967355821545157 0
