1751011490347 0.5944463904780843 0
1751011490963 0.16873762782529336 1
1751011491598 0.10004411419697504 2
1751011492235 0.07662939774814964 3
1751011492874 0.063504068077551 4
1751011493518 0.0594608344976771 5
1751011494183 0.05189901100921569 6
1751011494837 0.04591073638174817 7
1751011495486 0.043861638264116445 8
1751011496137 0.03823946148635449 9
1751011496785 0.04011249312597922 10
1751011497433 0.0436115672698364 11
1751011498078 0.03797566639188519 12
1751011498721 0.034525235425234974 13
1751011499368 0.028055321387703388 14
1751011500014 0.02821029006210647 15
1751011500660 0.029749957266972035 16
1751011501308 0.026866432179020915 17
1751011501953 0.037525511733879524 18
1751011502601 0.02603318837549339 19
1751011503249 0.02862495224937083 20
1751011503898 0.022841185833995307 21
1751011504543 0.02137299391904175 22
1751011505193 0.030228986216342162 23
1751011505839 0.021272480159985778 24
1751011506485 0.020418055690480427 25
1751011507137 0.02216997573768337 26
1751011507785 0.023615516931977897 27
1751011508437 0.029281509754382748 28
1751011509090 0.026108487909994166 29
1751011509740 0.02572698116817302 30
1751011510391 0.019617887161635632 31
1751011511044 0.020779164748162972 32
1751011511697 0.016741648750122275 33
1751011512347 0.024888992175800366 34
1751011512994 0.018911874622524076 35
1751011513635 0.015379720801736864 36
1751011514272 0.018409175915852335 37
1751011514908 0.021124684224989553 38
1751011515545 0.02293315195905144 39
1751011516184 0.018806730385898116 40
1751011516824 0.01581267911030772 41
1751011517467 0.017913871169114592 42
1751011518105 0.013175717943628705 43
1751011518744 0.01690946744047551 44
1751011519388 0.018120590627286683 45
1751011520027 0.02065871234768363 46
1751011520668 0.019474823245732062 47
1751011521311 0.02514750379319095 48
1751011521958 0.018349237461859142 49
1751011522601 0.017597198345971024 50
1751011523245 0.01243242968286269 51
1751011523889 0.012538969940739006 52
1751011524534 0.01717834861521428 53
1751011525177 0.01568866874242325 54
1751011525821 0.01413979080745847 55
1751011526464 0.013393060999422843 56
1751011526758 0.013393060999422843 0
1751011490347 0.5944463904780843 0
1751011526758 0.013393060999422843 0
