1751011490388 0.8684189702277206 0
1751011491015 0.9570065920187345 1
1751011491650 0.9727800506095582 2
1751011492287 0.9772463671841556 3
1751011492926 0.9823145344656655 4
1751011493570 0.9802841057559778 5
1751011494236 0.9844934790649902 6
1751011494890 0.9853593196865859 7
1751011495539 0.9853213834945532 8
1751011496190 0.9884438053312419 9
1751011496839 0.9873510219239646 10
1751011497488 0.986538059338881 11
1751011498130 0.987351075296503 12
1751011498774 0.9877758272949246 13
1751011499421 0.9900708668622451 14
1751011500068 0.9906146620513446 15
1751011500714 0.990339185765045 16
1751011501361 0.9914323640647859 17
1751011502006 0.9880369186395637 18
1751011502654 0.9911628788180411 19
1751011503303 0.9903426203025157 20
1751011503952 0.9926550869466881 21
1751011504597 0.9941514960612875 22
1751011505246 0.9895266560445 23
1751011505892 0.9941511135084682 24
1751011506539 0.9938824507818717 25
1751011507191 0.9929275695675208 26
1751011507839 0.9934776060808582 27
1751011508492 0.9904767671081672 28
1751011509144 0.992659163820221 29
1751011509794 0.9928003605370309 30
1751011510445 0.9944325694597731 31
1751011511099 0.9937439060269179 32
1751011511751 0.9949686273920944 33
1751011512402 0.9923839948559936 34
1751011513050 0.9949678567994645 35
1751011513689 0.9957834552790921 36
1751011514326 0.9952438097006828 37
1751011514963 0.9951057436117801 38
1751011515601 0.9941539283378339 39
1751011516239 0.9942876848104892 40
1751011516879 0.9955116304448641 41
1751011517522 0.9946958192029026 42
1751011518161 0.9964635473340587 43
1751011518801 0.995377464514179 44
1751011519443 0.9946919128022937 45
1751011520082 0.9941520702044285 46
1751011520725 0.9948326428641202 47
1751011521367 0.9921226560081768 48
1751011522014 0.9956477444221167 49
1751011522657 0.9949681089173568 50
1751011523301 0.9971465084547614 51
1751011523944 0.9964655052828598 52
1751011524590 0.9948356898454933 53
1751011525233 0.9948313384113167 54
1751011525877 0.9963330831075504 55
1751011526520 0.9967355821545157 56
1751011526758 0.9967355821545157 0
1751011490388 0.8684189702277206 0
1751011526758 0.9967355821545157 0
