1751011490435 0.8616619554249432 0
1751011491066 0.9569500378505161 1
1751011491703 0.9727841480444671 2
1751011492340 0.977263443344833 3
1751011492979 0.9823154470301262 4
1751011493627 0.9802761562830342 5
1751011494289 0.9844932390835558 6
1751011494942 0.9853130116220798 7
1751011495593 0.985307370413031 8
1751011496244 0.9884393192816595 9
1751011496892 0.9873504545158651 10
1751011497540 0.9865346869913776 11
1751011498183 0.9873497476575871 12
1751011498827 0.9877600122289337 13
1751011499474 0.9900707318173222 14
1751011500120 0.9906146805107505 15
1751011500767 0.9903409174409994 16
1751011501414 0.9914311828539869 17
1751011502060 0.9880287997748829 18
1751011502707 0.9911593870329589 19
1751011503356 0.9903426422646853 20
1751011504005 0.9926548727816219 21
1751011504651 0.9941513233520954 22
1751011505299 0.9895264196267174 23
1751011505945 0.9941505262760996 24
1751011506593 0.9938795758874307 25
1751011507244 0.9929265286679726 26
1751011507892 0.9934713565237027 27
1751011508546 0.9904774814123347 28
1751011509198 0.992654580271435 29
1751011509848 0.992791638135265 30
1751011510499 0.9944238470580071 31
1751011511154 0.9937433513845381 32
1751011511805 0.9949675373801447 33
1751011512457 0.9923833094470255 34
1751011513105 0.9949669484412462 35
1751011513743 0.9957834071859893 36
1751011514381 0.9952397192400415 37
1751011515017 0.9951035718824413 38
1751011515655 0.9941513107527293 39
1751011516295 0.9942872163638438 40
1751011516934 0.9955114773636119 41
1751011517576 0.9946951160892444 42
1751011518214 0.9964635473340587 43
1751011518857 0.9953756278800897 44
1751011519497 0.9946934699415472 45
1751011520137 0.9941513931396574 46
1751011520780 0.9948313880780729 47
1751011521422 0.9921102193326485 48
1751011522070 0.995647480849082 49
1751011522713 0.9949674681977071 50
1751011523357 0.9971438020808009 51
1751011523999 0.9964637154377158 52
1751011524646 0.9948316981547188 53
1751011525289 0.9948313384113167 54
1751011525933 0.9963278244886973 55
1751011526576 0.9967355821545157 56
1751011526758 0.9967355821545157 0
1751011490435 0.8616619554249432 0
1751011526758 0.9967355821545157 0
