1751013139528 0.8628628221843309 0
1751013140141 0.9565215719051765 1
1751013140767 0.9718329498377638 2
1751013141390 0.9778186345339153 3
1751013142023 0.9795970068062149 4
1751013142671 0.9817757602209127 5
1751013143301 0.9832712004485099 6
1751013143938 0.9862633434577195 7
1751013144575 0.9862606280163689 8
1751013145205 0.9846283076963004 9
1751013145836 0.9881663362961638 10
1751013146466 0.9877602268617398 11
1751013147094 0.9884388724551532 12
1751013147723 0.9884395487685115 13
1751013148354 0.9899352878049731 14
1751013148983 0.9896638491436981 15
1751013149615 0.9917019881820691 16
1751013150248 0.9900714674002838 17
1751013150882 0.9919748717410766 18
1751013151514 0.9903427570938121 19
1751013152147 0.9922478519485208 20
1751013152785 0.9910261150122323 21
1751013153434 0.9941552783476003 22
1751013154068 0.9927925714247143 23
1751013154719 0.9915667194728205 24
1751013155355 0.9942875403224638 25
1751013155992 0.9919746628016775 26
1751013156630 0.994013579877728 27
1751013157287 0.9942874077858825 28
1751013157939 0.9940156504949376 29
1751013158591 0.9945594881834737 30
1751013159243 0.9949673996280513 31
1751013159897 0.995511357959209 32
1751013160553 0.9952394044620191 33
1751013161212 0.9929275869485625 34
1751013161865 0.9929262878586284 35
1751013162520 0.9952397724853483 36
1751013163179 0.9960555436560643 37
1751013163835 0.9957836238117934 38
1751013164492 0.9934713999064088 39
1751013165145 0.9933325525330774 40
1751013165789 0.995512930709706 41
1751013166434 0.9963277455324584 42
1751013167075 0.9965996874190166 43
1751013167717 0.9955114807120732 44
1751013168365 0.9967355821545157 45
1751013169010 0.995239330693859 46
1751013169191 0.995239330693859 0
1751013139528 0.8628628221843309 0
1751013169191 0.995239330693859 0
