1751013139442 0.6157764287197292 0
1751013140037 0.1747301844667169 1
1751013140661 0.10636596935390777 2
1751013141285 0.07810955427351922 3
1751013141909 0.0679766088805209 4
1751013142566 0.05888027683208505 5
1751013143196 0.05385415031350703 6
1751013143833 0.04505502038368787 7
1751013144469 0.044705811113735276 8
1751013145099 0.04621698789580262 9
1751013145729 0.039754252520038204 10
1751013146360 0.03823538849148514 11
1751013146988 0.037272041083857725 12
1751013147617 0.03687144774574709 13
1751013148247 0.03222120203629088 14
1751013148877 0.03445693357189929 15
1751013149509 0.028120422378077017 16
1751013150140 0.03091239278185484 17
1751013150775 0.02778019433156045 18
1751013151408 0.028523896526448 19
1751013152040 0.024810321848957078 20
1751013152676 0.02637283831745613 21
1751013153325 0.02239077519807839 22
1751013153961 0.02769294970844172 23
1751013154611 0.03070929853632738 24
1751013155246 0.02020456316608275 25
1751013155883 0.0231776506917691 26
1751013156520 0.020740781168142278 27
1751013157178 0.020266621543086408 28
1751013157830 0.021565786142802114 29
1751013158482 0.020793107356997746 30
1751013159134 0.022320212895644502 31
1751013159789 0.02136772815685342 32
1751013160443 0.019196256701312593 33
1751013161102 0.02223306021301463 34
1751013161756 0.021044724324456657 35
1751013162409 0.018042323949353584 36
1751013163067 0.014690753723615304 37
1751013163724 0.016377317814421925 38
1751013164381 0.025650984848828193 39
1751013165036 0.02387669625346497 40
1751013165677 0.01858514936192932 41
1751013166322 0.015031994180855168 42
1751013166963 0.015433007821347463 43
1751013167607 0.014998536228614742 44
1751013168251 0.014374977071952963 45
1751013168898 0.016998880741949537 46
1751013169191 0.016998880741949537 0
1751013139442 0.6157764287197292 0
1751013169191 0.016998880741949537 0
