1751013139485 0.8648131672319511 0
1751013140089 0.9565606504108995 1
1751013140713 0.9718272337369251 2
1751013141338 0.977817234625528 3
1751013141965 0.9795972497613198 4
1751013142619 0.9817880606847376 5
1751013143249 0.9832773250934063 6
1751013143886 0.9862692696383144 7
1751013144522 0.9862613306713383 8
1751013145152 0.9846296218706749 9
1751013145783 0.9881662863118852 10
1751013146413 0.9877813960186903 11
1751013147041 0.988440242860866 12
1751013147670 0.9884470487388511 13
1751013148300 0.9899384769402403 14
1751013148930 0.9896700210038372 15
1751013149562 0.9917032445601919 16
1751013150194 0.9900759175807256 17
1751013150828 0.9919748707954886 18
1751013151461 0.9903428747274109 19
1751013152094 0.9922588328383359 20
1751013152731 0.9910476635509995 21
1751013153380 0.9941656873744813 22
1751013154015 0.9927975563921612 23
1751013154665 0.9915693709291584 24
1751013155300 0.9942894237454982 25
1751013155938 0.9919752538867396 26
1751013156575 0.9940150827228103 27
1751013157232 0.9942879498057308 28
1751013157885 0.9940196906607555 29
1751013158536 0.9945607049489071 30
1751013159189 0.9949680735350287 31
1751013159843 0.9955117859590117 32
1751013160498 0.9952395503049559 33
1751013161157 0.9929316917477717 34
1751013161811 0.9929275746750352 35
1751013162464 0.9952451032730385 36
1751013163123 0.9960556934659933 37
1751013163780 0.9957843040921575 38
1751013164437 0.9934761962369452 39
1751013165091 0.9933339365576236 40
1751013165734 0.9955258164721951 41
1751013166377 0.996330494036539 42
1751013167020 0.9966007227116568 43
1751013167662 0.9955116370646488 44
1751013168306 0.9967355821545157 45
1751013168953 0.9952393717814346 46
1751013169191 0.9952393717814346 0
1751013139485 0.8648131672319511 0
1751013169191 0.9952393717814346 0
