1751013139463 0.8646626768226333 0
1751013140063 0.9566104461371056 1
1751013140687 0.9718443960826986 2
1751013141311 0.977829162132753 3
1751013141937 0.9795973884657236 4
1751013142593 0.9817736670293797 5
1751013143222 0.9832698585418934 6
1751013143860 0.9862622415669206 7
1751013144495 0.9862622415669206 8
1751013145126 0.9846300326441785 9
1751013145756 0.9881664853101197 10
1751013146386 0.9877584330794341 11
1751013147014 0.9884385201305768 12
1751013147644 0.9884385201305768 13
1751013148273 0.9899347116430903 14
1751013148903 0.9896626768226333 15
1751013149535 0.9917029379760609 16
1751013150167 0.9900707290533188 17
1751013150802 0.9919749727965179 18
1751013151434 0.9903427638737758 19
1751013152067 0.9922470076169749 20
1751013152703 0.9910228509249184 21
1751013153353 0.9941512513601741 22
1751013153988 0.9927910772578891 23
1751013154638 0.9915669205658324 24
1751013155273 0.9942872687704026 25
1751013155911 0.9919749727965179 26
1751013156548 0.9940152339499456 27
1751013157205 0.9942872687704026 28
1751013157857 0.9940152339499456 29
1751013158509 0.9945593035908596 30
1751013159162 0.9949673558215452 31
1751013159816 0.9955114254624592 32
1751013160470 0.9952393906420022 33
1751013161130 0.9929270946681176 34
1751013161783 0.9929270946681176 35
1751013162437 0.9952393906420022 36
1751013163095 0.9960554951033732 37
1751013163752 0.9957834602829162 38
1751013164409 0.9934711643090316 39
1751013165064 0.9933351468988031 40
1751013165706 0.9955114254624592 41
1751013166350 0.9963275299238302 42
1751013166992 0.9965995647442872 43
1751013167635 0.9955114254624592 44
1751013168278 0.9967355821545157 45
1751013168926 0.9952393906420022 46
1751013169191 0.9952393906420022 0
1751013139463 0.8646626768226333 0
1751013169191 0.9952393906420022 0
