1751013139506 0.8646626768226333 0
1751013140115 0.9566104461371056 1
1751013140740 0.9718443960826986 2
1751013141363 0.977829162132753 3
1751013141994 0.9795973884657236 4
1751013142645 0.9817736670293797 5
1751013143275 0.9832698585418934 6
1751013143912 0.9862622415669206 7
1751013144548 0.9862622415669206 8
1751013145179 0.9846300326441785 9
1751013145810 0.9881664853101197 10
1751013146440 0.9877584330794341 11
1751013147067 0.9884385201305768 12
1751013147696 0.9884385201305768 13
1751013148328 0.9899347116430903 14
1751013148956 0.9896626768226333 15
1751013149589 0.9917029379760609 16
1751013150221 0.9900707290533188 17
1751013150855 0.9919749727965179 18
1751013151488 0.9903427638737758 19
1751013152120 0.9922470076169749 20
1751013152758 0.9910228509249184 21
1751013153407 0.9941512513601741 22
1751013154042 0.9927910772578891 23
1751013154692 0.9915669205658324 24
1751013155328 0.9942872687704026 25
1751013155965 0.9919749727965179 26
1751013156602 0.9940152339499456 27
1751013157260 0.9942872687704026 28
1751013157912 0.9940152339499456 29
1751013158564 0.9945593035908596 30
1751013159216 0.9949673558215452 31
1751013159870 0.9955114254624592 32
1751013160526 0.9952393906420022 33
1751013161184 0.9929270946681176 34
1751013161838 0.9929270946681176 35
1751013162492 0.9952393906420022 36
1751013163151 0.9960554951033732 37
1751013163807 0.9957834602829162 38
1751013164465 0.9934711643090316 39
1751013165118 0.9933351468988031 40
1751013165761 0.9955114254624592 41
1751013166405 0.9963275299238302 42
1751013167047 0.9965995647442872 43
1751013167690 0.9955114254624592 44
1751013168336 0.9967355821545157 45
1751013168982 0.9952393906420022 46
1751013169191 0.9952393906420022 0
1751013139506 0.8646626768226333 0
1751013169191 0.9952393906420022 0
