1750930637415 0.6713819368879217 0
1750930638032 0.8819368879216539 1
1750930638665 0.9261425462459195 2
1750930639299 0.9479053318824809 3
1750930639934 0.9579706202393906 4
1750930640570 0.9658596300326442 5
1750930641214 0.9672198041349293 6
1750930641852 0.9710282916213275 7
1750930642491 0.9738846572361263 8
1750930643135 0.9779651795429815 9
1750930643771 0.9775571273122959 10
1750930644397 0.9798694232861807 11
1750930645033 0.9785092491838956 12
1750930645675 0.9810935799782372 13
1750930646314 0.9798694232861807 14
1750930646959 0.9832698585418934 15
1750930647597 0.9829978237214363 16
1750930648240 0.9828618063112078 17
1750930648882 0.9834058759521219 18
1750930649522 0.983949945593036 19
1750930650165 0.98449401523395 20
1750930650806 0.9849020674646355 21
1750930651450 0.984766050054407 22
1750930652086 0.9851741022850925 23
1750930652720 0.9874863982589771 24
1750930653348 0.9878944504896626 25
1750930653982 0.9874863982589771 26
1750930654611 0.9868063112078346 27
1750930655242 0.9876224156692056 28
1750930655871 0.9876224156692056 29
1750930656502 0.9884385201305768 30
1750930657133 0.9891186071817193 31
1750930657763 0.9878944504896626 32
1750930658396 0.9888465723612623 33
1750930659027 0.9866702937976061 34
1750930659658 0.9870783460282916 35
1750930660293 0.9885745375408053 36
1750930660926 0.9874863982589771 37
1750930661561 0.9889825897714908 38
1750930662200 0.9876224156692056 39
1750930662835 0.9897986942328618 40
1750930663468 0.9862622415669206 41
1750930664104 0.9895266594124048 42
1750930664736 0.9902067464635473 43
1750930665372 0.9884385201305768 44
1750930666008 0.9899347116430903 45
1750930666644 0.9910228509249184 46
1750930667284 0.9904787812840044 47
1750930667921 0.9893906420021763 48
1750930668560 0.9896626768226333 49
1750930669198 0.9903427638737758 50
1750930669836 0.9884385201305768 51
1750930670477 0.9888465723612623 52
1750930671115 0.9892546245919478 53
1750930671756 0.9880304678998912 54
1750930672401 0.9887105549510338 55
1750930673037 0.9899347116430903 56
1750930673674 0.9895266594124048 57
1750930674315 0.9919749727965179 58
1750930674953 0.9921109902067464 59
1750930675596 0.9889825897714908 60
1750930676235 0.9902067464635473 61
1750930676876 0.9910228509249184 62
1750930677518 0.9903427638737758 63
1750930677730 0.9903427638737758 0
1750930637415 0.6713819368879217 0
1750930677730 0.9903427638737758 0
