1750930637437 0.6774201110243483 0
1750930638058 0.8798464392650636 1
1750930638690 0.9253861445453265 2
1750930639325 0.9477324218232258 3
1750930639960 0.9578850517317914 4
1750930640596 0.9658092503253141 5
1750930641239 0.9671774538018821 6
1750930641878 0.9710287305443441 7
1750930642517 0.9738708465250844 8
1750930643161 0.9779517424122421 9
1750930643797 0.9775562144368293 10
1750930644424 0.9798617154244484 11
1750930645059 0.9784888483452042 12
1750930645701 0.9810965357504261 13
1750930646340 0.979854170353284 14
1750930646985 0.9832725773564712 15
1750930647623 0.9829906067465757 16
1750930648266 0.9828556182949159 17
1750930648908 0.9834025685545018 18
1750930649549 0.9839518720659122 19
1750930650191 0.9844917150741707 20
1750930650832 0.9849015730709483 21
1750930651477 0.9847679561743887 22
1750930652113 0.9851745730443129 23
1750930652747 0.987488279075737 24
1750930653375 0.9878930940374351 25
1750930654009 0.987485265994225 26
1750930654638 0.9868103836494808 27
1750930655269 0.9876186091833394 28
1750930655897 0.9876194578916337 29
1750930656528 0.9884398261283875 30
1750930657160 0.9891205779101074 31
1750930657790 0.9878911729978967 32
1750930658423 0.9888479882692987 33
1750930659054 0.986670716468236 34
1750930659685 0.9870794242965246 35
1750930660320 0.9885735972884047 36
1750930660954 0.9874868907521841 37
1750930661588 0.988979980627018 38
1750930662227 0.9876194912317992 39
1750930662862 0.9897987447048605 40
1750930663496 0.9862568154835669 41
1750930664131 0.9895236219138724 42
1750930664763 0.9902053237954032 43
1750930665400 0.9884380638298242 44
1750930666035 0.989935153081178 45
1750930666672 0.9910217225843041 46
1750930667311 0.9904746139539 47
1750930667948 0.989394411098384 48
1750930668588 0.9896625760835008 49
1750930669226 0.990339398095521 50
1750930669864 0.9884363436620053 51
1750930670505 0.9888508792470008 52
1750930671143 0.9892526490326796 53
1750930671784 0.9880320016803882 54
1750930672429 0.9887078280461783 55
1750930673064 0.9899323158554787 56
1750930673703 0.9895238190743079 57
1750930674343 0.9919741274702661 58
1750930674981 0.9921108328897039 59
1750930675624 0.9889805275529452 60
1750930676263 0.9902031809819086 61
1750930676904 0.9910223858608352 62
1750930677546 0.9903457450302039 63
1750930677730 0.9903457450302039 0
1750930637437 0.6774201110243483 0
1750930677730 0.9903457450302039 0
