1750930637393 0.7014816840999772 0
1750930638006 0.8832408467226321 1
1750930638639 0.9277002215707516 2
1750930639273 0.9482891753530313 3
1750930639908 0.9581590150643443 4
1750930640544 0.9659844477362666 5
1750930641188 0.9673548900596337 6
1750930641825 0.9711366011354924 7
1750930642465 0.9738891183125111 8
1750930643109 0.9779651707247946 9
1750930643743 0.9775911105930868 10
1750930644371 0.9798708276855406 11
1750930645007 0.9784803936581338 12
1750930645648 0.9811042991156604 13
1750930646288 0.9798827160522805 14
1750930646932 0.983275769542519 15
1750930647570 0.9829872644014792 16
1750930648214 0.9828842850706871 17
1750930648855 0.9834492465153886 18
1750930649496 0.9839577433921347 19
1750930650139 0.9845017889782743 20
1750930650779 0.9849020764543235 21
1750930651423 0.9847728151760196 22
1750930652059 0.9851908513340096 23
1750930652693 0.9874912378000674 24
1750930653321 0.9878940647138152 25
1750930653955 0.987504655505421 26
1750930654585 0.9868163175692974 27
1750930655215 0.9876275851798584 28
1750930655844 0.9876205205419348 29
1750930656475 0.9884449234764979 30
1750930657106 0.9891265386307624 31
1750930657736 0.9878903247167263 32
1750930658369 0.988851868829395 33
1750930659000 0.9866733743732596 34
1750930659631 0.9870822030306088 35
1750930660266 0.9885752739209848 36
1750930660899 0.9874890535506035 37
1750930661533 0.9889833975347371 38
1750930662172 0.9876201119842671 39
1750930662808 0.9898005111368122 40
1750930663441 0.9862802119947796 41
1750930664076 0.9895234368182481 42
1750930664709 0.9902276107891753 43
1750930665344 0.9884385330637216 44
1750930665980 0.9899451366124942 45
1750930666617 0.9910251365903882 46
1750930667256 0.9904866642386468 47
1750930667893 0.9894022050749978 48
1750930668532 0.9896637640951875 49
1750930669170 0.9903618000274371 50
1750930669808 0.9884384235920768 51
1750930670449 0.9888568656886619 52
1750930671086 0.9892512448115085 53
1750930671728 0.9880374313725002 54
1750930672373 0.988720214758723 55
1750930673008 0.989931351034674 56
1750930673646 0.9895303028953708 57
1750930674288 0.9919817671628826 58
1750930674925 0.9921131829945422 59
1750930675568 0.9889921697510338 60
1750930676207 0.9902026427242803 61
1750930676848 0.9910252965201285 62
1750930677490 0.9903554478007484 63
1750930677730 0.9903554478007484 0
1750930637393 0.7014816840999772 0
1750930677730 0.9903554478007484 0
