1750930637353 1.1367215326742977 0
1750930637955 0.652006010236107 1
1750930638587 0.4422107183894343 2
1750930639219 0.3174378652048578 3
1750930639856 0.24782098215215223 4
1750930640491 0.20151986547373843 5
1750930641134 0.16964726527834614 6
1750930641771 0.15092980715732968 7
1750930642413 0.13571971393837892 8
1750930643054 0.11528042620362083 9
1750930643690 0.10876259596874457 10
1750930644319 0.10114208960721231 11
1750930644954 0.09544152916450625 12
1750930645595 0.08916696273317405 13
1750930646235 0.08368373772492217 14
1750930646879 0.07710503602767275 15
1750930647518 0.07471793367891238 16
1750930648161 0.07522697156949842 17
1750930648802 0.07187869822580095 18
1750930649443 0.07054766642904645 19
1750930650085 0.06681188377546668 20
1750930650725 0.06669638408864803 21
1750930651369 0.06458607335677279 22
1750930652005 0.0613431039674692 23
1750930652639 0.056074506561631605 24
1750930653267 0.05831390691635334 25
1750930653901 0.060996311444128426 26
1750930654531 0.058008999443157974 27
1750930655161 0.0570963070331642 28
1750930655789 0.05669651658023921 29
1750930656421 0.0544358044376311 30
1750930657051 0.05454766638455375 31
1750930657681 0.05568445632406495 32
1750930658313 0.05002307352509605 33
1750930658945 0.05590512807419173 34
1750930659576 0.05392377286687315 35
1750930660211 0.04993298015394071 36
1750930660844 0.052935393654839645 37
1750930661478 0.049041183290433575 38
1750930662117 0.05282004303233019 39
1750930662752 0.04680770960909044 40
1750930663386 0.05480216603251873 41
1750930664021 0.05012619740231382 42
1750930664654 0.0499144497938592 43
1750930665290 0.048266638137229895 44
1750930665925 0.047495060670265564 45
1750930666562 0.0473056120495996 46
1750930667200 0.049130966074124253 47
1750930667839 0.04843328564029523 48
1750930668476 0.04775365371909702 49
1750930669114 0.049925560944422805 50
1750930669753 0.054259721003270124 51
1750930670393 0.04719770366530683 52
1750930671031 0.04895095571356707 53
1750930671671 0.051863627214394144 54
1750930672317 0.04754936720738116 55
1750930672953 0.046671037844932504 56
1750930673590 0.04669190899867228 57
1750930674231 0.043622792748099964 58
1750930674869 0.0457102623327318 59
1750930675510 0.04870673210458411 60
1750930676150 0.0470859673587652 61
1750930676791 0.04570945248846877 62
1750930677432 0.04567179001535373 63
1750930677730 0.04567179001535373 0
1750930637353 1.1367215326742977 0
1750930677730 0.04567179001535373 0
