1750855195488 0.8619035052721337 0
1750855195947 0.3621894497671636 1
1750855196407 0.2178515111693101 2
1750855196869 0.15468136772464747 3
1750855197334 0.12350409340125562 4
1750855197799 0.10428654411412427 5
1750855198262 0.09189134818360907 6
1750855198725 0.08051897191784067 7
1750855199188 0.06975713461815856 8
1750855199653 0.06753845892692546 9
1750855200118 0.05941042880871221 10
1750855200583 0.058267131800458276 11
1750855201047 0.056143668444748156 12
1750855201510 0.05238397162553567 13
1750855201973 0.04732473913308586 14
1750855202439 0.04619885501639271 15
1750855202903 0.04587302115564442 16
1750855203368 0.03988295347126803 17
1750855203832 0.037630029300367615 18
1750855204299 0.03490929149285818 19
1750855204764 0.035988661088657455 20
1750855205231 0.03279189164856686 21
1750855205695 0.034463162248664345 22
1750855206160 0.03462611487534574 23
1750855206630 0.03243670530234168 24
1750855207098 0.029853208643162342 25
1750855207565 0.029826084936749073 26
1750855208032 0.0258944031186564 27
1750855208498 0.025839869826028816 28
1750855208965 0.02439809051622009 29
1750855209432 0.022619166296944264 30
1750855209902 0.023072098149746752 31
1750855210367 0.022242229625428656 32
1750855210833 0.023014444968804018 33
1750855211300 0.022281803330051853 34
1750855211770 0.02056779188480962 35
1750855212238 0.022168609302519324 36
1750855212706 0.022462587625495644 37
1750855213174 0.02079644158783534 38
1750855213644 0.021728992338839036 39
1750855214113 0.021620327306448223 40
1750855214582 0.020518044048567607 41
1750855215051 0.02090595966673449 42
1750855215521 0.018854969434852594 43
1750855215992 0.01771024584740307 44
1750855216462 0.01780998431734175 45
1750855216930 0.0158409485811321 46
1750855217402 0.014782538101425692 47
1750855217871 0.0163584926703507 48
1750855218339 0.015382901729255945 49
1750855218809 0.016872509959896406 50
1750855219281 0.014307210369020907 51
1750855219750 0.015417036497993324 52
1750855220220 0.01609050008825303 53
1750855220691 0.01298630347670364 54
1750855221164 0.015033622084705359 55
1750855221635 0.009803580491881429 56
1750855222104 0.010915267128842934 57
1750855222574 0.01367345359944371 58
1750855223045 0.01673595188231493 59
1750855223518 0.01236237623099295 60
1750855223987 0.013914480929919626 61
1750855224459 0.01723148108379443 62
1750855224931 0.011744099688286547 63
1750855225403 0.0153474311453552 64
1750855225879 0.02070078298446856 65
1750855226350 0.015352715806047745 66
1750855226823 0.013142867799330465 67
1750855227294 0.015646760048915027 68
1750855227767 0.013922606514864606 69
1750855228240 0.012789033825038775 70
1750855228713 0.009716553004959931 71
1750855229187 0.012047140825446815 72
1750855229663 0.013315157782285392 73
1750855230136 0.0146141136520526 74
1750855230611 0.009963088995675476 75
1750855231084 0.013481690825369276 76
1750855231559 0.011465535262287078 77
1750855232033 0.013924564370915007 78
1750855232509 0.010620389536125874 79
1750855232984 0.011175168462656792 80
1750855233460 0.007934299084704123 81
1750855233935 0.010626865018202728 82
1750855195488 0.8619035052721337 0
