1750855268111 1.3387157544736894 0
1750855268427 0.874547201738783 1
1750855268751 0.6311057746345512 2
1750855269074 0.48010874459351754 3
1750855269395 0.3759315545722372 4
1750855269719 0.3066602257993457 5
1750855270043 0.2518321564654142 6
1750855270367 0.2128506291969816 7
1750855270692 0.18598271155642737 8
1750855271016 0.1641786076104161 9
1750855271340 0.15135899277746484 10
1750855271664 0.13434474612864888 11
1750855271990 0.12163930464945369 12
1750855272314 0.11219606050761402 13
1750855272641 0.09905261693114943 14
1750855272968 0.09655562821487866 15
1750855273294 0.09289843935653226 16
1750855273620 0.08666481472495072 17
1750855273945 0.07926569471664735 18
1750855274271 0.076831408136882 19
1750855274597 0.07136993287729101 20
1750855274920 0.0686062280822371 21
1750855275246 0.06393657892261417 22
1750855275572 0.06385590024576224 23
1750855275899 0.05929858638409432 24
1750855276226 0.05580671649260023 25
1750855276553 0.05188731604354037 26
1750855276880 0.049363755926052036 27
1750855277209 0.04808443137753646 28
1750855277535 0.044727559116293024 29
1750855277862 0.04645712449295412 30
1750855278192 0.03977169788425324 31
1750855278522 0.04234309843918704 32
1750855278852 0.03890770207178476 33
1750855279181 0.039761355517673284 34
1750855279511 0.03825839878069044 35
1750855279841 0.0340679569313783 36
1750855280170 0.03632375127022784 37
1750855280500 0.03286610823834033 38
1750855280830 0.033273846154244086 39
1750855268111 1.3387157544736894 0
