1750856065211 1.320734101488489 0
1750856065666 0.8223629489427552 1
1750856066128 0.5874649358911276 2
1750856066590 0.4550259460302899 3
1750856067053 0.367096424848652 4
1750856067515 0.3028198597837195 5
1750856067976 0.25475475858487556 6
1750856068439 0.21644704517329738 7
1750856068903 0.1884933275224335 8
1750856069369 0.16289140982908057 9
1750856069833 0.14241099890252581 10
1750856070297 0.13003188714595823 11
1750856070761 0.11641457008848512 12
1750856071226 0.10954969140809431 13
1750856071692 0.09655362732051766 14
1750856072158 0.09035675397894717 15
1750856072625 0.08179069326641251 16
1750856073091 0.07903977220835443 17
1750856073557 0.07184158921063401 18
1750856074024 0.06688463304220203 19
1750856074491 0.06326066530730182 20
1750856074958 0.06083720496027721 21
1750856075423 0.05638395245789963 22
1750856075889 0.051032065579077884 23
1750856076357 0.04992005664356645 24
1750856076825 0.04601082055078529 25
1750856077293 0.04571226419591151 26
1750856077759 0.043282266777166865 27
1750856078226 0.03933525656809031 28
1750856078696 0.038377825861900104 29
1750856079163 0.03586313956426264 30
1750856079630 0.03616002630503185 31
1750856080097 0.033908019839533655 32
1750856080564 0.03103771199339492 33
1750856081031 0.02838231036206454 34
1750856081498 0.030382355952775258 35
1750856081965 0.030143217265735642 36
1750856082434 0.03058663563208981 37
1750856082902 0.02744769427207855 38
1750856083370 0.025305469257917185 39
1750856083838 0.022209396727192614 40
1750856084303 0.023257445646358718 41
1750856084770 0.022201596925458724 42
1750856085239 0.023032429158359246 43
1750856085706 0.018947088633389318 44
1750856086175 0.019069633230777767 45
1750856086642 0.019983225595307363 46
1750856087116 0.017618123901008715 47
1750856087583 0.01867973511928127 48
1750856088052 0.018866022583603925 49
1750856088521 0.016879530654210797 50
1750856088991 0.017581558071372787 51
1750856089462 0.01650799964569809 52
1750856089931 0.014592145629160277 53
1750856090401 0.015223984633672727 54
1750856090873 0.013034387783631803 55
1750856091346 0.01481686342483279 56
1750856091819 0.012439186854913254 57
1750856092295 0.01399208726822495 58
1750856092768 0.014563021503928015 59
1750856065211 1.320734101488489 0
