1751011841654 0.847239297128697 0
1751011842266 0.9554550573521677 1
1751011842886 0.9695251055810887 2
1751011843505 0.9763225996877268 3
1751011844131 0.9805528082826334 4
1751011844757 0.9806836405973922 5
1751011845389 0.9827266511499075 6
1751011846026 0.9873505365522064 7
1751011846660 0.9870791046512426 8
1751011847291 0.9866694284269234 9
1751011847920 0.9863923807066282 10
1751011848552 0.9880319177194977 11
1751011849185 0.9878936258497552 12
1751011849818 0.9887112177479277 13
1751011850448 0.9912944324525499 14
1751011851077 0.9883022048003609 15
1751011851707 0.9917037724521569 16
1751011852337 0.9887115430948954 17
1751011852968 0.991701311768144 18
1751011853600 0.9921118947739942 19
1751011854231 0.9919751706059164 20
1751011854865 0.9927915004896405 21
1751011855497 0.993471755387915 22
1751011856130 0.991975443941298 23
1751011856767 0.9930627406830588 24
1751011857403 0.9927914122414212 25
1751011858036 0.9930626433481304 26
1751011858670 0.9946950613165395 27
1751011859305 0.9936073453759525 28
1751011859941 0.9941509566507607 29
1751011860573 0.9955117854861856 30
1751011861209 0.9959194776931447 31
1751011861844 0.9937430397769372 32
1751011862485 0.9955107443303791 33
1751011863120 0.9946946680187013 34
1751011863759 0.9921110940313277 35
1751011864397 0.9948313683108273 36
1751011865034 0.9955114807120732 37
1751011865676 0.9965996874190166 38
1751011866312 0.996463804532667 39
1751011866950 0.9953753678688455 40
1751011867587 0.9949675373801447 41
1751011868224 0.9949674824772511 42
1751011868864 0.9957835088356073 43
1751011869505 0.9968713922236118 44
1751011870149 0.9960560010994389 45
1751011870788 0.9945593107556413 46
1751011871429 0.9955108178625645 47
1751011872071 0.996191219900761 48
1751011872717 0.9980957077581983 49
1751011873358 0.9957835670792679 50
1751011873537 0.9957835670792679 0
1751011841654 0.847239297128697 0
1751011873537 0.9957835670792679 0
