1751011841589 0.8516050054406964 0
1751011842188 0.9555223068552775 1
1751011842808 0.969532100108814 2
1751011843428 0.9763329706202394 3
1751011844052 0.9805495103373232 4
1751011844679 0.9806855277475517 5
1751011845310 0.9827257889009793 6
1751011845948 0.9873503808487486 7
1751011846582 0.9870783460282916 8
1751011847213 0.9866702937976061 9
1751011847842 0.9863982589771491 10
1751011848472 0.9880304678998912 11
1751011849103 0.9878944504896626 12
1751011849739 0.9887105549510338 13
1751011850369 0.9912948857453754 14
1751011850997 0.9883025027203483 15
1751011851627 0.9917029379760609 16
1751011852258 0.9887105549510338 17
1751011852888 0.9917029379760609 18
1751011853521 0.9921109902067464 19
1751011854150 0.9919749727965179 20
1751011854784 0.9927910772578891 21
1751011855418 0.9934711643090316 22
1751011856050 0.9919749727965179 23
1751011856684 0.9930631120783461 24
1751011857321 0.9927910772578891 25
1751011857956 0.9930631120783461 26
1751011858590 0.9946953210010882 27
1751011859223 0.9936071817192601 28
1751011859859 0.9941512513601741 29
1751011860492 0.9955114254624592 30
1751011861127 0.9959194776931447 31
1751011861763 0.9937431991294886 32
1751011862405 0.9955114254624592 33
1751011863039 0.9946953210010882 34
1751011863677 0.9921109902067464 35
1751011864316 0.9948313384113167 36
1751011864952 0.9955114254624592 37
1751011865594 0.9965995647442872 38
1751011866231 0.9964635473340587 39
1751011866867 0.9953754080522307 40
1751011867506 0.9949673558215452 41
1751011868142 0.9949673558215452 42
1751011868779 0.9957834602829162 43
1751011869423 0.9968715995647442 44
1751011870066 0.9960554951033732 45
1751011870706 0.9945593035908596 46
1751011871346 0.9955114254624592 47
1751011871989 0.9961915125136017 48
1751011872634 0.9980957562568009 49
1751011873275 0.9957834602829162 50
1751011873537 0.9957834602829162 0
1751011841589 0.8516050054406964 0
1751011873537 0.9957834602829162 0
