1751011841610 0.8600368887061128 0
1751011842214 0.9554416100192414 1
1751011842833 0.9695511266013629 2
1751011843453 0.9763158111198872 3
1751011844079 0.9805565792626295 4
1751011844705 0.9806859228965789 5
1751011845336 0.9827292069271008 6
1751011845974 0.987350791044481 7
1751011846608 0.987082330630018 8
1751011847239 0.9866711619353556 9
1751011847868 0.9863885327558799 10
1751011848498 0.9880457562990789 11
1751011849130 0.9879000320444568 12
1751011849765 0.9887143594664629 13
1751011850395 0.9912955780760231 14
1751011851024 0.9883023031729631 15
1751011851653 0.9917127060217376 16
1751011852285 0.9887209281361145 17
1751011852915 0.9917016442280968 18
1751011853547 0.9921250572119038 19
1751011854178 0.9919754685876068 20
1751011854811 0.9927944315575751 21
1751011855444 0.9934787780656409 22
1751011856077 0.9919784171393526 23
1751011856711 0.9930633746842947 24
1751011857348 0.9927946142420402 25
1751011857983 0.9930624699894974 26
1751011858617 0.9946958353901147 27
1751011859250 0.993607744685216 28
1751011859886 0.9941524067226857 29
1751011860519 0.9955170982316665 30
1751011861155 0.9959194776931447 31
1751011861790 0.9937432828901194 32
1751011862431 0.995510374622238 33
1751011863066 0.9946953142393568 34
1751011863704 0.9921117327960834 35
1751011864343 0.9948316179207848 36
1751011864979 0.9955116370646488 37
1751011865621 0.9966007227116568 38
1751011866258 0.9964647605568211 39
1751011866895 0.9953865191175377 40
1751011867533 0.9949686273920944 41
1751011868169 0.9949681247093553 42
1751011868809 0.9957836586455363 43
1751011869450 0.9968743287422597 44
1751011870094 0.9960652211975118 45
1751011870733 0.9945598932984241 46
1751011871374 0.9955104469364373 47
1751011872017 0.996193042759989 48
1751011872662 0.9980960666638444 49
1751011873303 0.9957841903775745 50
1751011873537 0.9957841903775745 0
1751011841610 0.8600368887061128 0
1751011873537 0.9957841903775745 0
