1751011841569 0.6257978375834921 0
1751011842162 0.18493727378149935 1
1751011842782 0.11210102693332812 2
1751011843402 0.08253072083028798 3
1751011844026 0.06890290718975602 4
1751011844653 0.05991809293870957 5
1751011845283 0.05458491791740984 6
1751011845922 0.04774403858877175 7
1751011846556 0.04470004722621936 8
1751011847187 0.044303828009259326 9
1751011847815 0.04408193654477013 10
1751011848446 0.039602935998229324 11
1751011849077 0.03689778640043392 12
1751011849712 0.03517401131970546 13
1751011850342 0.0302105734299086 14
1751011850971 0.035149918173939414 15
1751011851601 0.027105940131914433 16
1751011852232 0.033941897003221304 17
1751011852862 0.03034233612690417 18
1751011853494 0.02885180227438209 19
1751011854124 0.026805958371625666 20
1751011854758 0.023154812200669853 21
1751011855390 0.02108348139041834 22
1751011856024 0.02217577026231707 23
1751011856658 0.02472175066577224 24
1751011857294 0.025627360345291072 25
1751011857929 0.024212223097126652 26
1751011858563 0.02014286238046503 27
1751011859196 0.022834617203715643 28
1751011859831 0.017275917677206754 29
1751011860465 0.016288995270042704 30
1751011861100 0.0164615412907 31
1751011861735 0.020994592226192484 32
1751011862378 0.015802720122944293 33
1751011863012 0.01961293120646061 34
1751011863649 0.02524296260794566 35
1751011864288 0.017396175999790268 36
1751011864924 0.013999080599586645 37
1751011865566 0.013497206596789378 38
1751011866203 0.013981798401262542 39
1751011866840 0.016357096295167364 40
1751011867478 0.015787991317104594 41
1751011868115 0.015612759969427258 42
1751011868752 0.017211080536142932 43
1751011869395 0.013289691134983262 44
1751011870039 0.018633162159922657 45
1751011870679 0.01922353014569847 46
1751011871318 0.0175129395038836 47
1751011871961 0.014471248745861523 48
1751011872606 0.011340490667001466 49
1751011873247 0.014718942903083575 50
1751011873537 0.014718942903083575 0
1751011841569 0.6257978375834921 0
1751011873537 0.014718942903083575 0
