1750949769874 0.8679347377878566 0
1750949770488 0.9605167540134637 1
1750949771109 0.9700622213147325 2
1750949771727 0.9772753378488978 3
1750949772351 0.981363913901336 4
1750949772980 0.9846318869264847 5
1750949773610 0.9836799879353976 6
1750949774242 0.9869443326082005 7
1750949774876 0.9844936203167575 8
1750949780659 0.9850391262373438 9
1750949781295 0.9874847205471008 10
1750949781922 0.9891188653533248 11
1750949782551 0.9900710872635285 12
1750949783180 0.9897999164263678 13
1750949783811 0.9897988198001665 14
1750949784440 0.9912954916290001 15
1750949785069 0.9882993910950052 16
1750949785699 0.9888468460014535 17
1750949786328 0.9906155251315294 18
1750949786961 0.9921111821805045 19
1750949787591 0.9915656945829497 20
1750949788222 0.9927915004896405 21
1750949788855 0.9911588805804373 22
1750949789485 0.9914312685006127 23
1750949790118 0.9925192957278945 24
1750949790751 0.9914295751886004 25
1750949791384 0.9933342142867596 26
1750949792017 0.9952386557906702 27
1750949792651 0.9955113689399242 28
1750949793285 0.9951036059906833 29
1750949793920 0.9946953862960864 30
1750949794555 0.9929284185070735 31
1750949795190 0.9929277350035745 32
1750949795825 0.9930617871735818 33
1750949796461 0.9933327947958112 34
1750949797097 0.9907525756511436 35
1750949797734 0.9921124492503647 36
1750949798369 0.9933342073901169 37
1750949799007 0.9959198471174467 38
1750949799647 0.9960556374060593 39
1750949800285 0.9948310692687016 40
1750949800925 0.9957834071859893 41
1750949801565 0.9955107443303791 42
1750949802203 0.9951023568090576 43
1750949802846 0.9945590134056492 44
1750949803486 0.9963274836781197 45
1750949804125 0.995375381540797 46
1750949804768 0.9940151513576174 47
1750949805408 0.9965996066000555 48
1750949806050 0.9974155693768114 49
1750949806693 0.9948311410415854 50
1750949807341 0.9952400384579114 51
1750949807520 0.9952400384579114 0
1750949769874 0.8679347377878566 0
1750949807520 0.9952400384579114 0
