1750949769790 0.5807144079069577 0
1750949770385 0.15939615572821977 1
1750949771006 0.10270368020020838 2
1750949771625 0.07709239493808238 3
1750949772247 0.0632892378947421 4
1750949772876 0.05459801218714626 5
1750949773507 0.04816945463670286 6
1750949774138 0.04360426444321125 7
1750949774772 0.04777031576096752 8
1750949780552 0.041173165105181916 9
1750949781191 0.040431362705485606 10
1750949781819 0.03463365573444129 11
1750949782446 0.033772181487470965 12
1750949783076 0.0318538426873563 13
1750949783706 0.03084986345737086 14
1750949784335 0.027339943217456145 15
1750949784965 0.03617949726139079 16
1750949785595 0.03162310545872877 17
1750949786223 0.032192049166988236 18
1750949786855 0.02494785009191186 19
1750949787486 0.025842426926955597 20
1750949788117 0.022219813243365392 21
1750949788748 0.025391061875920527 22
1750949789380 0.03150685134995425 23
1750949790011 0.022784484192116896 24
1750949790645 0.02398052114346779 25
1750949791278 0.022682802983984285 26
1750949791911 0.01777298014278608 27
1750949792544 0.019152775802573553 28
1750949793179 0.0164346844074443 29
1750949793813 0.0181361615517956 30
1750949794447 0.02239313175556198 31
1750949795083 0.020593957400904063 32
1750949795718 0.02117659792535096 33
1750949796354 0.02162063071885277 34
1750949796990 0.03066433342229433 35
1750949797626 0.02834913916419685 36
1750949798262 0.020652126038489586 37
1750949798899 0.014926003256480294 38
1750949799538 0.012460747517349444 39
1750949800177 0.017415438822781723 40
1750949800816 0.01411988444082131 41
1750949801456 0.015233129188185304 42
1750949802095 0.015620825685544489 43
1750949802737 0.01940019118069581 44
1750949803377 0.013715333130992989 45
1750949804017 0.019941559043166687 46
1750949804659 0.023309708475510227 47
1750949805299 0.014805493158717986 48
1750949805940 0.01217339014567605 49
1750949806583 0.01818314203749268 50
1750949807231 0.019253446481376075 51
1750949807520 0.019253446481376075 0
1750949769790 0.5807144079069577 0
1750949807520 0.019253446481376075 0
