1750949769831 0.8705837906742426 0
1750949770437 0.9605002615156355 1
1750949771057 0.9700515671707332 2
1750949771676 0.9772721079320231 3
1750949772299 0.9813678777460163 4
1750949772928 0.9846479905108637 5
1750949773559 0.9836962700378173 6
1750949774190 0.9869686669833558 7
1750949774824 0.9844936173709536 8
1750949780606 0.9850436996286402 9
1750949781243 0.9874843379825585 10
1750949781870 0.989119520975957 11
1750949782499 0.9900723414334068 12
1750949783128 0.9898131710948237 13
1750949783758 0.9897990448505314 14
1750949784388 0.9912996933782963 15
1750949785017 0.9882979233578559 16
1750949785647 0.9888574155037837 17
1750949786276 0.9906268244190535 18
1750949786909 0.9921117746904788 19
1750949787538 0.9915651745388023 20
1750949788170 0.9927944315575751 21
1750949788802 0.9911615158946128 22
1750949789433 0.9914360763266249 23
1750949790065 0.9925205763325224 24
1750949790698 0.9914285560487357 25
1750949791331 0.9933357963794172 26
1750949791964 0.995238217168947 27
1750949792598 0.9955114135302633 28
1750949793232 0.9951054543220088 29
1750949793867 0.994695552462632 30
1750949794501 0.9929298424945868 31
1750949795137 0.9929347970713109 32
1750949795771 0.993060562428503 33
1750949796408 0.993331841115203 34
1750949797044 0.9907574528924604 35
1750949797680 0.9921157002151791 36
1750949798316 0.9933340866505999 37
1750949798953 0.9959266925401258 38
1750949799593 0.9960566909384693 39
1750949800231 0.9948324150963452 40
1750949800870 0.9957834552790921 41
1750949801511 0.995510374622238 42
1750949802149 0.9951016464009971 43
1750949802792 0.994560827080198 44
1750949803432 0.9963275387767497 45
1750949804071 0.9953762527620252 46
1750949804714 0.9940160276364427 47
1750949805354 0.9965997498673379 48
1750949805995 0.9974163845190654 49
1750949806638 0.9948311769472714 50
1750949807286 0.9952474173647513 51
1750949807520 0.9952474173647513 0
1750949769831 0.8705837906742426 0
1750949807520 0.9952474173647513 0
