1750949769810 0.8702393906420022 0
1750949770411 0.9605549510337323 1
1750949771032 0.970076169749728 2
1750949771650 0.9772850924918389 3
1750949772273 0.9813656147986942 4
1750949772902 0.9846300326441785 5
1750949773533 0.9836779107725789 6
1750949774164 0.9869423286180631 7
1750949774798 0.98449401523395 8
1750949780579 0.985038084874864 9
1750949781217 0.9874863982589771 10
1750949781845 0.9891186071817193 11
1750949782472 0.9900707290533188 12
1750949783102 0.9897986942328618 13
1750949783732 0.9897986942328618 14
1750949784361 0.9912948857453754 15
1750949784991 0.9883025027203483 16
1750949785621 0.9888465723612623 17
1750949786250 0.9906147986942329 18
1750949786882 0.9921109902067464 19
1750949787512 0.9915669205658324 20
1750949788143 0.9927910772578891 21
1750949788776 0.9911588683351469 22
1750949789406 0.9914309031556039 23
1750949790038 0.9925190424374319 24
1750949790671 0.9914309031556039 25
1750949791304 0.9933351468988031 26
1750949791938 0.9952393906420022 27
1750949792571 0.9955114254624592 28
1750949793206 0.9951033732317737 29
1750949793840 0.9946953210010882 30
1750949794474 0.9929270946681176 31
1750949795110 0.9929270946681176 32
1750949795745 0.9930631120783461 33
1750949796381 0.9933351468988031 34
1750949797017 0.9907508161044614 35
1750949797653 0.9921109902067464 36
1750949798289 0.9933351468988031 37
1750949798926 0.9959194776931447 38
1750949799565 0.9960554951033732 39
1750949800204 0.9948313384113167 40
1750949800843 0.9957834602829162 41
1750949801483 0.9955114254624592 42
1750949802122 0.9951033732317737 43
1750949802765 0.9945593035908596 44
1750949803405 0.9963275299238302 45
1750949804044 0.9953754080522307 46
1750949804687 0.9940152339499456 47
1750949805327 0.9965995647442872 48
1750949805968 0.9974156692056583 49
1750949806611 0.9948313384113167 50
1750949807258 0.9952393906420022 51
1750949807520 0.9952393906420022 0
1750949769810 0.8702393906420022 0
1750949807520 0.9952393906420022 0
