1750949703347 0.5891550940028731 0
1750949703945 0.1736990547737956 1
1750949704569 0.10575890815102366 2
1750949705194 0.0811469329275815 3
1750949705822 0.0704272179737671 4
1750949706454 0.06114307241321777 5
1750949707092 0.05168698312384325 6
1750949707735 0.05038144052336732 7
1750949708378 0.046661911207992054 8
1750949709019 0.04318701745425397 9
1750949709658 0.03999755020386117 10
1750949710293 0.04247383368166085 11
1750949710924 0.04400825499044174 12
1750949711558 0.04473903807441545 13
1750949712189 0.036029614792666496 14
1750949712822 0.031048208145755096 15
1750949713454 0.032573141749457774 16
1750949714087 0.03349233024183081 17
1750949714719 0.03402167678758972 18
1750949715353 0.03284593749795437 19
1750949715991 0.03077834347512277 20
1750949716623 0.02880115448613778 21
1750949717260 0.025726530854453426 22
1750949717896 0.022966878129913187 23
1750949718536 0.023972637339275214 24
1750949719172 0.035866916752232886 25
1750949719804 0.03054347877026869 26
1750949720442 0.026761409258561145 27
1750949721079 0.024853631799333243 28
1750949721715 0.025780330940075747 29
1750949722355 0.02157623990782424 30
1750949722994 0.019056921551192547 31
1750949723632 0.018920474368531635 32
1750949724270 0.020301190177556352 33
1750949724908 0.020369023058291878 34
1750949725546 0.038299049269529595 35
1750949725830 0.038299049269529595 0
1750949703347 0.5891550940028731 0
1750949725830 0.038299049269529595 0
