1750949703367 0.8628944504896626 0
1750949703971 0.95620239390642 1
1750949704595 0.971436343852013 2
1750949705220 0.9761969532100109 3
1750949705848 0.97810119695321 4
1750949706481 0.9823177366702938 5
1750949707119 0.985310119695321 6
1750949707761 0.9836779107725789 7
1750949708404 0.9843579978237215 8
1750949709046 0.985854189336235 9
1750949709684 0.9881664853101197 10
1750949710319 0.985582154515778 11
1750949710951 0.9857181719260065 12
1750949711584 0.9851741022850925 13
1750949712215 0.9891186071817193 14
1750949712848 0.9895266594124048 15
1750949713480 0.9895266594124048 16
1750949714114 0.9888465723612623 17
1750949714746 0.9903427638737758 18
1750949715380 0.9906147986942329 19
1750949716017 0.9902067464635473 20
1750949716649 0.9919749727965179 21
1750949717287 0.9906147986942329 22
1750949717923 0.9929270946681176 23
1750949718563 0.9927910772578891 24
1750949719198 0.9891186071817193 25
1750949719831 0.9908868335146899 26
1750949720469 0.9933351468988031 27
1750949721106 0.9926550598476604 28
1750949721742 0.9922470076169749 29
1750949722382 0.9934711643090316 30
1750949723021 0.9952393906420022 31
1750949723659 0.9949673558215452 32
1750949724297 0.9934711643090316 33
1750949724935 0.9941512513601741 34
1750949725574 0.9884385201305768 35
1750949725830 0.9884385201305768 0
1750949703367 0.8628944504896626 0
1750949725830 0.9884385201305768 0
