1750949703431 0.8624654041239392 0
1750949704049 0.9561131460609341 1
1750949704672 0.971428990224014 2
1750949705298 0.9761858064653123 3
1750949705926 0.9780987299968656 4
1750949706558 0.982319522691615 5
1750949707197 0.9853111231900744 6
1750949707840 0.9836777001689283 7
1750949708487 0.9843533721927108 8
1750949709126 0.9858538290609016 9
1750949709765 0.9881679030545865 10
1750949710397 0.9855781833358129 11
1750949711030 0.9857185598285823 12
1750949711662 0.9851709593995507 13
1750949712294 0.9891188762803386 14
1750949712925 0.9895298046299371 15
1750949713559 0.9895267883281709 16
1750949714192 0.9888465723612623 17
1750949714825 0.9903435081846081 18
1750949715460 0.9906152377488336 19
1750949716096 0.9902051454551238 20
1750949716728 0.9919708289549609 21
1750949717367 0.9906151372764859 22
1750949718003 0.9929274308754313 23
1750949718643 0.992791802294497 24
1750949719277 0.9891180628710332 25
1750949719911 0.9908868939293726 26
1750949720549 0.9933349422529378 27
1750949721186 0.9926543812284155 28
1750949721822 0.9922472782209961 29
1750949722463 0.993471755387915 30
1750949723102 0.9952390773975278 31
1750949723739 0.9949670614984115 32
1750949724377 0.9934716729303525 33
1750949725015 0.9941516765335467 34
1750949725654 0.9884383879254929 35
1750949725830 0.9884383879254929 0
1750949703431 0.8624654041239392 0
1750949725830 0.9884383879254929 0
