1750949703388 0.8630769938484217 0
1750949703997 0.9562053760678831 1
1750949704621 0.9714282483863854 2
1750949705246 0.9761765561152002 3
1750949705875 0.9780985617357754 4
1750949706506 0.9823293261528054 5
1750949707145 0.9853156642646751 6
1750949707788 0.9836777117740307 7
1750949708431 0.9843545026286314 8
1750949709073 0.9858538623002427 9
1750949709711 0.9881812973277282 10
1750949710345 0.9855786018912039 11
1750949710978 0.9857194659432645 12
1750949711610 0.9851702387935064 13
1750949712242 0.9891200716537313 14
1750949712874 0.9895402230925119 15
1750949713507 0.9895270166498591 16
1750949714139 0.9888465723612623 17
1750949714772 0.9903453893930839 18
1750949715407 0.9906176444838677 19
1750949716043 0.9902185454011955 20
1750949716676 0.9919734556571091 21
1750949717314 0.9906163732065945 22
1750949717950 0.9929293727846471 23
1750949718590 0.9928006513969517 24
1750949719224 0.9891216218436181 25
1750949719858 0.9908874785366758 26
1750949720495 0.9933408346946215 27
1750949721132 0.9926602665188612 28
1750949721768 0.9922486870915621 29
1750949722409 0.9934787780656409 30
1750949723048 0.995241290574919 31
1750949723686 0.9949725002548433 32
1750949724324 0.9934737903001123 33
1750949724962 0.9941586717953378 34
1750949725601 0.9884455361089448 35
1750949725830 0.9884455361089448 0
1750949703388 0.8630769938484217 0
1750949725830 0.9884455361089448 0
