1750855331276 0.6641491464419256 0
1750855331743 0.21776446367698085 1
1750855332216 0.1257701797797968 2
1750855332688 0.09602029044363522 3
1750855333161 0.0742830442055914 4
1750855333634 0.0638378551746673 5
1750855334107 0.057267628017290045 6
1750855334579 0.04932643761564456 7
1750855335054 0.0454147891111072 8
1750855335527 0.04047697516496702 9
1750855336002 0.039591575288685024 10
1750855336475 0.035948773675777576 11
1750855336949 0.034825525779613536 12
1750855337424 0.031225676379765466 13
1750855337899 0.026423274505968583 14
1750855338373 0.027200432111467596 15
1750855338848 0.02534030630254269 16
1750855339327 0.025546055290669657 17
1750855339803 0.0225494532872263 18
1750855340279 0.0209148253447967 19
1750855340757 0.020234791159131224 20
1750855341231 0.01640314183003341 21
1750855341707 0.01658665736877766 22
1750855342183 0.017881216314875634 23
1750855342658 0.015266242180672253 24
1750855343134 0.01412738023008604 25
1750855343609 0.013730095625450679 26
1750855344085 0.017114724247930195 27
1750855344563 0.012354215176475069 28
1750855345041 0.012932897161822098 29
1750855345520 0.012045307572747624 30
1750855345996 0.010263553843478813 31
1750855346471 0.008699737085063433 32
1750855346948 0.009730287002446688 33
1750855331276 0.6641491464419256 0
