1751011538411 0.8541893362350381 0
1751011539019 0.955114254624592 1
1751011539637 0.970620239390642 2
1751011540261 0.9770130576713819 3
1751011540882 0.9808215451577802 4
1751011541513 0.9823177366702938 5
1751011542145 0.985310119695321 6
1751011542779 0.9846300326441785 7
1751011543416 0.9872143634385201 8
1751011544046 0.9872143634385201 9
1751011544676 0.9896626768226333 10
1751011545304 0.9881664853101197 11
1751011545934 0.9887105549510338 12
1751011546570 0.9903427638737758 13
1751011547200 0.9902067464635473 14
1751011547830 0.9903427638737758 15
1751011548460 0.9906147986942329 16
1751011549090 0.9925190424374319 17
1751011549725 0.9930631120783461 18
1751011550358 0.9915669205658324 19
1751011550991 0.9918389553862894 20
1751011551624 0.9915669205658324 21
1751011552254 0.9936071817192601 22
1751011552887 0.9923830250272034 23
1751011553520 0.9946953210010882 24
1751011554155 0.9936071817192601 25
1751011554784 0.9922470076169749 26
1751011555421 0.9940152339499456 27
1751011556055 0.9955114254624592 28
1751011556689 0.9963275299238302 29
1751011557325 0.9953754080522307 30
1751011557960 0.9951033732317737 31
1751011558597 0.9946953210010882 32
1751011559232 0.9944232861806311 33
1751011559873 0.9952393906420022 34
1751011560511 0.9923830250272034 35
1751011561147 0.9937431991294886 36
1751011561786 0.9960554951033732 37
1751011562424 0.9957834602829162 38
1751011563063 0.9951033732317737 39
1751011563700 0.9948313384113167 40
1751011564341 0.9959194776931447 41
1751011564982 0.9970076169749728 42
1751011565623 0.9956474428726877 43
1751011566262 0.9948313384113167 44
1751011566903 0.9953754080522307 45
1751011567547 0.9956474428726877 46
1751011568193 0.9959194776931447 47
1751011568836 0.9961915125136017 48
1751011569483 0.9957834602829162 49
1751011569691 0.9957834602829162 0
1751011538411 0.8541893362350381 0
1751011569691 0.9957834602829162 0
