1751011538347 0.6167915348810781 0
1751011538941 0.1733840371566187 1
1751011539559 0.10307606586110216 2
1751011540184 0.08044770758465274 3
1751011540805 0.06588457692191572 4
1751011541434 0.059741164374208816 5
1751011542067 0.04816399216732989 6
1751011542699 0.04877517398110347 7
1751011543335 0.04320405686924779 8
1751011543968 0.03815338566850656 9
1751011544597 0.035303309886139674 10
1751011545226 0.036057772609416366 11
1751011545855 0.03697783167760767 12
1751011546487 0.035418732123200146 13
1751011547120 0.03059803313900989 14
1751011547750 0.028749787944882817 15
1751011548381 0.02996911286955073 16
1751011549010 0.025283262043404954 17
1751011549646 0.02403105223504269 18
1751011550278 0.025498427641684425 19
1751011550911 0.02636308111736837 20
1751011551544 0.029111397979624965 21
1751011552175 0.02211171040621559 22
1751011552807 0.026649716125255993 23
1751011553440 0.0203451028345021 24
1751011554074 0.021139938271806148 25
1751011554705 0.025642693671068507 26
1751011555340 0.019323660885171318 27
1751011555974 0.016731987433189828 28
1751011556608 0.015924398859651703 29
1751011557245 0.016042416663972155 30
1751011557879 0.01674889686990679 31
1751011558516 0.017172267030665125 32
1751011559151 0.016583863277417954 33
1751011559788 0.015499497042518916 34
1751011560430 0.027249272429851472 35
1751011561066 0.02346460739965424 36
1751011561703 0.015758747715296242 37
1751011562341 0.01827816964964199 38
1751011562981 0.01741180745165256 39
1751011563619 0.01742730923736786 40
1751011564258 0.01588241429340755 41
1751011564899 0.011622319850255861 42
1751011565540 0.01538511995890941 43
1751011566180 0.015954983286393384 44
1751011566821 0.016737468578671314 45
1751011567462 0.0162054957285872 46
1751011568111 0.014705319147074637 47
1751011568754 0.019783942386106677 48
1751011569399 0.01779825436062827 49
1751011569691 0.01779825436062827 0
1751011538347 0.6167915348810781 0
1751011569691 0.01779825436062827 0
