1751011538433 0.8531745548041535 0
1751011539045 0.9550138851033577 1
1751011539663 0.970607932268712 2
1751011540287 0.9770028700553588 3
1751011540908 0.9808154222541715 4
1751011541539 0.9823202081036926 5
1751011542171 0.9853100550078084 6
1751011542805 0.9846312935168468 7
1751011543442 0.9872136653579312 8
1751011544072 0.9872145230708033 9
1751011544702 0.9896640864194929 10
1751011545330 0.9881674770162175 11
1751011545960 0.9887112040224695 12
1751011546596 0.9903433469777504 13
1751011547227 0.9902058336884133 14
1751011547856 0.9903431122700073 15
1751011548487 0.9906148096212466 16
1751011549116 0.9925180784980224 17
1751011549752 0.9930626556363977 18
1751011550385 0.9915675075155939 19
1751011551017 0.9918396510638877 20
1751011551650 0.9915661992152462 21
1751011552281 0.9936075418641224 22
1751011552913 0.9923830099103371 23
1751011553547 0.9946953285006683 24
1751011554181 0.9936066034075898 25
1751011554812 0.99224908891624 26
1751011555448 0.9940157550727939 27
1751011556081 0.995511587393102 28
1751011556716 0.996327662412538 29
1751011557352 0.9953752902699101 30
1751011557987 0.9951034923878993 31
1751011558624 0.9946958545185921 32
1751011559259 0.994423354824091 33
1751011559900 0.9952392067467578 34
1751011560538 0.9923815220152569 35
1751011561174 0.9937426317531205 36
1751011561813 0.9960555856285908 37
1751011562451 0.9957837725728221 38
1751011563090 0.9951026486907373 39
1751011563728 0.9948312778015687 40
1751011564368 0.9959192342000007 41
1751011565010 0.9970072917520352 42
1751011565650 0.9956473320187389 43
1751011566289 0.9948294897358771 44
1751011566931 0.9953734856964268 45
1751011567575 0.995647131665351 46
1751011568221 0.9959194776931447 47
1751011568864 0.9961916676348044 48
1751011569511 0.9957837009662018 49
1751011569691 0.9957837009662018 0
1751011538433 0.8531745548041535 0
1751011569691 0.9957837009662018 0
