1751011538389 0.8573333254728379 0
1751011538993 0.9550093052211697 1
1751011539611 0.9705995993579896 2
1751011540236 0.9770000782676775 3
1751011540856 0.9808106106846058 4
1751011541487 0.9823417982117095 5
1751011542118 0.9853103683578823 6
1751011542752 0.9846374957807409 7
1751011543390 0.9872221945830263 8
1751011544020 0.9872149002798859 9
1751011544649 0.9896824328194728 10
1751011545277 0.9881728231055955 11
1751011545908 0.9887155537592198 12
1751011546540 0.9903476526181326 13
1751011547174 0.990209923967465 14
1751011547803 0.9903443573200006 15
1751011548434 0.990615349372007 16
1751011549064 0.9925184211887245 17
1751011549699 0.9930647101779483 18
1751011550332 0.9915716931065421 19
1751011550965 0.9918514467022169 20
1751011551598 0.9915679630363454 21
1751011552228 0.9936096369404951 22
1751011552860 0.9923832194291422 23
1751011553493 0.9946954476467216 24
1751011554128 0.9936091433531931 25
1751011554758 0.9922574216838 26
1751011555394 0.9940228413823122 27
1751011556028 0.9955126591652819 28
1751011556662 0.9963287068250631 29
1751011557298 0.9953755768052662 30
1751011557933 0.9951040154739502 31
1751011558570 0.9947045558035766 32
1751011559205 0.9944235242619598 33
1751011559845 0.9952399322661352 34
1751011560484 0.9923853285821126 35
1751011561120 0.9937424792851783 36
1751011561758 0.9960559019336939 37
1751011562396 0.9957899503369328 38
1751011563036 0.9951022409643706 39
1751011563673 0.9948314504313034 40
1751011564313 0.9959197907945344 41
1751011564954 0.9970134673849048 42
1751011565595 0.9956476257911241 43
1751011566234 0.9948368698285263 44
1751011566875 0.995372789216959 45
1751011567519 0.995647731584912 46
1751011568166 0.9959194776931447 47
1751011568809 0.9961938052154998 48
1751011569455 0.9957850326289669 49
1751011569691 0.9957850326289669 0
1751011538389 0.8573333254728379 0
1751011569691 0.9957850326289669 0
