1751011538368 0.8541893362350381 0
1751011538967 0.955114254624592 1
1751011539585 0.970620239390642 2
1751011540210 0.9770130576713819 3
1751011540830 0.9808215451577802 4
1751011541461 0.9823177366702938 5
1751011542093 0.985310119695321 6
1751011542725 0.9846300326441785 7
1751011543363 0.9872143634385201 8
1751011543994 0.9872143634385201 9
1751011544623 0.9896626768226333 10
1751011545252 0.9881664853101197 11
1751011545882 0.9887105549510338 12
1751011546514 0.9903427638737758 13
1751011547147 0.9902067464635473 14
1751011547777 0.9903427638737758 15
1751011548408 0.9906147986942329 16
1751011549037 0.9925190424374319 17
1751011549672 0.9930631120783461 18
1751011550305 0.9915669205658324 19
1751011550938 0.9918389553862894 20
1751011551571 0.9915669205658324 21
1751011552202 0.9936071817192601 22
1751011552834 0.9923830250272034 23
1751011553467 0.9946953210010882 24
1751011554102 0.9936071817192601 25
1751011554731 0.9922470076169749 26
1751011555368 0.9940152339499456 27
1751011556001 0.9955114254624592 28
1751011556635 0.9963275299238302 29
1751011557272 0.9953754080522307 30
1751011557906 0.9951033732317737 31
1751011558543 0.9946953210010882 32
1751011559178 0.9944232861806311 33
1751011559817 0.9952393906420022 34
1751011560457 0.9923830250272034 35
1751011561093 0.9937431991294886 36
1751011561731 0.9960554951033732 37
1751011562368 0.9957834602829162 38
1751011563009 0.9951033732317737 39
1751011563646 0.9948313384113167 40
1751011564286 0.9959194776931447 41
1751011564927 0.9970076169749728 42
1751011565568 0.9956474428726877 43
1751011566207 0.9948313384113167 44
1751011566848 0.9953754080522307 45
1751011567489 0.9956474428726877 46
1751011568138 0.9959194776931447 47
1751011568781 0.9961915125136017 48
1751011569428 0.9957834602829162 49
1751011569691 0.9957834602829162 0
1751011538368 0.8541893362350381 0
1751011569691 0.9957834602829162 0
