1750949675635 0.8584058759521219 0
1750949676244 0.9597388465723613 1
1750949676866 0.9707562568008705 2
1750949677486 0.9774211099020674 3
1750949678110 0.9779651795429815 4
1750949678738 0.9828618063112078 5
1750949679370 0.9810935799782372 6
1750949680005 0.9836779107725789 7
1750949680640 0.9838139281828074 8
1750949681269 0.9849020674646355 9
1750949681899 0.9865342763873776 10
1750949682530 0.9859902067464635 11
1750949683160 0.9872143634385201 12
1750949683789 0.9877584330794341 13
1750949684419 0.986126224156692 14
1750949685052 0.9885745375408053 15
1750949685690 0.9857181719260065 16
1750949686322 0.9904787812840044 17
1750949686954 0.9872143634385201 18
1750949687588 0.9895266594124048 19
1750949688221 0.9899347116430903 20
1750949688853 0.9884385201305768 21
1750949689489 0.9889825897714908 22
1750949690125 0.9888465723612623 23
1750949690761 0.9910228509249184 24
1750949691397 0.9927910772578891 25
1750949692033 0.9941512513601741 26
1750949692669 0.9926550598476604 27
1750949693306 0.9915669205658324 28
1750949693941 0.9930631120783461 29
1750949694581 0.9936071817192601 30
1750949695221 0.9884385201305768 31
1750949695860 0.9919749727965179 32
1750949696499 0.9921109902067464 33
1750949697139 0.9912948857453754 34
1750949697780 0.9904787812840044 35
1750949697982 0.9904787812840044 0
1750949675635 0.8584058759521219 0
1750949697982 0.9904787812840044 0
