1750949675592 0.8584058759521219 0
1750949676193 0.9597388465723613 1
1750949676814 0.9707562568008705 2
1750949677435 0.9774211099020674 3
1750949678058 0.9779651795429815 4
1750949678687 0.9828618063112078 5
1750949679318 0.9810935799782372 6
1750949679953 0.9836779107725789 7
1750949680588 0.9838139281828074 8
1750949681217 0.9849020674646355 9
1750949681847 0.9865342763873776 10
1750949682478 0.9859902067464635 11
1750949683108 0.9872143634385201 12
1750949683737 0.9877584330794341 13
1750949684367 0.986126224156692 14
1750949684999 0.9885745375408053 15
1750949685636 0.9857181719260065 16
1750949686270 0.9904787812840044 17
1750949686902 0.9872143634385201 18
1750949687535 0.9895266594124048 19
1750949688168 0.9899347116430903 20
1750949688801 0.9884385201305768 21
1750949689435 0.9889825897714908 22
1750949690072 0.9888465723612623 23
1750949690708 0.9910228509249184 24
1750949691344 0.9927910772578891 25
1750949691979 0.9941512513601741 26
1750949692617 0.9926550598476604 27
1750949693252 0.9915669205658324 28
1750949693887 0.9930631120783461 29
1750949694528 0.9936071817192601 30
1750949695167 0.9884385201305768 31
1750949695806 0.9919749727965179 32
1750949696445 0.9921109902067464 33
1750949697086 0.9912948857453754 34
1750949697726 0.9904787812840044 35
1750949697982 0.9904787812840044 0
1750949675592 0.8584058759521219 0
1750949697982 0.9904787812840044 0
