1750949675572 0.5914660515638638 0
1750949676168 0.16649726780700994 1
1750949676788 0.1046622289958794 2
1750949677409 0.08061217606448699 3
1750949678033 0.0719886227299067 4
1750949678661 0.060764090602931704 5
1750949679292 0.05774849264905813 6
1750949679927 0.05395947594572592 7
1750949680562 0.05150047022042648 8
1750949681191 0.047693664250617704 9
1750949681821 0.044637786866985545 10
1750949682452 0.045067885422408256 11
1750949683082 0.04382436430655314 12
1750949683711 0.03843489749979337 13
1750949684340 0.044396462097310005 14
1750949684973 0.037878598773627016 15
1750949685610 0.038349169825322285 16
1750949686243 0.03151684894172781 17
1750949686876 0.040360278809712685 18
1750949687508 0.033651414602970595 19
1750949688141 0.0350033051067795 20
1750949688775 0.04043095921074021 21
1750949689409 0.034177515935456794 22
1750949690045 0.03385246283110227 23
1750949690681 0.02974185106872507 24
1750949691317 0.024463448125232615 25
1750949691953 0.02393162418136594 26
1750949692590 0.0299797071446994 27
1750949693226 0.0299876648654008 28
1750949693861 0.027515479509431923 29
1750949694500 0.022430596416116864 30
1750949695140 0.034203398442736975 31
1750949695779 0.03048060822449584 32
1750949696418 0.028068006583119583 33
1750949697058 0.029030976453198118 34
1750949697699 0.029158775765606902 35
1750949697982 0.029158775765606902 0
1750949675572 0.5914660515638638 0
1750949697982 0.029158775765606902 0
