1750949675657 0.8561046471970911 0
1750949676270 0.9596899153986689 1
1750949676891 0.9707419838295132 2
1750949677512 0.9774093633061757 3
1750949678135 0.9779654684813242 4
1750949678764 0.9828600278993191 5
1750949679395 0.981088343439752 6
1750949680030 0.9836786891754418 7
1750949680666 0.9838129506980605 8
1750949681295 0.9849087791862063 9
1750949681925 0.9865344421362198 10
1750949682556 0.9859878298783314 11
1750949683186 0.9872156200991724 12
1750949683815 0.9877566055547166 13
1750949684445 0.9861281003026056 14
1750949685078 0.9885720804840249 15
1750949685715 0.9857179955071851 16
1750949686348 0.9904787812840044 17
1750949686981 0.9872146745684038 18
1750949687614 0.9895275297313413 19
1750949688247 0.9899335438246326 20
1750949688880 0.988436890056867 21
1750949689515 0.9889850655797112 22
1750949690152 0.9888431739662669 23
1750949690787 0.9910230693778156 24
1750949691424 0.9927911659921176 25
1750949692059 0.9941511086283698 26
1750949692696 0.9926552133993289 27
1750949693333 0.9915629763912589 28
1750949693968 0.9930629412281258 29
1750949694608 0.993605534526585 30
1750949695248 0.9884397865387309 31
1750949695887 0.991974999890467 32
1750949696526 0.9921113357529016 33
1750949697166 0.9912936040719248 34
1750949697807 0.9904762934903771 35
1750949697982 0.9904762934903771 0
1750949675657 0.8561046471970911 0
1750949697982 0.9904762934903771 0
