1750949675613 0.8578349554959552 0
1750949676219 0.9597046251858147 1
1750949676840 0.9707408553644762 2
1750949677461 0.9773987923333891 3
1750949678084 0.9779663816862729 4
1750949678712 0.9828629718547275 5
1750949679344 0.9810877829342475 6
1750949679979 0.9836819607657062 7
1750949680614 0.9838148178965318 8
1750949681243 0.9849183942354997 9
1750949681873 0.9865347064424642 10
1750949682504 0.9859866355729706 11
1750949683134 0.987225000890645 12
1750949683763 0.987755477117302 13
1750949684393 0.9861378798882281 14
1750949685026 0.9885709417232192 15
1750949685663 0.9857179175007977 16
1750949686296 0.9904787812840044 17
1750949686928 0.9872153806811621 18
1750949687561 0.9895309973068354 19
1750949688195 0.9899395484360067 20
1750949688828 0.9884410433258923 21
1750949689462 0.9889897618154517 22
1750949690098 0.9888408690186294 23
1750949690734 0.991023687132853 24
1750949691370 0.9927913550579262 25
1750949692006 0.9941515012605328 26
1750949692643 0.9926558874325483 27
1750949693279 0.9915630996052764 28
1750949693914 0.9930649916708765 29
1750949694555 0.993606030036191 30
1750949695194 0.9884579946030947 31
1750949695833 0.9919752310698811 32
1750949696472 0.9921127077999177 33
1750949697112 0.9912957355454386 34
1750949697752 0.9904774144410456 35
1750949697982 0.9904774144410456 0
1750949675613 0.8578349554959552 0
1750949697982 0.9904774144410456 0
