1750855695656 1.1270747221722566 0
1750855696111 0.6401192884126088 1
1750855696574 0.42716682025345937 2
1750855697037 0.31104296081019434 3
1750855697501 0.23814703644100288 4
1750855697964 0.19577334829331483 5
1750855698427 0.16619670801310596 6
1750855698893 0.14393957189494042 7
1750855699356 0.13075233622980065 8
1750855699820 0.1142580951113047 9
1750855700285 0.10235642049141366 10
1750855700748 0.09220019596607563 11
1750855701213 0.08359043116927536 12
1750855701677 0.07873153059223466 13
1750855702142 0.07234977171943807 14
1750855702606 0.07288147153999652 15
1750855703071 0.06649420613076404 16
1750855703536 0.06244154771033906 17
1750855704000 0.059169505448187006 18
1750855704465 0.054100258040755696 19
1750855704930 0.05042469059649178 20
1750855705397 0.04888028060455966 21
1750855705864 0.04713029289360729 22
1750855706330 0.042605689723729696 23
1750855706798 0.039954642994254344 24
1750855707265 0.03977395502710563 25
1750855707731 0.04122156631383919 26
1750855708198 0.03989509285870489 27
1750855708665 0.034232999636437965 28
1750855709131 0.031105751862852825 29
1750855709598 0.03195139731182205 30
1750855710065 0.03287162314705202 31
1750855710532 0.031778989080035645 32
1750855710999 0.03206068707703004 33
1750855711466 0.02761821689031475 34
1750855711934 0.029604494383191775 35
1750855712400 0.026371410134287957 36
1750855712869 0.022591905967333435 37
1750855713337 0.025140964513760106 38
1750855713806 0.022864156434316517 39
1750855714274 0.02346297062227099 40
1750855714740 0.021994071239879166 41
1750855715210 0.021021728108584336 42
1750855715679 0.01993921944609072 43
1750855716147 0.0173297905706688 44
1750855716616 0.020831331554435444 45
1750855717085 0.018138544011244935 46
1750855717555 0.01743106992919833 47
1750855718023 0.020929921254256214 48
1750855718493 0.015852512271240782 49
1750855718963 0.021525899413213038 50
1750855719434 0.017422097910426645 51
1750855719906 0.020270152527725443 52
1750855720376 0.0173261465291443 53
1750855720847 0.016024405547514987 54
1750855721318 0.014396331780673724 55
1750855721787 0.014517137391509952 56
1750855722257 0.0210760965802346 57
1750855722728 0.01189502406388043 58
1750855723200 0.012761890881500279 59
1750855695656 1.1270747221722566 0
