1751012949230 0.6174369624636508 0
1751012949830 0.17953829579987646 1
1751012950451 0.10785037696653403 2
1751012951076 0.07889315528112086 3
1751012951701 0.06653366592571837 4
1751012952330 0.06191025260467005 5
1751012952964 0.05495702105212523 6
1751012953598 0.055313543354741763 7
1751012954229 0.04597031667836667 8
1751012954859 0.04500474248353039 9
1751012955492 0.03970002416638866 10
1751012956121 0.03873609547767792 11
1751012956761 0.03894519134828977 12
1751012957399 0.04165383567577542 13
1751012958031 0.03534009983363816 14
1751012958663 0.03495502923498735 15
1751012959303 0.033101607258994054 16
1751012959935 0.03569992954647158 17
1751012960567 0.038833495851715576 18
1751012961201 0.02825495708223039 19
1751012961844 0.030063064272340154 20
1751012962478 0.028171383792998612 21
1751012963112 0.029293097977215368 22
1751012963746 0.025419804981278337 23
1751012964387 0.022575938035414776 24
1751012965024 0.029267589170465468 25
1751012965661 0.030562913780008423 26
1751012966298 0.023909348081918972 27
1751012966938 0.025022191167793868 28
1751012967582 0.02052720996497505 29
1751012968221 0.019655870809295782 30
1751012968869 0.021747449700749998 31
1751012969513 0.02218064879674274 32
1751012970159 0.01795172493730523 33
1751012970809 0.01665570396348283 34
1751012971452 0.01893716674375067 35
1751012972093 0.018932418766004867 36
1751012972739 0.02449328678338844 37
1751012973384 0.02362831842212029 38
1751012974032 0.017070908929141274 39
1751012974721 0.029948504033100197 40
1751012975355 0.017269802245821184 41
1751012975998 0.017666365689333524 42
1751012976650 0.016420155638976832 43
1751012977302 0.01587998277636425 44
1751012977949 0.028182532837952894 45
1751012978593 0.021184175762715744 46
1751012979239 0.022061343694975248 47
1751012979886 0.019745683623579157 48
1751012980533 0.014777226468306988 49
1751012981188 0.012556158808304222 50
1751012981836 0.017503736084387905 51
1751012982483 0.014390670760282364 52
1751012983133 0.015244491101912465 53
1751012983790 0.013512046476653793 54
1751012984439 0.01290411878756214 55
1751012985086 0.015369446022421835 56
1751012985736 0.020266079423914667 57
1751012986390 0.020548892157533336 58
1751012986691 0.020548892157533336 0
1751012949230 0.6174369624636508 0
1751012986691 0.020548892157533336 0
