1751012949295 0.8516050054406964 0
1751012949908 0.9578346028291621 1
1751012950530 0.971436343852013 2
1751012951156 0.9774211099020674 3
1751012951780 0.9805495103373232 4
1751012952409 0.9806855277475517 5
1751012953042 0.9828618063112078 6
1751012953676 0.9827257889009793 7
1751012954308 0.9862622415669206 8
1751012954938 0.986126224156692 9
1751012955571 0.9873503808487486 10
1751012956201 0.9881664853101197 11
1751012956845 0.9873503808487486 12
1751012957480 0.9877584330794341 13
1751012958111 0.9888465723612623 14
1751012958745 0.9893906420021763 15
1751012959382 0.9883025027203483 16
1751012960015 0.9891186071817193 17
1751012960648 0.9883025027203483 18
1751012961283 0.9907508161044614 19
1751012961925 0.9912948857453754 20
1751012962559 0.9915669205658324 21
1751012963192 0.9896626768226333 22
1751012963831 0.9921109902067464 23
1751012964468 0.9934711643090316 24
1751012965106 0.9907508161044614 25
1751012965743 0.9922470076169749 26
1751012966381 0.9929270946681176 27
1751012967020 0.9918389553862894 28
1751012967665 0.9944232861806311 29
1751012968303 0.9937431991294886 30
1751012968951 0.9945593035908596 31
1751012969596 0.9941512513601741 32
1751012970243 0.9949673558215452 33
1751012970893 0.9953754080522307 34
1751012971535 0.9946953210010882 35
1751012972177 0.9940152339499456 36
1751012972822 0.9942872687704026 37
1751012973468 0.9934711643090316 38
1751012974116 0.9948313384113167 39
1751012974801 0.9899347116430903 40
1751012975438 0.9949673558215452 41
1751012976084 0.9948313384113167 42
1751012976734 0.9957834602829162 43
1751012977388 0.9948313384113167 44
1751012978032 0.9926550598476604 45
1751012978678 0.9949673558215452 46
1751012979324 0.9938792165397171 47
1751012979972 0.9941512513601741 48
1751012980618 0.9965995647442872 49
1751012981271 0.9974156692056583 50
1751012981921 0.9960554951033732 51
1751012982568 0.9957834602829162 52
1751012983218 0.9957834602829162 53
1751012983875 0.9968715995647442 54
1751012984524 0.9971436343852013 55
1751012985171 0.9964635473340587 56
1751012985824 0.9944232861806311 57
1751012986476 0.9933351468988031 58
1751012986691 0.9933351468988031 0
1751012949295 0.8516050054406964 0
1751012986691 0.9933351468988031 0
