1751012949320 0.8500186865604792 0
1751012949934 0.9577545278410385 1
1751012950556 0.9714103121535183 2
1751012951182 0.9774137349306478 3
1751012951806 0.9805513928368481 4
1751012952435 0.9806847922199935 5
1751012953069 0.982860286962146 6
1751012953702 0.982725138854613 7
1751012954334 0.9862630293033753 8
1751012954964 0.9861255017212515 9
1751012955598 0.9873499254539994 10
1751012956228 0.988166912218178 11
1751012956873 0.9873511075296806 12
1751012957506 0.9877583631077224 13
1751012958137 0.9888465723612623 14
1751012958772 0.9893916992860735 15
1751012959409 0.9883035617366809 16
1751012960042 0.9891190990340818 17
1751012960674 0.988303444430063 18
1751012961310 0.9907502588377564 19
1751012961951 0.9912944575449645 20
1751012962586 0.9915669205658324 21
1751012963219 0.9896629283744542 22
1751012963859 0.9921111821805045 23
1751012964496 0.9934716742415813 24
1751012965133 0.9907448267154714 25
1751012965770 0.992245928412968 26
1751012966409 0.9929273729567754 27
1751012967047 0.9918392476626542 28
1751012967692 0.9944232159556634 29
1751012968332 0.9937436836388687 30
1751012968979 0.9945592940826926 31
1751012969624 0.994151822720376 32
1751012970271 0.9949688041629816 33
1751012970921 0.9953752902699101 34
1751012971562 0.994695512373666 35
1751012972205 0.9940152339499456 36
1751012972850 0.9942870146637184 37
1751012973497 0.9934707534200923 38
1751012974144 0.9948316981547188 39
1751012974829 0.9899318522933551 40
1751012975466 0.9949674177680822 41
1751012976112 0.9948324217988911 42
1751012976766 0.9957836123995807 43
1751012977416 0.9948309258992906 44
1751012978060 0.9926552372086072 45
1751012978706 0.9949670341059088 46
1751012979353 0.9938762090974566 47
1751012980000 0.9941511777095983 48
1751012980646 0.996599521924185 49
1751012981299 0.9974156366623805 50
1751012981949 0.9960558918215171 51
1751012982596 0.995783555598704 52
1751012983246 0.9957834670052799 53
1751012983903 0.9968717124254953 54
1751012984552 0.9971435240480547 55
1751012985200 0.9964637550512827 56
1751012985853 0.9944207032570106 57
1751012986505 0.9933337938524818 58
1751012986691 0.9933337938524818 0
1751012949320 0.8500186865604792 0
1751012986691 0.9933337938524818 0
