1751012949273 0.8511827769535536 0
1751012949882 0.957739473853504 1
1751012950504 0.9713935516666171 2
1751012951130 0.9774107081969187 3
1751012951754 0.98055922143199 4
1751012952383 0.9806946033589805 5
1751012953016 0.9828647095701565 6
1751012953650 0.9827254913318713 7
1751012954282 0.9862664128430463 8
1751012954911 0.9861263547386292 9
1751012955545 0.9873626139090588 10
1751012956174 0.9881682302272508 11
1751012956817 0.9873543054217092 12
1751012957453 0.9877743127795168 13
1751012958085 0.9888465723612623 14
1751012958718 0.9894009245067144 15
1751012959356 0.9883109586195061 16
1751012959988 0.989122196216009 17
1751012960621 0.988310605683941 18
1751012961256 0.9907574628379828 19
1751012961898 0.9912961583195188 20
1751012962532 0.9915669205658324 21
1751012963165 0.9896635776858206 22
1751012963804 0.9921117746904788 23
1751012964441 0.9934772427566754 24
1751012965079 0.9907405751920471 25
1751012965716 0.9922482793204842 26
1751012966352 0.9929297341074876 27
1751012966992 0.9918405730382609 28
1751012967637 0.9944232465349481 29
1751012968276 0.9937481619515923 30
1751012968923 0.9945602173454352 31
1751012969569 0.9941550332037145 32
1751012970215 0.9949746073704948 33
1751012970864 0.9953755768052662 34
1751012971507 0.9946966115055006 35
1751012972148 0.9940152339499456 36
1751012972795 0.994287338500217 37
1751012973440 0.9934724533469272 38
1751012974089 0.9948356898454933 39
1751012974775 0.9899334326294769 40
1751012975410 0.9949675806633043 41
1751012976055 0.9948344256622678 42
1751012976706 0.9957846750518756 43
1751012977360 0.9948341474665279 44
1751012978004 0.9926569271969159 45
1751012978649 0.9949676228226101 46
1751012979296 0.9938801383889496 47
1751012979943 0.9941512047861192 48
1751012980590 0.9965995805255785 49
1751012981244 0.9974157057720651 50
1751012981893 0.9960644875225941 51
1751012982539 0.9957841745855762 52
1751012983190 0.9957835980918425 53
1751012983847 0.9968727385982505 54
1751012984496 0.997144327987449 55
1751012985143 0.9964668536814876 56
1751012985794 0.9944199764590247 57
1751012986448 0.9933328778982418 58
1751012986691 0.9933328778982418 0
1751012949273 0.8511827769535536 0
1751012986691 0.9933328778982418 0
