1750855903931 1.1629512496170982 0
1750855904384 0.6838307852195059 1
1750855904846 0.47189965539321027 2
1750855905307 0.3571189491805885 3
1750855905770 0.2799789096766898 4
1750855906232 0.23007374591679516 5
1750855906695 0.1958319819790754 6
1750855907161 0.16852279763032355 7
1750855907625 0.15010855081810395 8
1750855908089 0.13466676205429082 9
1750855908551 0.123606321297513 10
1750855909014 0.10965751938448896 11
1750855909479 0.10163915083541963 12
1750855909942 0.09427322761051284 13
1750855910404 0.08641268304823792 14
1750855910869 0.08401546143684475 15
1750855911333 0.08178316560595157 16
1750855911797 0.07396232740501585 17
1750855912266 0.06758283847239643 18
1750855912728 0.06539454150608497 19
1750855913193 0.06476659860393039 20
1750855913658 0.057268276121528155 21
1750855914122 0.05659131422006526 22
1750855914588 0.059650033897840876 23
1750855915053 0.055985077102876334 24
1750855915535 0.04826987558880556 25
1750855916018 0.047933007471903884 26
1750855916499 0.04441150733785576 27
1750855916980 0.04333312235269959 28
1750855917461 0.038345949689353995 29
1750855917943 0.043238056112198366 30
1750855918425 0.043855809477908826 31
1750855918907 0.03599170863504752 32
1750855919379 0.03657074020699202 33
1750855919846 0.03380624721560453 34
1750855920313 0.03683349550970231 35
1750855920781 0.0349024151177252 36
1750855921248 0.03341335407838274 37
1750855921716 0.03225427019228435 38
1750855922181 0.03084642790821386 39
1750855922648 0.030286733512548777 40
1750855923116 0.0291251816966199 41
1750855923581 0.030012282404807418 42
1750855924047 0.026218389192093426 43
1750855924523 0.023227519089567866 44
1750855924994 0.02787529332669689 45
1750855925463 0.030948653300591746 46
1750855925932 0.028811270514983476 47
1750855926404 0.027598818398250007 48
1750855926873 0.024355491923504752 49
1750855927344 0.02477369399617656 50
1750855927812 0.021166983291975975 51
1750855903931 1.1629512496170982 0
